LECROYWM8500,500500138,Waveform
Segments,1,SegmentSize,2002
Segment,TrigTime,TimeSinceSegment1
#1,21-Mar-2024 17:00:39,0                 
Time,Ampl
-2.45e-008,0.000152452
-2.44e-008,0.0001456
-2.43e-008,0.000154165
-2.42e-008,0.000140462
-2.41e-008,0.000114767
-2.4e-008,0.00010449
-2.39e-008,0.000102777
-2.38e-008,0.000143888
-2.37e-008,0.000178146
-2.36e-008,0.000196989
-2.35e-008,0.000210692
-2.34e-008,0.000215831
-2.33e-008,0.000219257
-2.32e-008,0.000212405
-2.31e-008,0.000210692
-2.3e-008,0.000196989
-2.29e-008,0.000173008
-2.28e-008,0.000178146
-2.27e-008,0.000171295
-2.26e-008,0.000181572
-2.25e-008,0.000188424
-2.24e-008,0.000193563
-2.23e-008,0.000184998
-2.22e-008,0.000164443
-2.21e-008,0.000161017
-2.2e-008,0.000184998
-2.19e-008,0.000188424
-2.18e-008,0.000196989
-2.17e-008,0.000207267
-2.16e-008,0.000184998
-2.15e-008,0.000173008
-2.14e-008,0.000176434
-2.13e-008,0.000173008
-2.12e-008,0.000190137
-2.11e-008,0.000227822
-2.1e-008,0.000251803
-2.09e-008,0.000263794
-2.08e-008,0.000280923
-2.07e-008,0.000260368
-2.06e-008,0.000243238
-2.05e-008,0.000236387
-2.04e-008,0.000256942
-2.03e-008,0.000291201
-2.02e-008,0.000328886
-2.01e-008,0.000349441
-2e-008,0.000352867
-1.99e-008,0.000351154
-1.98e-008,0.00029634
-1.97e-008,0.000222683
-1.96e-008,0.000178146
-1.95e-008,0.00016273
-1.94e-008,0.000183285
-1.93e-008,0.000244951
-1.92e-008,0.00029634
-1.91e-008,0.000339163
-1.9e-008,0.000361432
-1.89e-008,0.000344302
-1.88e-008,0.000311756
-1.87e-008,0.00029634
-1.86e-008,0.000292914
-1.85e-008,0.000328886
-1.84e-008,0.000363145
-1.83e-008,0.00040083
-1.82e-008,0.000435089
-1.81e-008,0.000457357
-1.8e-008,0.000465922
-1.79e-008,0.000455644
-1.78e-008,0.00042995
-1.77e-008,0.000385413
-1.76e-008,0.00032546
-1.75e-008,0.00026722
-1.74e-008,0.000222683
-1.73e-008,0.000196989
-1.72e-008,0.000186711
-1.71e-008,0.000200415
-1.7e-008,0.000229535
-1.69e-008,0.000256942
-1.68e-008,0.000306617
-1.67e-008,0.000339163
-1.66e-008,0.000356293
-1.65e-008,0.000351154
-1.64e-008,0.000339163
-1.63e-008,0.000332312
-1.62e-008,0.000311756
-1.61e-008,0.000289488
-1.6e-008,0.000272359
-1.59e-008,0.000253516
-1.58e-008,0.000224396
-1.57e-008,0.000231248
-1.56e-008,0.000210692
-1.55e-008,0.000188424
-1.54e-008,0.000169582
-1.53e-008,0.000166156
-1.52e-008,0.000188424
-1.51e-008,0.000217544
-1.5e-008,0.000244951
-1.49e-008,0.00027921
-1.48e-008,0.000272359
-1.47e-008,0.000226109
-1.46e-008,0.000174721
-1.45e-008,0.000101064
-1.44e-008,6.85179e-005
-1.43e-008,9.07862e-005
-1.42e-008,0.000111342
-1.41e-008,0.000183285
-1.4e-008,0.000234674
-1.39e-008,0.000263794
-1.38e-008,0.000284349
-1.37e-008,0.000306617
-1.36e-008,0.000322034
-1.35e-008,0.000340876
-1.34e-008,0.00032546
-1.33e-008,0.000292914
-1.32e-008,0.000256942
-1.31e-008,0.000246664
-1.3e-008,0.00022097
-1.29e-008,0.000190137
-1.28e-008,0.000176434
-1.27e-008,0.0001456
-1.26e-008,0.000131897
-1.25e-008,0.000119906
-1.24e-008,0.00013361
-1.23e-008,0.000203841
-1.22e-008,0.000299766
-1.21e-008,0.000393978
-1.2e-008,0.000445366
-1.19e-008,0.000476199
-1.18e-008,0.000484764
-1.17e-008,0.000435089
-1.16e-008,0.000364858
-1.15e-008,0.000268933
-1.14e-008,0.000202128
-1.13e-008,0.000155878
-1.12e-008,0.00016273
-1.11e-008,0.000186711
-1.1e-008,0.000253516
-1.09e-008,0.000330599
-1.08e-008,0.000438514
-1.07e-008,0.000536152
-1.06e-008,0.000628652
-1.05e-008,0.000707447
-1.04e-008,0.000748558
-1.03e-008,0.000750271
-1.02e-008,0.000714299
-1.01e-008,0.000669762
-1e-008,0.000654346
-9.9e-009,0.000668049
-9.8e-009,0.000712586
-9.7e-009,0.000798233
-9.6e-009,0.000839344
-9.5e-009,0.000873603
-9.4e-009,0.000885594
-9.3e-009,0.000894158
-9.2e-009,0.000911288
-9.1e-009,0.000936982
-9e-009,0.000996935
-8.9e-009,0.00106203
-8.8e-009,0.00109629
-8.7e-009,0.00110656
-8.6e-009,0.00105346
-8.5e-009,0.000950686
-8.4e-009,0.000837631
-8.3e-009,0.000757123
-8.2e-009,0.000693743
-8.1e-009,0.00070916
-8e-009,0.000765687
-7.9e-009,0.000832492
-7.8e-009,0.000894158
-7.7e-009,0.000909575
-7.6e-009,0.000877029
-7.5e-009,0.000811937
-7.4e-009,0.000693743
-7.3e-009,0.000532726
-7.2e-009,0.000381987
-7.1e-009,0.000243238
-7e-009,0.000143888
-6.9e-009,0.000161017
-6.8e-009,0.000248377
-6.7e-009,0.000392265
-6.6e-009,0.000525875
-6.5e-009,0.000611522
-6.4e-009,0.000618374
-6.3e-009,0.00051731
-6.2e-009,0.000366571
-6.1e-009,0.000193563
-6e-009,6.16661e-005
-5.9e-009,-1.71295e-006
-5.8e-009,-2.05554e-005
-5.7e-009,-7.19438e-005
-5.6e-009,-0.000178146
-5.5e-009,-0.000358006
-5.4e-009,-0.000590967
-5.3e-009,-0.000775965
-5.2e-009,-0.000736567
-5.1e-009,-0.000368284
-5e-009,0.000402543
-4.9e-009,0.00156392
-4.8e-009,0.00301993
-4.7e-009,0.00461639
-4.6e-009,0.00619744
-4.5e-009,0.00769627
-4.4e-009,0.00904779
-4.3e-009,0.0102999
-4.2e-009,0.0114168
-4.1e-009,0.0124223
-4e-009,0.0132582
-3.9e-009,0.0138492
-3.8e-009,0.0141284
-3.7e-009,0.0139896
-3.6e-009,0.0134364
-3.5e-009,0.0124805
-3.4e-009,0.0111975
-3.3e-009,0.00967301
-3.2e-009,0.00806455
-3.1e-009,0.0065229
-3e-009,0.0052125
-2.9e-009,0.00418987
-2.8e-009,0.00348585
-2.7e-009,0.00312955
-2.6e-009,0.00307988
-2.5e-009,0.00328543
-2.4e-009,0.00365714
-2.3e-009,0.0041282
-2.2e-009,0.00466264
-2.1e-009,0.00522106
-2e-009,0.00580518
-1.9e-009,0.00642355
-1.8e-009,0.00709845
-1.7e-009,0.00781275
-1.6e-009,0.00855617
-1.5e-009,0.00925163
-1.4e-009,0.00984259
-1.3e-009,0.0102743
-1.2e-009,0.0105723
-1.1e-009,0.0107436
-1e-009,0.0108361
-9e-010,0.0108532
-8e-010,0.0107984
-7e-010,0.0105946
-6e-010,0.0101715
-5e-010,0.00948287
-4e-010,0.00852705
-3e-010,0.0073434
-2e-010,0.00602786
-1e-010,0.00470547
4.138488e-023,0.00355265
1e-010,0.0026859
2e-010,0.00213262
3e-010,0.00196818
4e-010,0.00212748
5e-010,0.00253174
6e-010,0.00306104
7e-010,0.00366228
8e-010,0.00429264
9e-010,0.00492472
1e-009,0.00555166
1.1e-009,0.00618716
1.2e-009,0.00679012
1.3e-009,0.00737938
1.4e-009,0.00792581
1.5e-009,0.00846024
1.6e-009,0.00895186
1.7e-009,0.00935098
1.8e-009,0.00960792
1.9e-009,0.00966959
2e-009,0.00949486
2.1e-009,0.00914028
2.2e-009,0.00861098
2.3e-009,0.00794122
2.4e-009,0.0071584
2.5e-009,0.00626939
2.6e-009,0.0052793
2.7e-009,0.0042464
2.8e-009,0.00322377
2.9e-009,0.0022885
3e-009,0.00152966
3.1e-009,0.000996935
3.2e-009,0.000702308
3.3e-009,0.00065092
3.4e-009,0.000820502
3.5e-009,0.00117166
3.6e-009,0.00171295
3.7e-009,0.00236044
3.8e-009,0.00309872
3.9e-009,0.00390038
4e-009,0.00472088
4.1e-009,0.0055174
4.2e-009,0.00630193
4.3e-009,0.00699396
4.4e-009,0.0075815
4.5e-009,0.00796863
4.6e-009,0.00818617
4.7e-009,0.00816904
4.8e-009,0.00794465
4.9e-009,0.00755752
5e-009,0.00701452
5.1e-009,0.00636188
5.2e-009,0.00559277
5.3e-009,0.00473287
5.4e-009,0.00383015
5.5e-009,0.0028572
5.6e-009,0.00192878
5.7e-009,0.00110314
5.8e-009,0.000380274
5.9e-009,-0.000147313
6e-009,-0.000479625
6.1e-009,-0.000578976
6.2e-009,-0.000445366
6.3e-009,-0.000111342
6.4e-009,0.000417959
6.5e-009,0.00111513
6.6e-009,0.00196304
6.7e-009,0.00289145
6.8e-009,0.003837
6.9e-009,0.0047894
7e-009,0.00565444
7.1e-009,0.00636188
7.2e-009,0.00694086
7.3e-009,0.00730572
7.4e-009,0.00751812
7.5e-009,0.00753354
7.6e-009,0.00737424
7.7e-009,0.0069991
7.8e-009,0.00644411
7.9e-009,0.00571953
8e-009,0.00487676
8.1e-009,0.0039432
8.2e-009,0.00297368
8.3e-009,0.00202813
8.4e-009,0.00115624
8.5e-009,0.000380274
8.6e-009,-0.000272359
8.7e-009,-0.000712586
8.8e-009,-0.000950686
8.9e-009,-0.00100379
9e-009,-0.000858186
9.1e-009,-0.000532726
9.2e-009,-0.000102777
9.3e-009,0.000462496
9.4e-009,0.00113568
9.5e-009,0.00184998
9.6e-009,0.00261396
9.7e-009,0.00336765
9.8e-009,0.00408195
9.9e-009,0.00468491
1e-008,0.00516967
1.01e-008,0.00549685
1.02e-008,0.00563902
1.03e-008,0.00562874
1.04e-008,0.00545745
1.05e-008,0.00513028
1.06e-008,0.00466949
1.07e-008,0.00412135
1.08e-008,0.00347386
1.09e-008,0.00277326
1.1e-008,0.00205382
1.11e-008,0.00133096
1.12e-008,0.000652633
1.13e-008,5.99531e-005
1.14e-008,-0.000431663
1.15e-008,-0.000818789
1.16e-008,-0.00114082
1.17e-008,-0.00136864
1.18e-008,-0.00149026
1.19e-008,-0.00147999
1.2e-008,-0.00134295
1.21e-008,-0.00102434
1.22e-008,-0.000532726
1.23e-008,9.7638e-005
1.24e-008,0.000810224
1.25e-008,0.0015742
1.26e-008,0.00239984
1.27e-008,0.00322377
1.28e-008,0.00397575
1.29e-008,0.00460611
1.3e-008,0.00505319
1.31e-008,0.00531014
1.32e-008,0.0053581
1.33e-008,0.00516282
1.34e-008,0.00480653
1.35e-008,0.00429264
1.36e-008,0.00367085
1.37e-008,0.00296169
1.38e-008,0.00224396
1.39e-008,0.00152966
1.4e-008,0.000853048
1.41e-008,0.000243238
1.42e-008,-0.000344302
1.43e-008,-0.000870177
1.44e-008,-0.00126415
1.45e-008,-0.00149883
1.46e-008,-0.00155364
1.47e-008,-0.00140462
1.48e-008,-0.00104832
1.49e-008,-0.000565272
1.5e-008,2.91201e-005
1.51e-008,0.000671475
1.52e-008,0.00136522
1.53e-008,0.00205725
1.54e-008,0.00272016
1.55e-008,0.00331798
1.56e-008,0.00387297
1.57e-008,0.00433547
1.58e-008,0.00471574
1.59e-008,0.00497782
1.6e-008,0.00509088
1.61e-008,0.00501208
1.62e-008,0.00476713
1.63e-008,0.00434746
1.64e-008,0.00378219
1.65e-008,0.00310557
1.66e-008,0.0023947
1.67e-008,0.00167697
1.68e-008,0.000984944
1.69e-008,0.000318608
1.7e-008,-0.00026722
1.71e-008,-0.000741706
1.72e-008,-0.00108772
1.73e-008,-0.00129841
1.74e-008,-0.00137036
1.75e-008,-0.00129327
1.76e-008,-0.00106888
1.77e-008,-0.000731428
1.78e-008,-0.000301479
1.79e-008,0.000241526
1.8e-008,0.000895871
1.81e-008,0.00159304
1.82e-008,0.00227137
1.83e-008,0.00288974
1.84e-008,0.00342247
1.85e-008,0.00382672
1.86e-008,0.00412649
1.87e-008,0.00433033
1.88e-008,0.00443482
1.89e-008,0.00444338
1.9e-008,0.00429607
1.91e-008,0.00397746
1.92e-008,0.0035064
1.93e-008,0.00292914
1.94e-008,0.00229021
1.95e-008,0.00164785
1.96e-008,0.00102434
1.97e-008,0.000455644
1.98e-008,-3.59719e-005
1.99e-008,-0.000462496
2e-008,-0.000818789
2.01e-008,-0.00105518
2.02e-008,-0.00116823
2.03e-008,-0.00114082
2.04e-008,-0.000971241
2.05e-008,-0.000661197
2.06e-008,-0.000227822
2.07e-008,0.000255229
2.08e-008,0.000770826
2.09e-008,0.00131726
2.1e-008,0.00186369
2.11e-008,0.00241526
2.12e-008,0.00291715
2.13e-008,0.00338307
2.14e-008,0.00377876
2.15e-008,0.00405626
2.16e-008,0.00417616
2.17e-008,0.00412135
2.18e-008,0.00394834
2.19e-008,0.0036246
2.2e-008,0.00321178
2.21e-008,0.002739
2.22e-008,0.00226623
2.23e-008,0.00181572
2.24e-008,0.00136522
2.25e-008,0.000948973
2.26e-008,0.000536152
2.27e-008,0.000154165
2.28e-008,-0.000176434
2.29e-008,-0.000419672
2.3e-008,-0.000561847
2.31e-008,-0.000561847
2.32e-008,-0.000448792
2.33e-008,-0.000198702
2.34e-008,0.000118193
2.35e-008,0.000529301
2.36e-008,0.000960963
2.37e-008,0.00142688
2.38e-008,0.0019048
2.39e-008,0.00238613
2.4e-008,0.00285206
2.41e-008,0.00327173
2.42e-008,0.00364686
2.43e-008,0.00395348
2.44e-008,0.00415561
2.45e-008,0.00424811
2.46e-008,0.00422755
2.47e-008,0.00409223
2.48e-008,0.00382501
2.49e-008,0.00346358
2.5e-008,0.0030302
2.51e-008,0.00254886
2.52e-008,0.00206068
2.53e-008,0.00159818
2.54e-008,0.00117166
2.55e-008,0.000781104
2.56e-008,0.000462496
2.57e-008,0.000196989
2.58e-008,1.02777e-005
2.59e-008,-7.53697e-005
2.6e-008,-3.93978e-005
2.61e-008,0.000111342
2.62e-008,0.000373422
2.63e-008,0.000724577
2.64e-008,0.0011374
2.65e-008,0.00160846
2.66e-008,0.0020898
2.67e-008,0.00260368
2.68e-008,0.00307474
2.69e-008,0.00348756
2.7e-008,0.00381131
2.71e-008,0.00405626
2.72e-008,0.00419329
2.73e-008,0.00424468
2.74e-008,0.00418816
2.75e-008,0.00402885
2.76e-008,0.00373594
2.77e-008,0.0033471
2.78e-008,0.00285034
2.79e-008,0.00232104
2.8e-008,0.0017729
2.81e-008,0.00125045
2.82e-008,0.000769113
2.83e-008,0.000337451
2.84e-008,-1.88424e-005
2.85e-008,-0.000299766
2.86e-008,-0.000464209
2.87e-008,-0.000536152
2.88e-008,-0.000496755
2.89e-008,-0.000381987
2.9e-008,-0.000186711
2.91e-008,7.53697e-005
2.92e-008,0.000387126
2.93e-008,0.000724577
2.94e-008,0.00108087
2.95e-008,0.00140633
2.96e-008,0.00170952
2.97e-008,0.00194933
2.98e-008,0.00214461
2.99e-008,0.00229535
3e-008,0.00241354
3.01e-008,0.00248206
3.02e-008,0.0025009
3.03e-008,0.00244438
3.04e-008,0.00230734
3.05e-008,0.00209151
3.06e-008,0.0018123
3.07e-008,0.00147313
3.08e-008,0.00108087
3.09e-008,0.000649207
3.1e-008,0.000217544
3.11e-008,-0.000229535
3.12e-008,-0.000587541
3.13e-008,-0.000916427
3.14e-008,-0.0011511
3.15e-008,-0.00128471
3.16e-008,-0.0013104
3.17e-008,-0.0012299
3.18e-008,-0.00109286
3.19e-008,-0.000885594
3.2e-008,-0.000618374
3.21e-008,-0.000301479
3.22e-008,4.45366e-005
3.23e-008,0.000424811
3.24e-008,0.000827353
3.25e-008,0.0011905
3.26e-008,0.0014954
3.27e-008,0.0016941
3.28e-008,0.00174207
3.29e-008,0.00167184
3.3e-008,0.00150397
3.31e-008,0.00130013
3.32e-008,0.00109115
3.33e-008,0.000883881
3.34e-008,0.000681753
3.35e-008,0.000426524
3.36e-008,0.000109629
3.37e-008,-0.00025009
3.38e-008,-0.000661197
3.39e-008,-0.00106374
3.4e-008,-0.00143374
3.41e-008,-0.00173179
3.42e-008,-0.00196132
3.43e-008,-0.00210692
3.44e-008,-0.00214118
3.45e-008,-0.00207609
3.46e-008,-0.00196989
3.47e-008,-0.00182429
3.48e-008,-0.00163073
3.49e-008,-0.00142517
3.5e-008,-0.00119735
3.51e-008,-0.000962676
3.52e-008,-0.000698882
3.53e-008,-0.000431663
3.54e-008,-0.000147313
3.55e-008,9.93509e-005
3.56e-008,0.000265507
3.57e-008,0.000361432
3.58e-008,0.000378561
3.59e-008,0.000313469
3.6e-008,0.000155878
3.61e-008,-8.90732e-005
3.62e-008,-0.000409394
3.63e-008,-0.000760548
3.64e-008,-0.0011374
3.65e-008,-0.00150397
3.66e-008,-0.00182771
3.67e-008,-0.00208808
3.68e-008,-0.00230391
3.69e-008,-0.00249576
3.7e-008,-0.00267905
3.71e-008,-0.0028315
3.72e-008,-0.00296169
3.73e-008,-0.00304562
3.74e-008,-0.00306789
3.75e-008,-0.00298738
3.76e-008,-0.00283321
3.77e-008,-0.00259854
3.78e-008,-0.00228336
3.79e-008,-0.00195276
3.8e-008,-0.0016136
3.81e-008,-0.00133267
3.82e-008,-0.0011117
3.83e-008,-0.00100207
3.84e-008,-0.000926704
3.85e-008,-0.000902723
3.86e-008,-0.000945547
3.87e-008,-0.000996935
3.88e-008,-0.00109971
3.89e-008,-0.00127101
3.9e-008,-0.00148512
3.91e-008,-0.00175234
3.92e-008,-0.00206581
3.93e-008,-0.00238442
3.94e-008,-0.00269618
3.95e-008,-0.00297539
3.96e-008,-0.00324261
3.97e-008,-0.00346358
3.98e-008,-0.00363145
3.99e-008,-0.00373936
4e-008,-0.00376506
4.01e-008,-0.00374964
4.02e-008,-0.00366399
4.03e-008,-0.00355265
4.04e-008,-0.00339335
4.05e-008,-0.00323918
4.06e-008,-0.0030696
4.07e-008,-0.00286062
4.08e-008,-0.00262595
4.09e-008,-0.00242039
4.1e-008,-0.00221655
4.11e-008,-0.00204868
4.12e-008,-0.00190651
4.13e-008,-0.00182943
4.14e-008,-0.00180373
4.15e-008,-0.00180545
4.16e-008,-0.00182943
4.17e-008,-0.00189452
4.18e-008,-0.00196132
4.19e-008,-0.00207609
4.2e-008,-0.00223711
4.21e-008,-0.00244438
4.22e-008,-0.0027253
4.23e-008,-0.00300108
4.24e-008,-0.00324946
4.25e-008,-0.00342589
4.26e-008,-0.00354237
4.27e-008,-0.00360061
4.28e-008,-0.00363487
4.29e-008,-0.00366057
4.3e-008,-0.00366057
4.31e-008,-0.00364173
4.32e-008,-0.00357321
4.33e-008,-0.00345159
4.34e-008,-0.00329571
4.35e-008,-0.00311414
4.36e-008,-0.00290344
4.37e-008,-0.00269618
4.38e-008,-0.00251461
4.39e-008,-0.00235188
4.4e-008,-0.00226623
4.41e-008,-0.00222341
4.42e-008,-0.00222341
4.43e-008,-0.0022628
4.44e-008,-0.00232961
4.45e-008,-0.00242382
4.46e-008,-0.00255914
4.47e-008,-0.00272872
4.48e-008,-0.00288118
4.49e-008,-0.00306275
4.5e-008,-0.00320321
4.51e-008,-0.00331798
4.52e-008,-0.00342589
4.53e-008,-0.00353724
4.54e-008,-0.00367427
4.55e-008,-0.00383186
4.56e-008,-0.00398089
4.57e-008,-0.0040888
4.58e-008,-0.00413677
4.59e-008,-0.00408709
4.6e-008,-0.00395691
4.61e-008,-0.00376506
4.62e-008,-0.00354923
4.63e-008,-0.0033214
4.64e-008,-0.00313127
4.65e-008,-0.00294284
4.66e-008,-0.00278525
4.67e-008,-0.00265335
4.68e-008,-0.00256086
4.69e-008,-0.00249234
4.7e-008,-0.00245465
4.71e-008,-0.00244095
4.72e-008,-0.00241868
4.73e-008,-0.00240498
4.74e-008,-0.00239299
4.75e-008,-0.00239299
4.76e-008,-0.00245637
4.77e-008,-0.00256599
4.78e-008,-0.00271331
4.79e-008,-0.00287261
4.8e-008,-0.00304391
4.81e-008,-0.00317238
4.82e-008,-0.0032546
4.83e-008,-0.00328543
4.84e-008,-0.00328715
4.85e-008,-0.00325289
4.86e-008,-0.00316895
4.87e-008,-0.00310043
4.88e-008,-0.0030028
4.89e-008,-0.00290858
4.9e-008,-0.0028178
4.91e-008,-0.00270817
4.92e-008,-0.00260539
4.93e-008,-0.00243924
4.94e-008,-0.00226794
4.95e-008,-0.00207438
4.96e-008,-0.00190651
4.97e-008,-0.00176434
4.98e-008,-0.00165642
4.99e-008,-0.00159304
5e-008,-0.0015485
5.01e-008,-0.00149883
5.02e-008,-0.00146286
5.03e-008,-0.00144573
5.04e-008,-0.00145943
5.05e-008,-0.00151767
5.06e-008,-0.00158619
5.07e-008,-0.00168383
5.08e-008,-0.00179688
5.09e-008,-0.0019185
5.1e-008,-0.00205382
5.11e-008,-0.00216174
5.12e-008,-0.0022491
5.13e-008,-0.00224396
5.14e-008,-0.0021703
5.15e-008,-0.00204183
5.16e-008,-0.00188938
5.17e-008,-0.00172494
5.18e-008,-0.00159475
5.19e-008,-0.00146971
5.2e-008,-0.00134295
5.21e-008,-0.00122647
5.22e-008,-0.00107916
5.23e-008,-0.000962676
5.24e-008,-0.000847909
5.25e-008,-0.000753697
5.26e-008,-0.000676614
5.27e-008,-0.000594393
5.28e-008,-0.000512171
5.29e-008,-0.00044194
5.3e-008,-0.000392265
5.31e-008,-0.000369997
5.32e-008,-0.000409394
5.33e-008,-0.000495042
5.34e-008,-0.000620087
5.35e-008,-0.000734854
5.36e-008,-0.000859899
5.37e-008,-0.000909575
5.38e-008,-0.000928417
5.39e-008,-0.000921565
5.4e-008,-0.000875316
5.41e-008,-0.000815363
5.42e-008,-0.000741706
5.43e-008,-0.000661197
5.44e-008,-0.000556708
5.45e-008,-0.000457357
5.46e-008,-0.000392265
5.47e-008,-0.000327173
5.48e-008,-0.000287775
5.49e-008,-0.000244951
5.5e-008,-0.000179859
5.51e-008,-6.68049e-005
5.52e-008,5.82402e-005
5.53e-008,0.000190137
5.54e-008,0.000334025
5.55e-008,0.000455644
5.56e-008,0.000539578
5.57e-008,0.000565272
5.58e-008,0.000565272
5.59e-008,0.000544717
5.6e-008,0.000508745
5.61e-008,0.000491616
5.62e-008,0.000453931
5.63e-008,0.000409394
5.64e-008,0.000361432
5.65e-008,0.000306617
5.66e-008,0.000232961
5.67e-008,0.00019185
5.68e-008,0.000171295
5.69e-008,0.000154165
5.7e-008,0.000178146
5.71e-008,0.000232961
5.72e-008,0.000292914
5.73e-008,0.0003837
5.74e-008,0.000505319
5.75e-008,0.000647494
5.76e-008,0.00081365
5.77e-008,0.000974667
5.78e-008,0.00115624
5.79e-008,0.00127786
5.8e-008,0.00138235
5.81e-008,0.00146114
5.82e-008,0.00153994
5.83e-008,0.00159647
5.84e-008,0.00169239
5.85e-008,0.00174721
5.86e-008,0.0018123
5.87e-008,0.0018517
5.88e-008,0.00184998
5.89e-008,0.00183628
5.9e-008,0.00180031
5.91e-008,0.00177975
5.92e-008,0.00176776
5.93e-008,0.00178489
5.94e-008,0.0018123
5.95e-008,0.00185855
5.96e-008,0.00188253
5.97e-008,0.00188082
5.98e-008,0.00186883
5.99e-008,0.00184998
6e-008,0.00184313
6.01e-008,0.00184142
6.02e-008,0.00184827
6.03e-008,0.00187568
6.04e-008,0.00193734
6.05e-008,0.00201614
6.06e-008,0.00213433
6.07e-008,0.00227993
6.08e-008,0.00242211
6.09e-008,0.00256599
6.1e-008,0.00264822
6.11e-008,0.0027253
6.12e-008,0.0027784
6.13e-008,0.0028315
6.14e-008,0.00287604
6.15e-008,0.0029103
6.16e-008,0.00292057
6.17e-008,0.00287432
6.18e-008,0.00278868
6.19e-008,0.00268933
6.2e-008,0.00258998
6.21e-008,0.00250775
6.22e-008,0.00244095
6.23e-008,0.00241183
6.24e-008,0.00239641
6.25e-008,0.002381
6.26e-008,0.00235188
6.27e-008,0.00232104
6.28e-008,0.00230563
6.29e-008,0.00231762
6.3e-008,0.0023553
6.31e-008,0.0024341
6.32e-008,0.00252488
6.33e-008,0.00262252
6.34e-008,0.00270646
6.35e-008,0.00278011
6.36e-008,0.00280581
6.37e-008,0.00284692
6.38e-008,0.00282979
6.39e-008,0.00280409
6.4e-008,0.00276298
6.41e-008,0.00272872
6.42e-008,0.00272701
6.43e-008,0.00272359
6.44e-008,0.00271159
6.45e-008,0.0026859
6.46e-008,0.00265507
6.47e-008,0.00254886
6.48e-008,0.0024615
6.49e-008,0.00236044
6.5e-008,0.00229021
6.51e-008,0.00225253
6.52e-008,0.002196
6.53e-008,0.00214975
6.54e-008,0.00208808
6.55e-008,0.00203327
6.56e-008,0.0019973
6.57e-008,0.0019716
6.58e-008,0.0019973
6.59e-008,0.00205554
6.6e-008,0.00214118
6.61e-008,0.00222341
6.62e-008,0.00231248
6.63e-008,0.00234331
6.64e-008,0.00237928
6.65e-008,0.00238271
6.66e-008,0.00237928
6.67e-008,0.00238613
6.68e-008,0.00237072
6.69e-008,0.0023553
6.7e-008,0.0023416
6.71e-008,0.00233132
6.72e-008,0.00233646
6.73e-008,0.00232789
6.74e-008,0.00230905
6.75e-008,0.00229535
6.76e-008,0.00223711
6.77e-008,0.00215317
6.78e-008,0.00204355
6.79e-008,0.00192535
6.8e-008,0.00181915
6.81e-008,0.00173864
6.82e-008,0.00167355
6.83e-008,0.00163586
6.84e-008,0.00159133
6.85e-008,0.00155193
6.86e-008,0.00151082
6.87e-008,0.00148684
6.88e-008,0.00146971
6.89e-008,0.00147313
6.9e-008,0.0014954
6.91e-008,0.00152281
6.92e-008,0.00155707
6.93e-008,0.00156392
6.94e-008,0.00153823
6.95e-008,0.00146286
6.96e-008,0.00135152
6.97e-008,0.00124189
6.98e-008,0.00114939
6.99e-008,0.00109286
7e-008,0.00106888
7.01e-008,0.00104661
7.02e-008,0.00103976
7.03e-008,0.0010055
7.04e-008,0.000955824
7.05e-008,0.000894158
7.06e-008,0.000805085
7.07e-008,0.00075541
7.08e-008,0.000717725
7.09e-008,0.000700595
7.1e-008,0.000683466
7.11e-008,0.000656059
7.12e-008,0.000582402
7.13e-008,0.000476199
7.14e-008,0.000344302
7.15e-008,0.000234674
7.16e-008,0.000149026
7.17e-008,0.000118193
7.18e-008,0.000111342
7.19e-008,0.000126758
7.2e-008,0.000142175
7.21e-008,0.000143888
7.22e-008,0.000143888
7.23e-008,0.000121619
7.24e-008,0.000111342
7.25e-008,9.07862e-005
7.26e-008,7.87956e-005
7.27e-008,2.05554e-005
7.28e-008,-2.56942e-005
7.29e-008,-9.93509e-005
7.3e-008,-0.000152452
7.31e-008,-0.000212405
7.32e-008,-0.000270646
7.33e-008,-0.000316895
7.34e-008,-0.000340876
7.35e-008,-0.000380274
7.36e-008,-0.000436801
7.37e-008,-0.000498468
7.38e-008,-0.000548143
7.39e-008,-0.000614948
7.4e-008,-0.000668049
7.41e-008,-0.000702308
7.42e-008,-0.000721151
7.43e-008,-0.00070916
7.44e-008,-0.000693743
7.45e-008,-0.000671475
7.46e-008,-0.000642355
7.47e-008,-0.000626939
7.48e-008,-0.000626939
7.49e-008,-0.000628652
7.5e-008,-0.000623513
7.51e-008,-0.000582402
7.52e-008,-0.000556708
7.53e-008,-0.000536152
7.54e-008,-0.000560134
7.55e-008,-0.000585828
7.56e-008,-0.000626939
7.57e-008,-0.000683466
7.58e-008,-0.000693743
7.59e-008,-0.000671475
7.6e-008,-0.000645781
7.61e-008,-0.000613235
7.62e-008,-0.000618374
7.63e-008,-0.000637216
7.64e-008,-0.00066291
7.65e-008,-0.000678327
7.66e-008,-0.000669762
7.67e-008,-0.000657772
7.68e-008,-0.000623513
7.69e-008,-0.000608096
7.7e-008,-0.000594393
7.71e-008,-0.000597818
7.72e-008,-0.000596106
7.73e-008,-0.000596106
7.74e-008,-0.000565272
7.75e-008,-0.000515597
7.76e-008,-0.000455644
7.77e-008,-0.000404255
7.78e-008,-0.000375135
7.79e-008,-0.000334025
7.8e-008,-0.000304905
7.81e-008,-0.000270646
7.82e-008,-0.000246664
7.83e-008,-0.000239813
7.84e-008,-0.000236387
7.85e-008,-0.000253516
7.86e-008,-0.00026722
7.87e-008,-0.000255229
7.88e-008,-0.000248377
7.89e-008,-0.0002381
7.9e-008,-0.000231248
7.91e-008,-0.000226109
7.92e-008,-0.000236387
7.93e-008,-0.00022097
7.94e-008,-0.000227822
7.95e-008,-0.000195276
7.96e-008,-0.000131897
7.97e-008,-7.87956e-005
7.98e-008,-6.85179e-006
7.99e-008,5.13884e-005
8e-008,9.42121e-005
8.01e-008,0.000152452
8.02e-008,0.000176434
8.03e-008,0.000253516
8.04e-008,0.000316895
8.05e-008,0.000392265
8.06e-008,0.000436801
8.07e-008,0.000443653
8.08e-008,0.000411107
8.09e-008,0.000376848
8.1e-008,0.000337451
8.11e-008,0.000335738
8.12e-008,0.000375135
8.13e-008,0.000483051
8.14e-008,0.000597818
8.15e-008,0.000686892
8.16e-008,0.000745132
8.17e-008,0.000762261
8.18e-008,0.000758835
8.19e-008,0.000736567
8.2e-008,0.000758835
8.21e-008,0.000793094
8.22e-008,0.000853048
8.23e-008,0.000923278
8.24e-008,0.000981519
8.25e-008,0.000993509
8.26e-008,0.00102948
8.27e-008,0.00105518
8.28e-008,0.00110485
8.29e-008,0.00117337
8.3e-008,0.00123846
8.31e-008,0.00132068
8.32e-008,0.00138406
8.33e-008,0.00145429
8.34e-008,0.00152966
8.35e-008,0.00159818
8.36e-008,0.00168897
8.37e-008,0.00178146
8.38e-008,0.00183799
8.39e-008,0.00188938
8.4e-008,0.0019322
8.41e-008,0.00195276
8.42e-008,0.00196818
8.43e-008,0.00196989
8.44e-008,0.00196646
8.45e-008,0.00199044
8.46e-008,0.00200415
8.47e-008,0.0020641
8.48e-008,0.00212577
8.49e-008,0.00221655
8.5e-008,0.00231077
8.51e-008,0.00237072
8.52e-008,0.00239984
8.53e-008,0.00241183
8.54e-008,0.00242211
8.55e-008,0.00245294
8.56e-008,0.00250433
8.57e-008,0.00260197
8.58e-008,0.00269618
8.59e-008,0.00279039
8.6e-008,0.00286062
8.61e-008,0.002924
8.62e-008,0.00301307
8.63e-008,0.00312784
8.64e-008,0.00326316
8.65e-008,0.00338992
8.66e-008,0.00348071
8.67e-008,0.00353724
8.68e-008,0.0035595
8.69e-008,0.00357835
8.7e-008,0.00363316
8.71e-008,0.00369311
8.72e-008,0.00376163
8.73e-008,0.00380788
8.74e-008,0.00382844
8.75e-008,0.00385413
8.76e-008,0.0038901
8.77e-008,0.00395348
8.78e-008,0.00402885
8.79e-008,0.00416075
8.8e-008,0.00427894
8.81e-008,0.00439542
8.82e-008,0.00450334
8.83e-008,0.00454445
8.84e-008,0.00458727
8.85e-008,0.0046301
8.86e-008,0.00468148
8.87e-008,0.00476884
8.88e-008,0.00484935
8.89e-008,0.00491273
8.9e-008,0.00498296
8.91e-008,0.0050138
8.92e-008,0.00504634
8.93e-008,0.00506861
8.94e-008,0.00513713
8.95e-008,0.00519879
8.96e-008,0.00526389
8.97e-008,0.00529986
8.98e-008,0.00532898
8.99e-008,0.00536495
9e-008,0.0053975
9.01e-008,0.0054506
9.02e-008,0.00549513
9.03e-008,0.00552425
9.04e-008,0.00554652
9.05e-008,0.0055431
9.06e-008,0.00556023
9.07e-008,0.00561161
9.08e-008,0.00565101
9.09e-008,0.00571782
9.1e-008,0.00577263
9.11e-008,0.00582402
9.12e-008,0.00585999
9.13e-008,0.00586684
9.14e-008,0.00591138
9.15e-008,0.00597133
9.16e-008,0.00603985
9.17e-008,0.00612379
9.18e-008,0.00619059
9.19e-008,0.0062454
9.2e-008,0.00629165
9.21e-008,0.00633448
9.22e-008,0.00635675
9.23e-008,0.00641156
9.24e-008,0.00647151
9.25e-008,0.00651091
9.26e-008,0.00652804
9.27e-008,0.00651262
9.28e-008,0.0064835
9.29e-008,0.00646124
9.3e-008,0.00643897
9.31e-008,0.00645781
9.32e-008,0.0064835
9.33e-008,0.00651776
9.34e-008,0.00654688
9.35e-008,0.006576
9.36e-008,0.00661711
9.37e-008,0.00665994
9.38e-008,0.00668221
9.39e-008,0.00666679
9.4e-008,0.00661711
9.41e-008,0.00657772
9.42e-008,0.00656059
9.43e-008,0.00657429
9.44e-008,0.00661026
9.45e-008,0.00668392
9.46e-008,0.00672503
9.47e-008,0.006761
9.48e-008,0.00676271
9.49e-008,0.00676271
9.5e-008,0.00674387
9.51e-008,0.00674901
9.52e-008,0.0067867
9.53e-008,0.00682609
9.54e-008,0.00687234
9.55e-008,0.00690318
9.56e-008,0.00688433
9.57e-008,0.00686892
9.58e-008,0.00680554
9.59e-008,0.00673531
9.6e-008,0.0066942
9.61e-008,0.00667878
9.62e-008,0.00667535
9.63e-008,0.00670105
9.64e-008,0.00670276
9.65e-008,0.00668563
9.66e-008,0.00664795
9.67e-008,0.00661197
9.68e-008,0.00659656
9.69e-008,0.00661026
9.7e-008,0.00670105
9.71e-008,0.00679355
9.72e-008,0.00686035
9.73e-008,0.00689461
9.74e-008,0.00687406
9.75e-008,0.00682952
9.76e-008,0.00678327
9.77e-008,0.00673531
9.78e-008,0.00669591
9.79e-008,0.00664795
9.8e-008,0.00662397
9.81e-008,0.00657258
9.82e-008,0.00652975
9.83e-008,0.00650406
9.84e-008,0.00651605
9.85e-008,0.00655545
9.86e-008,0.00660512
9.87e-008,0.0066291
9.88e-008,0.00663767
9.89e-008,0.00660855
9.9e-008,0.006576
9.91e-008,0.00652633
9.92e-008,0.00649378
9.93e-008,0.00647494
9.94e-008,0.00647151
9.95e-008,0.00645952
9.96e-008,0.00645267
9.97e-008,0.00642526
9.98e-008,0.00639957
9.99e-008,0.00640642
1e-007,0.00640471
1.001e-007,0.00639272
1.002e-007,0.00635846
1.003e-007,0.00632249
1.004e-007,0.00624369
1.005e-007,0.00617175
1.006e-007,0.00615291
1.007e-007,0.00614777
1.008e-007,0.00617689
1.009e-007,0.006218
1.01e-007,0.00622999
1.011e-007,0.00624883
1.012e-007,0.00626253
1.013e-007,0.00627452
1.014e-007,0.00627624
1.015e-007,0.00627281
1.016e-007,0.00623684
1.017e-007,0.00618203
1.018e-007,0.00609295
1.019e-007,0.00603129
1.02e-007,0.00599874
1.021e-007,0.00598846
1.022e-007,0.00598846
1.023e-007,0.00599703
1.024e-007,0.00596791
1.025e-007,0.00593022
1.026e-007,0.00588055
1.027e-007,0.0058343
1.028e-007,0.00579833
1.029e-007,0.00578805
1.03e-007,0.00579661
1.031e-007,0.00582916
1.032e-007,0.00585485
1.033e-007,0.00585485
1.034e-007,0.00582231
1.035e-007,0.00575721
1.036e-007,0.00564587
1.037e-007,0.00553111
1.038e-007,0.00546087
1.039e-007,0.00539236
1.04e-007,0.00536324
1.041e-007,0.00538208
1.042e-007,0.00538893
1.043e-007,0.0053855
1.044e-007,0.00534439
1.045e-007,0.00528958
1.046e-007,0.00519365
1.047e-007,0.00505148
1.048e-007,0.00492644
1.049e-007,0.00482537
1.05e-007,0.0047894
1.051e-007,0.0047757
1.052e-007,0.00479625
1.053e-007,0.00477912
1.054e-007,0.00475514
1.055e-007,0.00474486
1.056e-007,0.00471917
1.057e-007,0.00469861
1.058e-007,0.00470718
1.059e-007,0.00471403
1.06e-007,0.00469005
1.061e-007,0.00464722
1.062e-007,0.00455815
1.063e-007,0.00445537
1.064e-007,0.00433547
1.065e-007,0.00424811
1.066e-007,0.00419843
1.067e-007,0.00416931
1.068e-007,0.00412649
1.069e-007,0.0040751
1.07e-007,0.00400658
1.071e-007,0.00392094
1.072e-007,0.00381645
1.073e-007,0.00369654
1.074e-007,0.00363659
1.075e-007,0.00357321
1.076e-007,0.00351839
1.077e-007,0.00346529
1.078e-007,0.00343788
1.079e-007,0.00337622
1.08e-007,0.003294
1.081e-007,0.00319807
1.082e-007,0.00311585
1.083e-007,0.00305932
1.084e-007,0.00301821
1.085e-007,0.00299766
1.086e-007,0.00299937
1.087e-007,0.00297539
1.088e-007,0.00290858
1.089e-007,0.00284178
1.09e-007,0.00275613
1.091e-007,0.0026465
1.092e-007,0.00257799
1.093e-007,0.0025266
1.094e-007,0.00249919
1.095e-007,0.00247521
1.096e-007,0.00245294
1.097e-007,0.00242039
1.098e-007,0.00233817
1.099e-007,0.00223882
1.1e-007,0.00213604
1.101e-007,0.00203498
1.102e-007,0.00193392
1.103e-007,0.00184656
1.104e-007,0.00179174
1.105e-007,0.00175063
1.106e-007,0.00172322
1.107e-007,0.00171123
1.108e-007,0.00169582
1.109e-007,0.00165813
1.11e-007,0.00160161
1.111e-007,0.00151425
1.112e-007,0.00141661
1.113e-007,0.00136522
1.114e-007,0.00134124
1.115e-007,0.00132411
1.116e-007,0.00133267
1.117e-007,0.0013104
1.118e-007,0.00124703
1.119e-007,0.00113226
1.12e-007,0.000995222
1.121e-007,0.000841057
1.122e-007,0.000745132
1.123e-007,0.000683466
1.124e-007,0.00065092
1.125e-007,0.000666336
1.126e-007,0.000688605
1.127e-007,0.000686892
1.128e-007,0.000623513
1.129e-007,0.000553282
1.13e-007,0.000476199
1.131e-007,0.000393978
1.132e-007,0.000347728
1.133e-007,0.000327173
1.134e-007,0.000282636
1.135e-007,0.000227822
1.136e-007,0.000147313
1.137e-007,6.5092e-005
1.138e-007,-1.37036e-005
1.139e-007,-7.36567e-005
1.14e-007,-0.000140462
1.141e-007,-0.000195276
1.142e-007,-0.000248377
1.143e-007,-0.000340876
1.144e-007,-0.000450505
1.145e-007,-0.000532726
1.146e-007,-0.000608096
1.147e-007,-0.000668049
1.148e-007,-0.000688605
1.149e-007,-0.000693743
1.15e-007,-0.000710873
1.151e-007,-0.000716012
1.152e-007,-0.000746845
1.153e-007,-0.000751984
1.154e-007,-0.000770826
1.155e-007,-0.00078453
1.156e-007,-0.000822214
1.157e-007,-0.000878742
1.158e-007,-0.000928417
1.159e-007,-0.00097638
1.16e-007,-0.000986657
1.161e-007,-0.000960963
1.162e-007,-0.000931843
1.163e-007,-0.000919852
1.164e-007,-0.000966102
1.165e-007,-0.00106031
1.166e-007,-0.00118879
1.167e-007,-0.00132068
1.168e-007,-0.00141318
1.169e-007,-0.00144401
1.17e-007,-0.00143202
1.171e-007,-0.00140462
1.172e-007,-0.00140976
1.173e-007,-0.00142346
1.174e-007,-0.0014423
1.175e-007,-0.00148512
1.176e-007,-0.00152795
1.177e-007,-0.00151938
1.178e-007,-0.00152795
1.179e-007,-0.00152281
1.18e-007,-0.00153137
1.181e-007,-0.00157077
1.182e-007,-0.00161188
1.183e-007,-0.00165471
1.184e-007,-0.00170267
1.185e-007,-0.00173008
1.186e-007,-0.00174549
1.187e-007,-0.00177633
1.188e-007,-0.00179517
1.189e-007,-0.001826
1.19e-007,-0.00184484
1.191e-007,-0.0018397
1.192e-007,-0.00186197
1.193e-007,-0.00186883
1.194e-007,-0.00190308
1.195e-007,-0.00194762
1.196e-007,-0.00200929
1.197e-007,-0.00205554
1.198e-007,-0.00207609
1.199e-007,-0.00208808
1.2e-007,-0.00210179
1.201e-007,-0.00211549
1.202e-007,-0.00214461
1.203e-007,-0.00219086
1.204e-007,-0.00221313
1.205e-007,-0.00221484
1.206e-007,-0.00217716
1.207e-007,-0.00211035
1.208e-007,-0.00203669
1.209e-007,-0.00201271
1.21e-007,-0.00204355
1.211e-007,-0.00213262
1.212e-007,-0.00225424
1.213e-007,-0.00236729
1.214e-007,-0.00242553
1.215e-007,-0.00241868
1.216e-007,-0.00236215
1.217e-007,-0.00230391
1.218e-007,-0.00227137
1.219e-007,-0.00227308
1.22e-007,-0.00235188
1.221e-007,-0.00244951
1.222e-007,-0.00258484
1.223e-007,-0.00264993
1.224e-007,-0.00267734
1.225e-007,-0.00264822
1.226e-007,-0.00263623
1.227e-007,-0.00258826
1.228e-007,-0.00260025
1.229e-007,-0.00263794
1.23e-007,-0.00268247
1.231e-007,-0.00273044
1.232e-007,-0.00275784
1.233e-007,-0.00275613
1.234e-007,-0.00272359
1.235e-007,-0.00267905
1.236e-007,-0.0026328
1.237e-007,-0.00261396
1.238e-007,-0.00262595
1.239e-007,-0.00265849
1.24e-007,-0.00266021
1.241e-007,-0.00265849
1.242e-007,-0.00265335
1.243e-007,-0.00257627
1.244e-007,-0.00252488
1.245e-007,-0.0024615
1.246e-007,-0.00247692
1.247e-007,-0.00251118
1.248e-007,-0.00258484
1.249e-007,-0.00264822
1.25e-007,-0.00269275
1.251e-007,-0.00270132
1.252e-007,-0.00266363
1.253e-007,-0.00262766
1.254e-007,-0.00258141
1.255e-007,-0.00256086
1.256e-007,-0.00254201
1.257e-007,-0.0025266
1.258e-007,-0.00251974
1.259e-007,-0.00251118
1.26e-007,-0.00249062
1.261e-007,-0.00247521
1.262e-007,-0.00247521
1.263e-007,-0.0024872
1.264e-007,-0.00249919
1.265e-007,-0.00249919
1.266e-007,-0.00246836
1.267e-007,-0.00239984
1.268e-007,-0.00233132
1.269e-007,-0.00227308
1.27e-007,-0.00222512
1.271e-007,-0.00221484
1.272e-007,-0.00221998
1.273e-007,-0.00222683
1.274e-007,-0.00224396
1.275e-007,-0.00223368
1.276e-007,-0.00224739
1.277e-007,-0.00225253
1.278e-007,-0.00227479
1.279e-007,-0.00226794
1.28e-007,-0.00225938
1.281e-007,-0.00223368
1.282e-007,-0.00218572
1.283e-007,-0.00213604
1.284e-007,-0.00213091
1.285e-007,-0.00212577
1.286e-007,-0.00212748
1.287e-007,-0.00213262
1.288e-007,-0.00210007
1.289e-007,-0.00208294
1.29e-007,-0.00204697
1.291e-007,-0.00201271
1.292e-007,-0.00200415
1.293e-007,-0.002011
1.294e-007,-0.00204183
1.295e-007,-0.00205896
1.296e-007,-0.00207952
1.297e-007,-0.00212234
1.298e-007,-0.00216174
1.299e-007,-0.00223026
1.3e-007,-0.00228165
1.301e-007,-0.00230905
1.302e-007,-0.00229877
1.303e-007,-0.00226623
1.304e-007,-0.00222169
1.305e-007,-0.00219771
1.306e-007,-0.00220628
1.307e-007,-0.00223711
1.308e-007,-0.00226965
1.309e-007,-0.00229364
1.31e-007,-0.0022885
1.311e-007,-0.00226109
1.312e-007,-0.00223711
1.313e-007,-0.00222341
1.314e-007,-0.00227137
1.315e-007,-0.00230734
1.316e-007,-0.00235359
1.317e-007,-0.00237928
1.318e-007,-0.00241526
1.319e-007,-0.00241868
1.32e-007,-0.00244438
1.321e-007,-0.00245808
1.322e-007,-0.00245465
1.323e-007,-0.00243238
1.324e-007,-0.0024084
1.325e-007,-0.00236215
1.326e-007,-0.0023416
1.327e-007,-0.00235016
1.328e-007,-0.00238613
1.329e-007,-0.00246836
1.33e-007,-0.00254886
1.331e-007,-0.00263623
1.332e-007,-0.00266535
1.333e-007,-0.0026465
1.334e-007,-0.00259511
1.335e-007,-0.0025403
1.336e-007,-0.0025009
1.337e-007,-0.00249919
1.338e-007,-0.00255058
1.339e-007,-0.00262595
1.34e-007,-0.00270988
1.341e-007,-0.00275956
1.342e-007,-0.00275956
1.343e-007,-0.00274757
1.344e-007,-0.00272016
1.345e-007,-0.00273386
1.346e-007,-0.00275442
1.347e-007,-0.00279896
1.348e-007,-0.00282636
1.349e-007,-0.00285891
1.35e-007,-0.00286747
1.351e-007,-0.0028315
1.352e-007,-0.00283664
1.353e-007,-0.0028572
1.354e-007,-0.00289659
1.355e-007,-0.00291544
1.356e-007,-0.00293428
1.357e-007,-0.00291544
1.358e-007,-0.00289488
1.359e-007,-0.00288632
1.36e-007,-0.00291544
1.361e-007,-0.00296169
1.362e-007,-0.00303877
1.363e-007,-0.00310043
1.364e-007,-0.00312613
1.365e-007,-0.00312784
1.366e-007,-0.00310557
1.367e-007,-0.00309872
1.368e-007,-0.00309701
1.369e-007,-0.00310729
1.37e-007,-0.00315525
1.371e-007,-0.00319293
1.372e-007,-0.00322034
1.373e-007,-0.00322377
1.374e-007,-0.00325117
1.375e-007,-0.00328543
1.376e-007,-0.00333168
1.377e-007,-0.00337451
1.378e-007,-0.00342247
1.379e-007,-0.00346872
1.38e-007,-0.003479
1.381e-007,-0.00348413
1.382e-007,-0.00349784
1.383e-007,-0.0034927
1.384e-007,-0.00349099
1.385e-007,-0.00349784
1.386e-007,-0.00350126
1.387e-007,-0.00350983
1.388e-007,-0.00352353
1.389e-007,-0.00352524
1.39e-007,-0.00351668
1.391e-007,-0.00350469
1.392e-007,-0.00347214
1.393e-007,-0.00347043
1.394e-007,-0.00347557
1.395e-007,-0.00351154
1.396e-007,-0.00358691
1.397e-007,-0.00367085
1.398e-007,-0.00371538
1.399e-007,-0.00373936
1.4e-007,-0.00372909
1.401e-007,-0.00368969
1.402e-007,-0.00365372
1.403e-007,-0.003652
1.404e-007,-0.00365885
1.405e-007,-0.00367598
1.406e-007,-0.00369825
1.407e-007,-0.00367941
1.408e-007,-0.00367085
1.409e-007,-0.00368455
1.41e-007,-0.00369311
1.411e-007,-0.00373936
1.412e-007,-0.00379075
1.413e-007,-0.00383358
1.414e-007,-0.00382158
1.415e-007,-0.00380274
1.416e-007,-0.00376163
1.417e-007,-0.00373251
1.418e-007,-0.00371538
1.419e-007,-0.0037051
1.42e-007,-0.00369654
1.421e-007,-0.00368626
1.422e-007,-0.00366228
1.423e-007,-0.00364001
1.424e-007,-0.00363487
1.425e-007,-0.00364344
1.426e-007,-0.00369311
1.427e-007,-0.0037445
1.428e-007,-0.00377191
1.429e-007,-0.00375135
1.43e-007,-0.00370339
1.431e-007,-0.00366399
1.432e-007,-0.0036246
1.433e-007,-0.00363659
1.434e-007,-0.00366399
1.435e-007,-0.00368455
1.436e-007,-0.00365372
1.437e-007,-0.00360061
1.438e-007,-0.0035064
1.439e-007,-0.00344302
1.44e-007,-0.00339506
1.441e-007,-0.00339506
1.442e-007,-0.00342932
1.443e-007,-0.00343103
1.444e-007,-0.0034139
1.445e-007,-0.00336423
1.446e-007,-0.00326316
1.447e-007,-0.00318437
1.448e-007,-0.0031227
1.449e-007,-0.00308673
1.45e-007,-0.00309701
1.451e-007,-0.00312613
1.452e-007,-0.00315011
1.453e-007,-0.00316724
1.454e-007,-0.00319122
1.455e-007,-0.00319978
1.456e-007,-0.00316724
1.457e-007,-0.00312955
1.458e-007,-0.00306617
1.459e-007,-0.0029771
1.46e-007,-0.00287432
1.461e-007,-0.00280409
1.462e-007,-0.00275956
1.463e-007,-0.00275271
1.464e-007,-0.00275099
1.465e-007,-0.00272359
1.466e-007,-0.00269275
1.467e-007,-0.00264308
1.468e-007,-0.00260197
1.469e-007,-0.00255743
1.47e-007,-0.00253002
1.471e-007,-0.0025009
1.472e-007,-0.00247521
1.473e-007,-0.00244951
1.474e-007,-0.00241526
1.475e-007,-0.00240498
1.476e-007,-0.00240498
1.477e-007,-0.00238442
1.478e-007,-0.0023553
1.479e-007,-0.00229706
1.48e-007,-0.00225081
1.481e-007,-0.00219771
1.482e-007,-0.0021566
1.483e-007,-0.00211549
1.484e-007,-0.0020641
1.485e-007,-0.00200929
1.486e-007,-0.0019322
1.487e-007,-0.0018791
1.488e-007,-0.00180031
1.489e-007,-0.00173693
1.49e-007,-0.00171466
1.491e-007,-0.00168383
1.492e-007,-0.00168211
1.493e-007,-0.00169068
1.494e-007,-0.00168897
1.495e-007,-0.0016804
1.496e-007,-0.00163929
1.497e-007,-0.00158276
1.498e-007,-0.00150225
1.499e-007,-0.00141832
1.5e-007,-0.00135837
1.501e-007,-0.00132582
1.502e-007,-0.00130184
1.503e-007,-0.00128814
1.504e-007,-0.00126415
1.505e-007,-0.00123161
1.506e-007,-0.00118879
1.507e-007,-0.0011117
1.508e-007,-0.00101749
1.509e-007,-0.000940408
1.51e-007,-0.00087189
1.511e-007,-0.000844483
1.512e-007,-0.00081365
1.513e-007,-0.00078453
1.514e-007,-0.000757123
1.515e-007,-0.000724577
1.516e-007,-0.000656059
1.517e-007,-0.000599531
1.518e-007,-0.000515597
1.519e-007,-0.000501893
1.52e-007,-0.000491616
1.521e-007,-0.000505319
1.522e-007,-0.000501893
1.523e-007,-0.000479625
1.524e-007,-0.000438514
1.525e-007,-0.0003837
1.526e-007,-0.000320321
1.527e-007,-0.000270646
1.528e-007,-0.000196989
1.529e-007,-0.000125045
1.53e-007,-4.79625e-005
1.531e-007,4.11107e-005
1.532e-007,0.000138749
1.533e-007,0.00020898
1.534e-007,0.000274071
1.535e-007,0.000311756
1.536e-007,0.000328886
1.537e-007,0.000339163
1.538e-007,0.000363145
1.539e-007,0.000380274
1.54e-007,0.000431663
1.541e-007,0.000476199
1.542e-007,0.000536152
1.543e-007,0.000589254
1.544e-007,0.000638929
1.545e-007,0.00068004
1.546e-007,0.000746845
1.547e-007,0.000803372
1.548e-007,0.000846196
1.549e-007,0.000906149
1.55e-007,0.000967815
1.551e-007,0.00101406
1.552e-007,0.00102263
1.553e-007,0.00101064
1.554e-007,0.000990083
1.555e-007,0.000979806
1.556e-007,0.000984944
1.557e-007,0.000996935
1.558e-007,0.0010449
1.559e-007,0.00108258
1.56e-007,0.00112712
1.561e-007,0.00117679
1.562e-007,0.00123846
1.563e-007,0.00133439
1.564e-007,0.0014423
1.565e-007,0.0015211
1.566e-007,0.00157249
1.567e-007,0.0015485
1.568e-007,0.00150397
1.569e-007,0.00147313
1.57e-007,0.00151596
1.571e-007,0.0016136
1.572e-007,0.00174035
1.573e-007,0.00186369
1.574e-007,0.00192364
1.575e-007,0.00189281
1.576e-007,0.00184142
1.577e-007,0.00175577
1.578e-007,0.00173693
1.579e-007,0.00176434
1.58e-007,0.00182943
1.581e-007,0.00192707
1.582e-007,0.00200586
1.583e-007,0.00206068
1.584e-007,0.00209836
1.585e-007,0.00211378
1.586e-007,0.00212405
1.587e-007,0.00214632
1.588e-007,0.00215489
1.589e-007,0.00220456
1.59e-007,0.00224225
1.591e-007,0.00227993
1.592e-007,0.00230734
1.593e-007,0.00229192
1.594e-007,0.00227993
1.595e-007,0.00225595
1.596e-007,0.00224053
1.597e-007,0.0022354
1.598e-007,0.00226794
1.599e-007,0.00231933
1.6e-007,0.00237586
1.601e-007,0.00240326
1.602e-007,0.00241183
1.603e-007,0.002381
1.604e-007,0.00233989
1.605e-007,0.00232104
1.606e-007,0.00228678
1.607e-007,0.00229364
1.608e-007,0.00226794
1.609e-007,0.00225938
1.61e-007,0.00223197
1.611e-007,0.00221141
1.612e-007,0.00218915
1.613e-007,0.00218915
1.614e-007,0.00222341
1.615e-007,0.0022628
1.616e-007,0.0023159
1.617e-007,0.00237586
1.618e-007,0.00243238
1.619e-007,0.00246664
1.62e-007,0.00247863
1.621e-007,0.0024872
1.622e-007,0.00249062
1.623e-007,0.0024735
1.624e-007,0.00244951
1.625e-007,0.0024341
1.626e-007,0.0024478
1.627e-007,0.00248035
1.628e-007,0.00250262
1.629e-007,0.00252317
1.63e-007,0.00250433
1.631e-007,0.00246322
1.632e-007,0.00237072
1.633e-007,0.0023159
1.634e-007,0.00230563
1.635e-007,0.00236215
1.636e-007,0.00241868
1.637e-007,0.00248206
1.638e-007,0.00249405
1.639e-007,0.00249062
1.64e-007,0.0024615
1.641e-007,0.00241012
1.642e-007,0.00241697
1.643e-007,0.00240669
1.644e-007,0.00245294
1.645e-007,0.00249919
1.646e-007,0.00250604
1.647e-007,0.0025403
1.648e-007,0.00254201
1.649e-007,0.00256428
1.65e-007,0.0025797
1.651e-007,0.00262081
1.652e-007,0.00263109
1.653e-007,0.00263109
1.654e-007,0.00258484
1.655e-007,0.0025266
1.656e-007,0.00248206
1.657e-007,0.00247007
1.658e-007,0.00249234
1.659e-007,0.0025403
1.66e-007,0.00257456
1.661e-007,0.00258141
1.662e-007,0.00254886
1.663e-007,0.00251289
1.664e-007,0.00245637
1.665e-007,0.00245294
1.666e-007,0.00248206
1.667e-007,0.00252831
1.668e-007,0.00255743
1.669e-007,0.00255743
1.67e-007,0.0025266
1.671e-007,0.00250604
1.672e-007,0.0024341
1.673e-007,0.00237243
1.674e-007,0.00234331
1.675e-007,0.00233475
1.676e-007,0.00232789
1.677e-007,0.0023416
1.678e-007,0.00235188
1.679e-007,0.00232276
1.68e-007,0.00229364
1.681e-007,0.00228165
1.682e-007,0.00224567
1.683e-007,0.00222854
1.684e-007,0.00220799
1.685e-007,0.00220285
1.686e-007,0.00221827
1.687e-007,0.00226452
1.688e-007,0.00230049
1.689e-007,0.00232104
1.69e-007,0.00230734
1.691e-007,0.00228165
1.692e-007,0.00225081
1.693e-007,0.00223197
1.694e-007,0.00223882
1.695e-007,0.00226452
1.696e-007,0.00227993
1.697e-007,0.00227308
1.698e-007,0.00223368
1.699e-007,0.00216003
1.7e-007,0.00210864
1.701e-007,0.00208123
1.702e-007,0.00207952
1.703e-007,0.00208466
1.704e-007,0.00208466
1.705e-007,0.00204183
1.706e-007,0.00200757
1.707e-007,0.00193906
1.708e-007,0.00189795
1.709e-007,0.00183628
1.71e-007,0.001826
1.711e-007,0.00180202
1.712e-007,0.00180373
1.713e-007,0.00179517
1.714e-007,0.00181744
1.715e-007,0.00183114
1.716e-007,0.00182943
1.717e-007,0.00180887
1.718e-007,0.00178318
1.719e-007,0.00174207
1.72e-007,0.00168383
1.721e-007,0.00164272
1.722e-007,0.00158105
1.723e-007,0.0015485
1.724e-007,0.00150911
1.725e-007,0.00146457
1.726e-007,0.0014286
1.727e-007,0.00139434
1.728e-007,0.00135837
1.729e-007,0.00136179
1.73e-007,0.00137207
1.731e-007,0.00140976
1.732e-007,0.00142346
1.733e-007,0.00142346
1.734e-007,0.00140976
1.735e-007,0.00136522
1.736e-007,0.00133096
1.737e-007,0.00127615
1.738e-007,0.00125045
1.739e-007,0.00123846
1.74e-007,0.00122476
1.741e-007,0.00120763
1.742e-007,0.00119392
1.743e-007,0.00117679
1.744e-007,0.00114596
1.745e-007,0.0010723
1.746e-007,0.00101235
1.747e-007,0.000972954
1.748e-007,0.00091814
1.749e-007,0.000899297
1.75e-007,0.000875316
1.751e-007,0.000889019
1.752e-007,0.000899297
1.753e-007,0.000877029
1.754e-007,0.000851335
1.755e-007,0.000799946
1.756e-007,0.000746845
