LECROYWM8500,500500138,Waveform
Segments,1,SegmentSize,2002
Segment,TrigTime,TimeSinceSegment1
#1,21-Mar-2024 16:07:28,0                 
Time,Ampl
-2.45e-008,0.000445366
-2.44e-008,0.000496755
-2.43e-008,0.000515597
-2.42e-008,0.00048819
-2.41e-008,0.000395691
-2.4e-008,0.000280923
-2.39e-008,0.000181572
-2.38e-008,7.87956e-005
-2.37e-008,1.54165e-005
-2.36e-008,3.42589e-006
-2.35e-008,5.31014e-005
-2.34e-008,8.39344e-005
-2.33e-008,8.90732e-005
-2.32e-008,0.000102777
-2.31e-008,0.000102777
-2.3e-008,0.000130184
-2.29e-008,0.000171295
-2.28e-008,0.000232961
-2.27e-008,0.000327173
-2.26e-008,0.000373422
-2.25e-008,0.000407681
-2.24e-008,0.000387126
-2.23e-008,0.000393978
-2.22e-008,0.0003837
-2.21e-008,0.000371709
-2.2e-008,0.000366571
-2.19e-008,0.000323747
-2.18e-008,0.000268933
-2.17e-008,0.000217544
-2.16e-008,0.000143888
-2.15e-008,0.000150739
-2.14e-008,0.000109629
-2.13e-008,0.000128471
-2.12e-008,0.000135323
-2.11e-008,0.000169582
-2.1e-008,0.000174721
-2.09e-008,0.000214118
-2.08e-008,0.000310043
-2.07e-008,0.000395691
-2.06e-008,0.000479625
-2.05e-008,0.000498468
-2.04e-008,0.000450505
-2.03e-008,0.000334025
-2.02e-008,0.000227822
-2.01e-008,0.000159304
-2e-008,0.000154165
-1.99e-008,0.000232961
-1.98e-008,0.000320321
-1.97e-008,0.000380274
-1.96e-008,0.000369997
-1.95e-008,0.00030833
-1.94e-008,0.000234674
-1.93e-008,0.000157591
-1.92e-008,0.000166156
-1.91e-008,0.000256942
-1.9e-008,0.000358006
-1.89e-008,0.000477912
-1.88e-008,0.000510458
-1.87e-008,0.000519023
-1.86e-008,0.000498468
-1.85e-008,0.000495042
-1.84e-008,0.000467634
-1.83e-008,0.000447079
-1.82e-008,0.000407681
-1.81e-008,0.000363145
-1.8e-008,0.000301479
-1.79e-008,0.000243238
-1.78e-008,0.000226109
-1.77e-008,0.000241526
-1.76e-008,0.000286062
-1.75e-008,0.000313469
-1.74e-008,0.000322034
-1.73e-008,0.000291201
-1.72e-008,0.000274071
-1.71e-008,0.000241526
-1.7e-008,0.000236387
-1.69e-008,0.000284349
-1.68e-008,0.000344302
-1.67e-008,0.000405968
-1.66e-008,0.00047106
-1.65e-008,0.000503606
-1.64e-008,0.000483051
-1.63e-008,0.000409394
-1.62e-008,0.000369997
-1.61e-008,0.00032546
-1.6e-008,0.000346015
-1.59e-008,0.000392265
-1.58e-008,0.000445366
-1.57e-008,0.000484764
-1.56e-008,0.000477912
-1.55e-008,0.000414533
-1.54e-008,0.000351154
-1.53e-008,0.000251803
-1.52e-008,0.000190137
-1.51e-008,0.000128471
-1.5e-008,8.73603e-005
-1.49e-008,9.07862e-005
-1.48e-008,0.000113054
-1.47e-008,0.000161017
-1.46e-008,0.000198702
-1.45e-008,0.000234674
-1.44e-008,0.000214118
-1.43e-008,0.000174721
-1.42e-008,0.000114767
-1.41e-008,4.45366e-005
-1.4e-008,3.42589e-005
-1.39e-008,1.37036e-005
-1.38e-008,4.96755e-005
-1.37e-008,5.99531e-005
-1.36e-008,7.87956e-005
-1.35e-008,8.39344e-005
-1.34e-008,9.7638e-005
-1.33e-008,0.000126758
-1.32e-008,0.000159304
-1.31e-008,0.000190137
-1.3e-008,0.000241526
-1.29e-008,0.000277497
-1.28e-008,0.000298053
-1.27e-008,0.000280923
-1.26e-008,0.00026722
-1.25e-008,0.00025009
-1.24e-008,0.000244951
-1.23e-008,0.000277497
-1.22e-008,0.00030833
-1.21e-008,0.000315182
-1.2e-008,0.000337451
-1.19e-008,0.000337451
-1.18e-008,0.000358006
-1.17e-008,0.00040083
-1.16e-008,0.000474486
-1.15e-008,0.000589254
-1.14e-008,0.000664623
-1.13e-008,0.000681753
-1.12e-008,0.000572124
-1.11e-008,0.000440227
-1.1e-008,0.000315182
-1.09e-008,0.000260368
-1.08e-008,0.000304905
-1.07e-008,0.00047106
-1.06e-008,0.000635503
-1.05e-008,0.000774252
-1.04e-008,0.000798233
-1.03e-008,0.00078453
-1.02e-008,0.000760548
-1.01e-008,0.000775965
-1e-008,0.000830779
-9.9e-009,0.000954111
-9.8e-009,0.00107402
-9.7e-009,0.00109971
-9.6e-009,0.00105689
-9.5e-009,0.000984944
-9.4e-009,0.000933556
-9.3e-009,0.000911288
-9.2e-009,0.000924991
-9.1e-009,0.000938695
-9e-009,0.00101064
-8.9e-009,0.00103119
-8.8e-009,0.00104147
-8.7e-009,0.00101749
-8.6e-009,0.000964389
-8.5e-009,0.000849622
-8.4e-009,0.000693743
-8.3e-009,0.000532726
-8.2e-009,0.000443653
-8.1e-009,0.00042995
-8e-009,0.000541291
-7.9e-009,0.000688605
-7.8e-009,0.000847909
-7.7e-009,0.00093013
-7.6e-009,0.000936982
-7.5e-009,0.000863325
-7.4e-009,0.000734854
-7.3e-009,0.000566985
-7.2e-009,0.000395691
-7.1e-009,0.000251803
-7e-009,0.000143888
-6.9e-009,0.000140462
-6.8e-009,0.000200415
-6.7e-009,0.000376848
-6.6e-009,0.000582402
-6.5e-009,0.000765687
-6.4e-009,0.000841057
-6.3e-009,0.000777678
-6.2e-009,0.000609809
-6.1e-009,0.000364858
-6e-009,0.000106203
-5.9e-009,-6.85179e-005
-5.8e-009,-0.000130184
-5.7e-009,-8.22214e-005
-5.6e-009,7.19438e-005
-5.5e-009,0.000277497
-5.4e-009,0.00056356
-5.3e-009,0.000883881
-5.2e-009,0.0013104
-5.1e-009,0.00184998
-5e-009,0.00253002
-4.9e-009,0.00328372
-4.8e-009,0.00412991
-4.7e-009,0.0049487
-4.6e-009,0.0058086
-4.5e-009,0.00661369
-4.4e-009,0.00735026
-4.3e-009,0.00804229
-4.2e-009,0.00863839
-4.1e-009,0.00914542
-4e-009,0.00949658
-3.9e-009,0.00969014
-3.8e-009,0.00968843
-3.7e-009,0.00950514
-3.6e-009,0.0090889
-3.5e-009,0.00843284
-3.4e-009,0.00754039
-3.3e-009,0.00648522
-3.2e-009,0.00539921
-3.1e-009,0.00436116
-3e-009,0.00351839
-2.9e-009,0.00297539
-2.8e-009,0.00269104
-2.7e-009,0.00264479
-2.6e-009,0.00276127
-2.5e-009,0.00299252
-2.4e-009,0.00324775
-2.3e-009,0.00349955
-2.2e-009,0.00372566
-2.1e-009,0.00393635
-2e-009,0.00420357
-1.9e-009,0.00451875
-1.8e-009,0.00490931
-1.7e-009,0.00539236
-1.6e-009,0.00591309
-1.5e-009,0.00640642
-1.4e-009,0.00675415
-1.3e-009,0.00699568
-1.2e-009,0.00712757
-1.1e-009,0.00718067
-1e-009,0.00718239
-9e-010,0.00714813
-8e-010,0.00711387
-7e-010,0.00698197
-6e-010,0.00667535
-5e-010,0.00621457
-4e-010,0.00554823
-3e-010,0.00468834
-2e-010,0.00371709
-1e-010,0.00274585
4.138488e-023,0.00187225
1e-010,0.00127615
2e-010,0.000943834
3e-010,0.000926704
4e-010,0.00117679
5e-010,0.00155878
6e-010,0.00198531
7e-010,0.00242382
8e-010,0.0028452
9e-010,0.00321178
1e-009,0.00357835
1.1e-009,0.00394834
1.2e-009,0.00430806
1.3e-009,0.00469005
1.4e-009,0.00506005
1.5e-009,0.00538722
1.6e-009,0.00570925
1.7e-009,0.00596106
1.8e-009,0.00609295
1.9e-009,0.00607925
2e-009,0.0059405
2.1e-009,0.00570583
2.2e-009,0.00538893
2.3e-009,0.00499667
2.4e-009,0.00450334
2.5e-009,0.0038764
2.6e-009,0.00314326
2.7e-009,0.00232104
2.8e-009,0.00153994
2.9e-009,0.000883881
3e-009,0.000426524
3.1e-009,0.000181572
3.2e-009,0.000101064
3.3e-009,0.00019185
3.4e-009,0.000344302
3.5e-009,0.000560134
3.6e-009,0.000887306
3.7e-009,0.00125388
3.8e-009,0.00170267
3.9e-009,0.00217202
4e-009,0.00264993
4.1e-009,0.00308673
4.2e-009,0.00351325
4.3e-009,0.00387297
4.4e-009,0.00422584
4.5e-009,0.00450334
4.6e-009,0.00468834
4.7e-009,0.00468148
4.8e-009,0.00450334
4.9e-009,0.00418816
5e-009,0.00372566
5.1e-009,0.00324261
5.2e-009,0.00270988
5.3e-009,0.00220799
5.4e-009,0.00168554
5.5e-009,0.00111855
5.6e-009,0.000548143
5.7e-009,-5.13884e-006
5.8e-009,-0.000529301
5.9e-009,-0.00093013
6e-009,-0.00121962
6.1e-009,-0.00134295
6.2e-009,-0.00128642
6.3e-009,-0.00105175
6.4e-009,-0.000668049
6.5e-009,-0.000142175
6.6e-009,0.000495042
6.7e-009,0.00119564
6.8e-009,0.00193049
6.9e-009,0.00266192
7e-009,0.00334025
7.1e-009,0.00386441
7.2e-009,0.00423783
7.3e-009,0.00439542
7.4e-009,0.00439713
7.5e-009,0.00428751
7.6e-009,0.00406482
7.7e-009,0.00374279
7.8e-009,0.00335052
7.9e-009,0.00282294
8e-009,0.00219257
8.1e-009,0.00150739
8.2e-009,0.000841057
8.3e-009,0.000219257
8.4e-009,-0.000277497
8.5e-009,-0.000642355
8.6e-009,-0.000935269
8.7e-009,-0.00110828
8.8e-009,-0.00123503
8.9e-009,-0.00126758
9e-009,-0.00116138
9.1e-009,-0.000991796
9.2e-009,-0.000726289
9.3e-009,-0.000411107
9.4e-009,1.19906e-005
9.5e-009,0.000472773
9.6e-009,0.00100036
9.7e-009,0.00156049
9.8e-009,0.00211035
9.9e-009,0.00258484
1e-008,0.00293428
1.01e-008,0.00307988
1.02e-008,0.00303877
1.03e-008,0.00287775
1.04e-008,0.00258484
1.05e-008,0.0022354
1.06e-008,0.00180202
1.07e-008,0.00138749
1.08e-008,0.000969528
1.09e-008,0.000584115
1.1e-008,0.000179859
1.11e-008,-0.000243238
1.12e-008,-0.000644068
1.13e-008,-0.00100721
1.14e-008,-0.00134809
1.15e-008,-0.00158105
1.16e-008,-0.00174892
1.17e-008,-0.00180202
1.18e-008,-0.0018123
1.19e-008,-0.00174035
1.2e-008,-0.00159133
1.21e-008,-0.00137036
1.22e-008,-0.0010449
1.23e-008,-0.000637216
1.24e-008,-0.000176434
1.25e-008,0.000349441
1.26e-008,0.000935269
1.27e-008,0.0015211
1.28e-008,0.00206581
1.29e-008,0.00251289
1.3e-008,0.00283835
1.31e-008,0.00301479
1.32e-008,0.0030559
1.33e-008,0.00296854
1.34e-008,0.00277326
1.35e-008,0.00244438
1.36e-008,0.0019579
1.37e-008,0.00137207
1.38e-008,0.00066291
1.39e-008,-7.02308e-005
1.4e-008,-0.000717725
1.41e-008,-0.00120078
1.42e-008,-0.00154165
1.43e-008,-0.00175063
1.44e-008,-0.00187396
1.45e-008,-0.00194762
1.46e-008,-0.0019579
1.47e-008,-0.00184656
1.48e-008,-0.00161702
1.49e-008,-0.00125559
1.5e-008,-0.00078453
1.51e-008,-0.000236387
1.52e-008,0.000359719
1.53e-008,0.000955824
1.54e-008,0.00156392
1.55e-008,0.00214804
1.56e-008,0.00269789
1.57e-008,0.00312955
1.58e-008,0.00340705
1.59e-008,0.00352524
1.6e-008,0.0034927
1.61e-008,0.00335395
1.62e-008,0.00308159
1.63e-008,0.00274928
1.64e-008,0.00234331
1.65e-008,0.00182943
1.66e-008,0.00128642
1.67e-008,0.000674901
1.68e-008,8.05085e-005
1.69e-008,-0.000448792
1.7e-008,-0.000866751
1.71e-008,-0.0011374
1.72e-008,-0.00128985
1.73e-008,-0.00133096
1.74e-008,-0.00127957
1.75e-008,-0.00115281
1.76e-008,-0.00101064
1.77e-008,-0.000751984
1.78e-008,-0.000435089
1.79e-008,-3.2546e-005
1.8e-008,0.000440227
1.81e-008,0.00093013
1.82e-008,0.00140119
1.83e-008,0.00188082
1.84e-008,0.00236558
1.85e-008,0.00280923
1.86e-008,0.00319807
1.87e-008,0.00346872
1.88e-008,0.00357321
1.89e-008,0.00345501
1.9e-008,0.00313127
1.91e-008,0.00266363
1.92e-008,0.00214975
1.93e-008,0.00165128
1.94e-008,0.0012299
1.95e-008,0.00091814
1.96e-008,0.000594393
1.97e-008,0.000270646
1.98e-008,-7.19438e-005
1.99e-008,-0.000428237
2e-008,-0.000716012
2.01e-008,-0.000935269
2.02e-008,-0.00103976
2.03e-008,-0.00102948
2.04e-008,-0.000924991
2.05e-008,-0.000698882
2.06e-008,-0.000443653
2.07e-008,-7.70826e-005
2.08e-008,0.000368284
2.09e-008,0.000837631
2.1e-008,0.00136693
2.11e-008,0.00188082
2.12e-008,0.00233646
2.13e-008,0.00269618
2.14e-008,0.00292229
2.15e-008,0.00304219
2.16e-008,0.00302678
2.17e-008,0.00292743
2.18e-008,0.0027784
2.19e-008,0.00259854
2.2e-008,0.00234331
2.21e-008,0.00202813
2.22e-008,0.00161188
2.23e-008,0.00112883
2.24e-008,0.000652633
2.25e-008,0.000210692
2.26e-008,-0.000142175
2.27e-008,-0.000381987
2.28e-008,-0.000531014
2.29e-008,-0.00063379
2.3e-008,-0.000668049
2.31e-008,-0.000640642
2.32e-008,-0.000549856
2.33e-008,-0.000387126
2.34e-008,-0.000142175
2.35e-008,0.000178146
2.36e-008,0.000536152
2.37e-008,0.000902723
2.38e-008,0.00126758
2.39e-008,0.00165299
2.4e-008,0.00204355
2.41e-008,0.00244951
2.42e-008,0.00286919
2.43e-008,0.00322034
2.44e-008,0.00350469
2.45e-008,0.00365885
2.46e-008,0.00367427
2.47e-008,0.00354751
2.48e-008,0.00331969
2.49e-008,0.00298909
2.5e-008,0.00256771
2.51e-008,0.00210692
2.52e-008,0.0016136
2.53e-008,0.00113911
2.54e-008,0.000704021
2.55e-008,0.000340876
2.56e-008,6.5092e-005
2.57e-008,-0.000118193
2.58e-008,-0.000222683
2.59e-008,-0.00027921
2.6e-008,-0.000226109
2.61e-008,-9.7638e-005
2.62e-008,0.000140462
2.63e-008,0.000524162
2.64e-008,0.000991796
2.65e-008,0.00156392
2.66e-008,0.00213776
2.67e-008,0.00264822
2.68e-008,0.00302849
2.69e-008,0.00330256
2.7e-008,0.00344816
2.71e-008,0.00353552
2.72e-008,0.00356807
2.73e-008,0.00357149
2.74e-008,0.00344816
2.75e-008,0.00322034
2.76e-008,0.00286405
2.77e-008,0.00243067
2.78e-008,0.00195276
2.79e-008,0.00147656
2.8e-008,0.00104147
2.81e-008,0.000644068
2.82e-008,0.000277497
2.83e-008,-5.82402e-005
2.84e-008,-0.000380274
2.85e-008,-0.000599531
2.86e-008,-0.00075541
2.87e-008,-0.000805085
2.88e-008,-0.000791381
2.89e-008,-0.000668049
2.9e-008,-0.000467634
2.91e-008,-0.000203841
2.92e-008,7.53697e-005
2.93e-008,0.000424811
2.94e-008,0.000758835
2.95e-008,0.00106888
2.96e-008,0.00130869
2.97e-008,0.00145943
2.98e-008,0.00158961
2.99e-008,0.00168725
3e-008,0.00176262
3.01e-008,0.00181401
3.02e-008,0.00182086
3.03e-008,0.00175063
3.04e-008,0.0015742
3.05e-008,0.00129841
3.06e-008,0.000967815
3.07e-008,0.000625226
3.08e-008,0.000239813
3.09e-008,-0.000102777
3.1e-008,-0.000411107
3.11e-008,-0.000673188
3.12e-008,-0.000911288
3.13e-008,-0.00109286
3.14e-008,-0.00120078
3.15e-008,-0.00127786
3.16e-008,-0.00133439
3.17e-008,-0.00136522
3.18e-008,-0.00128814
3.19e-008,-0.00114425
3.2e-008,-0.000919852
3.21e-008,-0.000589254
3.22e-008,-0.000232961
3.23e-008,0.000150739
3.24e-008,0.000452218
3.25e-008,0.000666336
3.26e-008,0.000798233
3.27e-008,0.000895871
3.28e-008,0.000936982
3.29e-008,0.000931843
3.3e-008,0.000907862
3.31e-008,0.000830779
3.32e-008,0.000683466
3.33e-008,0.00045907
3.34e-008,0.000203841
3.35e-008,-4.96755e-005
3.36e-008,-0.000342589
3.37e-008,-0.000664623
3.38e-008,-0.00103976
3.39e-008,-0.00139948
3.4e-008,-0.00175577
3.41e-008,-0.00207095
3.42e-008,-0.00230049
3.43e-008,-0.00242896
3.44e-008,-0.00245808
3.45e-008,-0.00243067
3.46e-008,-0.0023416
3.47e-008,-0.00216345
3.48e-008,-0.00194248
3.49e-008,-0.00170781
3.5e-008,-0.00145087
3.51e-008,-0.00121619
3.52e-008,-0.000962676
3.53e-008,-0.000753697
3.54e-008,-0.000566985
3.55e-008,-0.000402543
3.56e-008,-0.000268933
3.57e-008,-0.000183285
3.58e-008,-0.000184998
3.59e-008,-0.000255229
3.6e-008,-0.000407681
3.61e-008,-0.000602957
3.62e-008,-0.000895871
3.63e-008,-0.00115967
3.64e-008,-0.0014817
3.65e-008,-0.00178832
3.66e-008,-0.00211549
3.67e-008,-0.00242382
3.68e-008,-0.00269447
3.69e-008,-0.00294969
3.7e-008,-0.00321178
3.71e-008,-0.00341733
3.72e-008,-0.0035852
3.73e-008,-0.00367085
3.74e-008,-0.00364858
3.75e-008,-0.00347214
3.76e-008,-0.00315182
3.77e-008,-0.00279039
3.78e-008,-0.00243752
3.79e-008,-0.00215489
3.8e-008,-0.00188767
3.81e-008,-0.00174035
3.82e-008,-0.00162045
3.83e-008,-0.00156392
3.84e-008,-0.00149198
3.85e-008,-0.00147313
3.86e-008,-0.00149369
3.87e-008,-0.00156221
3.88e-008,-0.00165985
3.89e-008,-0.00179859
3.9e-008,-0.00194591
3.91e-008,-0.00216345
3.92e-008,-0.00245465
3.93e-008,-0.00280067
3.94e-008,-0.00318951
3.95e-008,-0.00357835
3.96e-008,-0.00389182
3.97e-008,-0.00410936
3.98e-008,-0.00428579
3.99e-008,-0.00444681
4e-008,-0.00460954
4.01e-008,-0.00473972
4.02e-008,-0.00484079
4.03e-008,-0.00482023
4.04e-008,-0.0046301
4.05e-008,-0.00430635
4.06e-008,-0.00394834
4.07e-008,-0.00358006
4.08e-008,-0.00322034
4.09e-008,-0.00292914
4.1e-008,-0.00268933
4.11e-008,-0.00250604
4.12e-008,-0.00237928
4.13e-008,-0.00227993
4.14e-008,-0.00225766
4.15e-008,-0.00228165
4.16e-008,-0.00236044
4.17e-008,-0.00247692
4.18e-008,-0.00266021
4.19e-008,-0.00288803
4.2e-008,-0.0031621
4.21e-008,-0.00346187
4.22e-008,-0.00376848
4.23e-008,-0.00409737
4.24e-008,-0.004392
4.25e-008,-0.0046301
4.26e-008,-0.0048031
4.27e-008,-0.00486134
4.28e-008,-0.00483736
4.29e-008,-0.00475514
4.3e-008,-0.00467977
4.31e-008,-0.00461982
4.32e-008,-0.00455986
4.33e-008,-0.00446223
4.34e-008,-0.00429436
4.35e-008,-0.00405112
4.36e-008,-0.00374964
4.37e-008,-0.00343788
4.38e-008,-0.00318266
4.39e-008,-0.00301993
4.4e-008,-0.00290858
4.41e-008,-0.00283664
4.42e-008,-0.0028315
4.43e-008,-0.00288118
4.44e-008,-0.00300793
4.45e-008,-0.00319465
4.46e-008,-0.00345501
4.47e-008,-0.00372052
4.48e-008,-0.00398431
4.49e-008,-0.0041676
4.5e-008,-0.00429778
4.51e-008,-0.00440741
4.52e-008,-0.00449306
4.53e-008,-0.00461982
4.54e-008,-0.00470204
4.55e-008,-0.0048031
4.56e-008,-0.00490074
4.57e-008,-0.00497954
4.58e-008,-0.00501722
4.59e-008,-0.00502921
4.6e-008,-0.00497268
4.61e-008,-0.00483907
4.62e-008,-0.00465408
4.63e-008,-0.00441084
4.64e-008,-0.00413677
4.65e-008,-0.0038764
4.66e-008,-0.00362288
4.67e-008,-0.00341048
4.68e-008,-0.00320664
4.69e-008,-0.0030302
4.7e-008,-0.00289317
4.71e-008,-0.00285377
4.72e-008,-0.00289317
4.73e-008,-0.00299766
4.74e-008,-0.00312784
4.75e-008,-0.00333339
4.76e-008,-0.00352867
4.77e-008,-0.00369654
4.78e-008,-0.00385756
4.79e-008,-0.00400144
4.8e-008,-0.00414191
4.81e-008,-0.00419843
4.82e-008,-0.00423783
4.83e-008,-0.00424982
4.84e-008,-0.00421214
4.85e-008,-0.00417445
4.86e-008,-0.00411964
4.87e-008,-0.00405112
4.88e-008,-0.00397404
4.89e-008,-0.0038627
4.9e-008,-0.00368112
4.91e-008,-0.00346187
4.92e-008,-0.00318094
4.93e-008,-0.0029103
4.94e-008,-0.00266021
4.95e-008,-0.00242725
4.96e-008,-0.00223368
4.97e-008,-0.00209836
4.98e-008,-0.00202128
4.99e-008,-0.00196475
5e-008,-0.00198017
5.01e-008,-0.00201443
5.02e-008,-0.00212405
5.03e-008,-0.00223711
5.04e-008,-0.00237072
5.05e-008,-0.00247863
5.06e-008,-0.00256771
5.07e-008,-0.0026328
5.08e-008,-0.00268247
5.09e-008,-0.00266535
5.1e-008,-0.00262081
5.11e-008,-0.00262766
5.12e-008,-0.00260882
5.13e-008,-0.00257113
5.14e-008,-0.00254715
5.15e-008,-0.00251803
5.16e-008,-0.00244095
5.17e-008,-0.00229535
5.18e-008,-0.00205725
5.19e-008,-0.0018123
5.2e-008,-0.00154679
5.21e-008,-0.00126073
5.22e-008,-0.00106545
5.23e-008,-0.000923278
5.24e-008,-0.000841057
5.25e-008,-0.000746845
5.26e-008,-0.000654346
5.27e-008,-0.000495042
5.28e-008,-0.000349441
5.29e-008,-0.000244951
5.3e-008,-0.000186711
5.31e-008,-0.000202128
5.32e-008,-0.000358006
5.33e-008,-0.000536152
5.34e-008,-0.000746845
5.35e-008,-0.000969528
5.36e-008,-0.00114767
5.37e-008,-0.00124874
5.38e-008,-0.0013104
5.39e-008,-0.00131554
5.4e-008,-0.00131897
5.41e-008,-0.00131897
5.42e-008,-0.00126587
5.43e-008,-0.00120249
5.44e-008,-0.00107916
5.45e-008,-0.000885594
5.46e-008,-0.000668049
5.47e-008,-0.00047106
5.48e-008,-0.000313469
5.49e-008,-0.000159304
5.5e-008,-1.71295e-006
5.51e-008,0.000178146
5.52e-008,0.000363145
5.53e-008,0.000566985
5.54e-008,0.000781104
5.55e-008,0.000991796
5.56e-008,0.00111855
5.57e-008,0.00119392
5.58e-008,0.00116309
5.59e-008,0.00106545
5.6e-008,0.000858186
5.61e-008,0.000618374
5.62e-008,0.000407681
5.63e-008,0.000234674
5.64e-008,0.000137036
5.65e-008,0.000155878
5.66e-008,0.000219257
5.67e-008,0.000306617
5.68e-008,0.00032546
5.69e-008,0.000292914
5.7e-008,0.000263794
5.71e-008,0.00026722
5.72e-008,0.000359719
5.73e-008,0.000578976
5.74e-008,0.000906149
5.75e-008,0.00128471
5.76e-008,0.00160674
5.77e-008,0.00181744
5.78e-008,0.00192707
5.79e-008,0.00195447
5.8e-008,0.00191507
5.81e-008,0.00189795
5.82e-008,0.00191336
5.83e-008,0.00201785
5.84e-008,0.00218229
5.85e-008,0.00233132
5.86e-008,0.0024341
5.87e-008,0.00248206
5.88e-008,0.00244609
5.89e-008,0.00236387
5.9e-008,0.0022097
5.91e-008,0.00213604
5.92e-008,0.00205896
5.93e-008,0.00207267
5.94e-008,0.00208808
5.95e-008,0.00216003
5.96e-008,0.00224053
5.97e-008,0.00230734
5.98e-008,0.00243238
5.99e-008,0.00250604
6e-008,0.00258141
6.01e-008,0.00261396
6.02e-008,0.00263451
6.03e-008,0.00265164
6.04e-008,0.0026996
6.05e-008,0.00278868
6.06e-008,0.00292914
6.07e-008,0.00307474
6.08e-008,0.00322205
6.09e-008,0.00332997
6.1e-008,0.00341733
6.11e-008,0.00352011
6.12e-008,0.00366057
6.13e-008,0.00376506
6.14e-008,0.00379246
6.15e-008,0.00371538
6.16e-008,0.00352524
6.17e-008,0.00327344
6.18e-008,0.00303192
6.19e-008,0.00287775
6.2e-008,0.00280923
6.21e-008,0.00277326
6.22e-008,0.00274243
6.23e-008,0.00268076
6.24e-008,0.00262423
6.25e-008,0.0026465
6.26e-008,0.00273729
6.27e-008,0.00290687
6.28e-008,0.00307988
6.29e-008,0.0032409
6.3e-008,0.00331113
6.31e-008,0.00332483
6.32e-008,0.00333511
6.33e-008,0.00334196
6.34e-008,0.00336423
6.35e-008,0.00337793
6.36e-008,0.00338992
6.37e-008,0.0033865
6.38e-008,0.00339163
6.39e-008,0.00338821
6.4e-008,0.00337964
6.41e-008,0.00337622
6.42e-008,0.00338478
6.43e-008,0.00341219
6.44e-008,0.00345159
6.45e-008,0.0035064
6.46e-008,0.00355436
6.47e-008,0.00356293
6.48e-008,0.00348242
6.49e-008,0.00335566
6.5e-008,0.00316381
6.51e-008,0.00298395
6.52e-008,0.0028178
6.53e-008,0.00272701
6.54e-008,0.00269275
6.55e-008,0.00267391
6.56e-008,0.00266363
6.57e-008,0.00266192
6.58e-008,0.00264308
6.59e-008,0.00266363
6.6e-008,0.00274585
6.61e-008,0.00285206
6.62e-008,0.00296682
6.63e-008,0.00308159
6.64e-008,0.0031621
6.65e-008,0.00317923
6.66e-008,0.00318437
6.67e-008,0.00315696
6.68e-008,0.00308502
6.69e-008,0.00304905
6.7e-008,0.00300622
6.71e-008,0.00293257
6.72e-008,0.00287946
6.73e-008,0.00275271
6.74e-008,0.00263794
6.75e-008,0.00255058
6.76e-008,0.00244438
6.77e-008,0.00237757
6.78e-008,0.00232618
6.79e-008,0.00228507
6.8e-008,0.00219257
6.81e-008,0.00211378
6.82e-008,0.00203841
6.83e-008,0.00197674
6.84e-008,0.00192878
6.85e-008,0.0019185
6.86e-008,0.00194933
6.87e-008,0.00201785
6.88e-008,0.00209665
6.89e-008,0.00216003
6.9e-008,0.00218915
6.91e-008,0.00214804
6.92e-008,0.0021035
6.93e-008,0.00203498
6.94e-008,0.00198531
6.95e-008,0.00202128
6.96e-008,0.00208123
6.97e-008,0.00211035
6.98e-008,0.00209493
6.99e-008,0.00200072
7e-008,0.00187054
7.01e-008,0.00175406
7.02e-008,0.00166841
7.03e-008,0.00161017
7.04e-008,0.0015348
7.05e-008,0.00142003
7.06e-008,0.00121791
7.07e-008,0.00101064
7.08e-008,0.000822214
7.09e-008,0.000676614
7.1e-008,0.000594393
7.11e-008,0.000565272
7.12e-008,0.000539578
7.13e-008,0.00050018
7.14e-008,0.000455644
7.15e-008,0.000428237
7.16e-008,0.000440227
7.17e-008,0.000464209
7.18e-008,0.00051731
7.19e-008,0.000565272
7.2e-008,0.000611522
7.21e-008,0.000626939
7.22e-008,0.000584115
7.23e-008,0.000536152
7.24e-008,0.000493329
7.25e-008,0.000407681
7.26e-008,0.000349441
7.27e-008,0.000268933
7.28e-008,0.000215831
7.29e-008,0.000171295
7.3e-008,0.000166156
7.31e-008,0.000215831
7.32e-008,0.000227822
7.33e-008,0.000195276
7.34e-008,4.11107e-005
7.35e-008,-0.000135323
7.36e-008,-0.000332312
7.37e-008,-0.000477912
7.38e-008,-0.00054643
7.39e-008,-0.000525875
7.4e-008,-0.000498468
7.41e-008,-0.000438514
7.42e-008,-0.00040083
7.43e-008,-0.000375135
7.44e-008,-0.000392265
7.45e-008,-0.000395691
7.46e-008,-0.00040083
7.47e-008,-0.000373422
7.48e-008,-0.000337451
7.49e-008,-0.000263794
7.5e-008,-0.000231248
7.51e-008,-0.000244951
7.52e-008,-0.000277497
7.53e-008,-0.000335738
7.54e-008,-0.000369997
7.55e-008,-0.000344302
7.56e-008,-0.00027921
7.57e-008,-0.000219257
7.58e-008,-0.000202128
7.59e-008,-0.000231248
7.6e-008,-0.000342589
7.61e-008,-0.000501893
7.62e-008,-0.000649207
7.63e-008,-0.000753697
7.64e-008,-0.000805085
7.65e-008,-0.000760548
7.66e-008,-0.000673188
7.67e-008,-0.000570411
7.68e-008,-0.000489903
7.69e-008,-0.000416246
7.7e-008,-0.000397404
7.71e-008,-0.000414533
7.72e-008,-0.000460783
7.73e-008,-0.000423098
7.74e-008,-0.000399117
7.75e-008,-0.000313469
7.76e-008,-0.00022097
7.77e-008,-0.000138749
7.78e-008,-3.76848e-005
7.79e-008,2.39813e-005
7.8e-008,0.000119906
7.81e-008,0.000202128
7.82e-008,0.000277497
7.83e-008,0.000315182
7.84e-008,0.000275784
7.85e-008,0.000212405
7.86e-008,0.000106203
7.87e-008,5.48143e-005
7.88e-008,2.39813e-005
7.89e-008,1.88424e-005
7.9e-008,3.42589e-005
7.91e-008,7.36567e-005
7.92e-008,0.00010449
7.93e-008,0.000121619
7.94e-008,0.00016273
7.95e-008,0.000190137
7.96e-008,0.00019185
7.97e-008,0.000219257
7.98e-008,0.000246664
7.99e-008,0.000315182
8e-008,0.000435089
8.01e-008,0.000549856
8.02e-008,0.00063379
8.03e-008,0.000659485
8.04e-008,0.000657772
8.05e-008,0.000669762
8.06e-008,0.000707447
8.07e-008,0.000799946
8.08e-008,0.000924991
8.09e-008,0.00107402
8.1e-008,0.00119392
8.11e-008,0.00123675
8.12e-008,0.00123332
8.13e-008,0.00116652
8.14e-008,0.00110999
8.15e-008,0.0010843
8.16e-008,0.001098
8.17e-008,0.00116823
8.18e-008,0.00126415
8.19e-008,0.00135665
8.2e-008,0.00139263
8.21e-008,0.00137036
8.22e-008,0.00131726
8.23e-008,0.00126758
8.24e-008,0.00123332
8.25e-008,0.00125388
8.26e-008,0.001283
8.27e-008,0.00132411
8.28e-008,0.00144059
8.29e-008,0.00159133
8.3e-008,0.0017866
8.31e-008,0.00200243
8.32e-008,0.00215317
8.33e-008,0.00230905
8.34e-008,0.00242896
8.35e-008,0.00253687
8.36e-008,0.00267905
8.37e-008,0.00280067
8.38e-008,0.00288632
8.39e-008,0.0029377
8.4e-008,0.00290344
8.41e-008,0.00285206
8.42e-008,0.00282122
8.43e-008,0.00282636
8.44e-008,0.00288803
8.45e-008,0.00293599
8.46e-008,0.00297539
8.47e-008,0.00300622
8.48e-008,0.00302335
8.49e-008,0.00306617
8.5e-008,0.00316553
8.51e-008,0.00331284
8.52e-008,0.00344302
8.53e-008,0.00356293
8.54e-008,0.00362631
8.55e-008,0.00365543
8.56e-008,0.00363487
8.57e-008,0.0036777
8.58e-008,0.00377362
8.59e-008,0.0039295
8.6e-008,0.0041282
8.61e-008,0.00436116
8.62e-008,0.004565
8.63e-008,0.00471574
8.64e-008,0.00480824
8.65e-008,0.00484079
8.66e-008,0.00482023
8.67e-008,0.0047894
8.68e-008,0.00476028
8.69e-008,0.00473801
8.7e-008,0.00474315
8.71e-008,0.00477741
8.72e-008,0.00486648
8.73e-008,0.00494356
8.74e-008,0.00502407
8.75e-008,0.00514055
8.76e-008,0.0052656
8.77e-008,0.00543004
8.78e-008,0.00560819
8.79e-008,0.00575208
8.8e-008,0.00582059
8.81e-008,0.00579661
8.82e-008,0.00568356
8.83e-008,0.00560305
8.84e-008,0.00562874
8.85e-008,0.00578633
8.86e-008,0.00598675
8.87e-008,0.00617003
8.88e-008,0.00630022
8.89e-008,0.00635161
8.9e-008,0.00637388
8.91e-008,0.0063773
8.92e-008,0.0064304
8.93e-008,0.00649892
8.94e-008,0.00657258
8.95e-008,0.00663938
8.96e-008,0.00671133
8.97e-008,0.00683466
8.98e-008,0.00698197
8.99e-008,0.00715498
9e-008,0.00731257
9.01e-008,0.00740678
9.02e-008,0.00742562
9.03e-008,0.00741535
9.04e-008,0.00738794
9.05e-008,0.00737938
9.06e-008,0.00740164
9.07e-008,0.00745817
9.08e-008,0.00749928
9.09e-008,0.00751984
9.1e-008,0.00751984
9.11e-008,0.00746845
9.12e-008,0.0074085
9.13e-008,0.00739822
9.14e-008,0.00740336
9.15e-008,0.00747359
9.16e-008,0.00758493
9.17e-008,0.00773053
9.18e-008,0.00786414
9.19e-008,0.0080046
9.2e-008,0.00811766
9.21e-008,0.00815877
9.22e-008,0.00816048
9.23e-008,0.0081108
9.24e-008,0.00805942
9.25e-008,0.008044
9.26e-008,0.00808168
9.27e-008,0.00819474
9.28e-008,0.0083489
9.29e-008,0.00845511
9.3e-008,0.00850649
9.31e-008,0.0084414
9.32e-008,0.00831978
9.33e-008,0.00817932
9.34e-008,0.00808682
9.35e-008,0.00805428
9.36e-008,0.00811252
9.37e-008,0.00823927
9.38e-008,0.00840886
9.39e-008,0.0085733
9.4e-008,0.0087326
9.41e-008,0.00883709
9.42e-008,0.00888334
9.43e-008,0.00889533
9.44e-008,0.00889191
9.45e-008,0.0088645
9.46e-008,0.00883881
9.47e-008,0.00885936
9.48e-008,0.00889191
9.49e-008,0.00895186
9.5e-008,0.00903408
9.51e-008,0.00910603
9.52e-008,0.009142
9.53e-008,0.00913172
9.54e-008,0.00907862
9.55e-008,0.0089964
9.56e-008,0.0089039
9.57e-008,0.00886621
9.58e-008,0.00884394
9.59e-008,0.00885936
9.6e-008,0.00889019
9.61e-008,0.00893987
9.62e-008,0.00897584
9.63e-008,0.00898269
9.64e-008,0.0089313
9.65e-008,0.00885936
9.66e-008,0.00877029
9.67e-008,0.00863325
9.68e-008,0.00853048
9.69e-008,0.00846196
9.7e-008,0.00843626
9.71e-008,0.00845682
9.72e-008,0.00849108
9.73e-008,0.0085339
9.74e-008,0.0085733
9.75e-008,0.00858186
9.76e-008,0.00860756
9.77e-008,0.00866237
9.78e-008,0.00869663
9.79e-008,0.00873603
9.8e-008,0.00880455
9.81e-008,0.0088251
9.82e-008,0.00884052
9.83e-008,0.00880626
9.84e-008,0.00879256
9.85e-008,0.00872746
9.86e-008,0.00868635
9.87e-008,0.00859043
9.88e-008,0.00851677
9.89e-008,0.00846196
9.9e-008,0.00839173
9.91e-008,0.00830951
9.92e-008,0.00823585
9.93e-008,0.00815705
9.94e-008,0.00811423
9.95e-008,0.00807997
9.96e-008,0.00809025
9.97e-008,0.0081365
9.98e-008,0.00821015
9.99e-008,0.00822728
1e-007,0.00819474
1.001e-007,0.0081502
1.002e-007,0.00807826
1.003e-007,0.00802344
1.004e-007,0.00799261
1.005e-007,0.00799604
1.006e-007,0.00805085
1.007e-007,0.00810224
1.008e-007,0.0081108
1.009e-007,0.00811423
1.01e-007,0.00807997
1.011e-007,0.00799261
1.012e-007,0.00792067
1.013e-007,0.00785386
1.014e-007,0.00783159
1.015e-007,0.007859
1.016e-007,0.00790696
1.017e-007,0.00797377
1.018e-007,0.00802173
1.019e-007,0.00800803
1.02e-007,0.00793094
1.021e-007,0.00782988
1.022e-007,0.00773053
1.023e-007,0.00766544
1.024e-007,0.00763803
1.025e-007,0.00764317
1.026e-007,0.00764146
1.027e-007,0.00760891
1.028e-007,0.00753354
1.029e-007,0.00747873
1.03e-007,0.0074616
1.031e-007,0.00747873
1.032e-007,0.00750785
1.033e-007,0.00749757
1.034e-007,0.00741192
1.035e-007,0.00726632
1.036e-007,0.00712072
1.037e-007,0.00702822
1.038e-007,0.00699396
1.039e-007,0.00701794
1.04e-007,0.00704364
1.041e-007,0.00704364
1.042e-007,0.00698882
1.043e-007,0.00685864
1.044e-007,0.0067079
1.045e-007,0.00652975
1.046e-007,0.00642355
1.047e-007,0.00634476
1.048e-007,0.00630022
1.049e-007,0.00623684
1.05e-007,0.00618716
1.051e-007,0.00611693
1.052e-007,0.00605527
1.053e-007,0.00603129
1.054e-007,0.00603129
1.055e-007,0.00608953
1.056e-007,0.00611865
1.057e-007,0.00610837
1.058e-007,0.00603129
1.059e-007,0.00589082
1.06e-007,0.00572296
1.061e-007,0.00554652
1.062e-007,0.00541291
1.063e-007,0.00531527
1.064e-007,0.0052656
1.065e-007,0.00523134
1.066e-007,0.00520393
1.067e-007,0.00519194
1.068e-007,0.00514398
1.069e-007,0.00507546
1.07e-007,0.00498296
1.071e-007,0.00488532
1.072e-007,0.0047757
1.073e-007,0.00467292
1.074e-007,0.00458898
1.075e-007,0.0045119
1.076e-007,0.00439885
1.077e-007,0.00427723
1.078e-007,0.00419158
1.079e-007,0.00412478
1.08e-007,0.00408024
1.081e-007,0.00401515
1.082e-007,0.00397404
1.083e-007,0.00390723
1.084e-007,0.00378047
1.085e-007,0.00360061
1.086e-007,0.00342075
1.087e-007,0.0032546
1.088e-007,0.00312784
1.089e-007,0.00304733
1.09e-007,0.00300793
1.091e-007,0.00298909
1.092e-007,0.00298909
1.093e-007,0.00297025
1.094e-007,0.00292571
1.095e-007,0.00288289
1.096e-007,0.00283493
1.097e-007,0.00282122
1.098e-007,0.00276641
1.099e-007,0.00270988
1.1e-007,0.00260539
1.101e-007,0.00250604
1.102e-007,0.00237072
1.103e-007,0.00227993
1.104e-007,0.002196
1.105e-007,0.00209322
1.106e-007,0.00200243
1.107e-007,0.00188253
1.108e-007,0.00173864
1.109e-007,0.00160332
1.11e-007,0.00148684
1.111e-007,0.0014286
1.112e-007,0.00139776
1.113e-007,0.00140976
1.114e-007,0.00141147
1.115e-007,0.00140119
1.116e-007,0.00135152
1.117e-007,0.00131383
1.118e-007,0.00127786
1.119e-007,0.00125045
1.12e-007,0.00125559
1.121e-007,0.00121105
1.122e-007,0.00114254
1.123e-007,0.000983232
1.124e-007,0.000782817
1.125e-007,0.000553282
1.126e-007,0.000364858
1.127e-007,0.000248377
1.128e-007,0.000205554
1.129e-007,0.000219257
1.13e-007,0.000205554
1.131e-007,0.000154165
1.132e-007,3.93978e-005
1.133e-007,-7.87956e-005
1.134e-007,-0.000169582
1.135e-007,-0.000186711
1.136e-007,-0.000171295
1.137e-007,-0.000143888
1.138e-007,-0.000212405
1.139e-007,-0.000352867
1.14e-007,-0.000495042
1.141e-007,-0.000640642
1.142e-007,-0.000700595
1.143e-007,-0.000728002
1.144e-007,-0.000666336
1.145e-007,-0.000606383
1.146e-007,-0.000625226
1.147e-007,-0.000671475
1.148e-007,-0.000791381
1.149e-007,-0.000916427
1.15e-007,-0.00102777
1.151e-007,-0.00114425
1.152e-007,-0.0012042
1.153e-007,-0.00119906
1.154e-007,-0.00118365
1.155e-007,-0.00112541
1.156e-007,-0.0011374
1.157e-007,-0.00118193
1.158e-007,-0.00128985
1.159e-007,-0.00146114
1.16e-007,-0.00166327
1.161e-007,-0.00182943
1.162e-007,-0.00193906
1.163e-007,-0.00196646
1.164e-007,-0.00192535
1.165e-007,-0.00181744
1.166e-007,-0.00173864
1.167e-007,-0.00167012
1.168e-007,-0.00168897
1.169e-007,-0.00177804
1.17e-007,-0.00188938
1.171e-007,-0.0019973
1.172e-007,-0.00206924
1.173e-007,-0.00209493
1.174e-007,-0.00208466
1.175e-007,-0.00207438
1.176e-007,-0.00209151
1.177e-007,-0.00212234
1.178e-007,-0.00215317
1.179e-007,-0.00221827
1.18e-007,-0.00231419
1.181e-007,-0.00244951
1.182e-007,-0.00258998
1.183e-007,-0.00269275
1.184e-007,-0.00273729
1.185e-007,-0.00271502
1.186e-007,-0.00261224
1.187e-007,-0.00247007
1.188e-007,-0.00237928
1.189e-007,-0.00238271
1.19e-007,-0.00246836
1.191e-007,-0.00258998
1.192e-007,-0.00273729
1.193e-007,-0.0028315
1.194e-007,-0.00285891
1.195e-007,-0.00279724
1.196e-007,-0.0026996
1.197e-007,-0.00258484
1.198e-007,-0.00253687
1.199e-007,-0.00252146
1.2e-007,-0.00255743
1.201e-007,-0.00262423
1.202e-007,-0.00271159
1.203e-007,-0.00278183
1.204e-007,-0.00282294
1.205e-007,-0.00290173
1.206e-007,-0.00297539
1.207e-007,-0.00306104
1.208e-007,-0.00313641
1.209e-007,-0.00321691
1.21e-007,-0.00323233
1.211e-007,-0.0032409
1.212e-007,-0.00322205
1.213e-007,-0.00319636
1.214e-007,-0.00316724
1.215e-007,-0.00313127
1.216e-007,-0.00312784
1.217e-007,-0.00312099
1.218e-007,-0.00313641
1.219e-007,-0.00317409
1.22e-007,-0.00322034
1.221e-007,-0.00329914
1.222e-007,-0.0033471
1.223e-007,-0.00338136
1.224e-007,-0.00342075
1.225e-007,-0.00345673
1.226e-007,-0.00347214
1.227e-007,-0.00345673
1.228e-007,-0.00340534
1.229e-007,-0.00329914
1.23e-007,-0.0032289
1.231e-007,-0.00322034
1.232e-007,-0.00324603
1.233e-007,-0.00333168
1.234e-007,-0.00342075
1.235e-007,-0.00349612
1.236e-007,-0.00345844
1.237e-007,-0.00342075
1.238e-007,-0.00339677
1.239e-007,-0.0034139
1.24e-007,-0.00348242
1.241e-007,-0.00352353
1.242e-007,-0.00354751
1.243e-007,-0.00351839
1.244e-007,-0.00345673
1.245e-007,-0.0034139
1.246e-007,-0.0034139
1.247e-007,-0.00347386
1.248e-007,-0.00354751
1.249e-007,-0.00356636
1.25e-007,-0.00355436
1.251e-007,-0.0035064
1.252e-007,-0.00350126
1.253e-007,-0.00351497
1.254e-007,-0.00354923
1.255e-007,-0.00358006
1.256e-007,-0.00360404
1.257e-007,-0.00354923
1.258e-007,-0.00341904
1.259e-007,-0.00334025
1.26e-007,-0.00330599
1.261e-007,-0.00333682
1.262e-007,-0.00339163
1.263e-007,-0.00347557
1.264e-007,-0.00350983
1.265e-007,-0.00344302
1.266e-007,-0.00327002
1.267e-007,-0.00306789
1.268e-007,-0.00291201
1.269e-007,-0.0028572
1.27e-007,-0.00288118
1.271e-007,-0.00296682
1.272e-007,-0.00302678
1.273e-007,-0.00306446
1.274e-007,-0.00305247
1.275e-007,-0.00301479
1.276e-007,-0.00302849
1.277e-007,-0.00306275
1.278e-007,-0.00308502
1.279e-007,-0.00307817
1.28e-007,-0.00303877
1.281e-007,-0.00296511
1.282e-007,-0.00287775
1.283e-007,-0.00283493
1.284e-007,-0.0028315
1.285e-007,-0.00280923
1.286e-007,-0.00277669
1.287e-007,-0.00278354
1.288e-007,-0.00281095
1.289e-007,-0.00286576
1.29e-007,-0.00296511
1.291e-007,-0.00304905
1.292e-007,-0.00309187
1.293e-007,-0.00306275
1.294e-007,-0.00296854
1.295e-007,-0.00286233
1.296e-007,-0.00276984
1.297e-007,-0.00275442
1.298e-007,-0.00275613
1.299e-007,-0.00280581
1.3e-007,-0.00288632
1.301e-007,-0.00294798
1.302e-007,-0.00297881
1.303e-007,-0.00298395
1.304e-007,-0.002924
1.305e-007,-0.00284692
1.306e-007,-0.0028178
1.307e-007,-0.00278868
1.308e-007,-0.00287604
1.309e-007,-0.00300451
1.31e-007,-0.00312955
1.311e-007,-0.00325631
1.312e-007,-0.00327858
1.313e-007,-0.00325631
1.314e-007,-0.00319636
1.315e-007,-0.00314668
1.316e-007,-0.00312613
1.317e-007,-0.00317923
1.318e-007,-0.00323576
1.319e-007,-0.00329057
1.32e-007,-0.00333682
1.321e-007,-0.00336251
1.322e-007,-0.00333682
1.323e-007,-0.00327173
1.324e-007,-0.00319465
1.325e-007,-0.0031227
1.326e-007,-0.00305247
1.327e-007,-0.00299937
1.328e-007,-0.00299766
1.329e-007,-0.00304048
1.33e-007,-0.00307817
1.331e-007,-0.00313812
1.332e-007,-0.0032015
1.333e-007,-0.00320664
1.334e-007,-0.00320835
1.335e-007,-0.00319293
1.336e-007,-0.00319293
1.337e-007,-0.00319636
1.338e-007,-0.00317923
1.339e-007,-0.0031621
1.34e-007,-0.00316039
1.341e-007,-0.00318094
1.342e-007,-0.00319807
1.343e-007,-0.00323062
1.344e-007,-0.0033214
1.345e-007,-0.00338821
1.346e-007,-0.00342761
1.347e-007,-0.00344816
1.348e-007,-0.00340876
1.349e-007,-0.00342761
1.35e-007,-0.00346529
1.351e-007,-0.00350469
1.352e-007,-0.00356293
1.353e-007,-0.00361603
1.354e-007,-0.00366228
1.355e-007,-0.00362631
1.356e-007,-0.00360918
1.357e-007,-0.00360918
1.358e-007,-0.00363145
1.359e-007,-0.0036777
1.36e-007,-0.0037308
1.361e-007,-0.00379589
1.362e-007,-0.00380103
1.363e-007,-0.00376677
1.364e-007,-0.00371196
1.365e-007,-0.00366228
1.366e-007,-0.00361432
1.367e-007,-0.00359034
1.368e-007,-0.00361432
1.369e-007,-0.00369311
1.37e-007,-0.0037976
1.371e-007,-0.00391066
1.372e-007,-0.00402543
1.373e-007,-0.0041145
1.374e-007,-0.00413677
1.375e-007,-0.00413677
1.376e-007,-0.00410593
1.377e-007,-0.0040888
1.378e-007,-0.00410251
1.379e-007,-0.00413334
1.38e-007,-0.00417788
1.381e-007,-0.00422584
1.382e-007,-0.00423269
1.383e-007,-0.00421899
1.384e-007,-0.00418816
1.385e-007,-0.00413677
1.386e-007,-0.00415732
1.387e-007,-0.00418816
1.388e-007,-0.00424297
1.389e-007,-0.00427894
1.39e-007,-0.00431663
1.391e-007,-0.00431149
1.392e-007,-0.00427209
1.393e-007,-0.00424126
1.394e-007,-0.00424982
1.395e-007,-0.00429264
1.396e-007,-0.00436116
1.397e-007,-0.00446051
1.398e-007,-0.00455986
1.399e-007,-0.00462496
1.4e-007,-0.00467292
1.401e-007,-0.0046832
1.402e-007,-0.00472088
1.403e-007,-0.00475685
1.404e-007,-0.00479454
1.405e-007,-0.00485963
1.406e-007,-0.00492301
1.407e-007,-0.0049744
1.408e-007,-0.00496069
1.409e-007,-0.00492472
1.41e-007,-0.00484764
1.411e-007,-0.00475857
1.412e-007,-0.00466607
1.413e-007,-0.00454616
1.414e-007,-0.00445366
1.415e-007,-0.00438001
1.416e-007,-0.00436288
1.417e-007,-0.00443825
1.418e-007,-0.00455644
1.419e-007,-0.00466093
1.42e-007,-0.00476028
1.421e-007,-0.00474829
1.422e-007,-0.0046301
1.423e-007,-0.00446565
1.424e-007,-0.00430464
1.425e-007,-0.00421899
1.426e-007,-0.00419158
1.427e-007,-0.00424811
1.428e-007,-0.00434917
1.429e-007,-0.00444338
1.43e-007,-0.00450334
1.431e-007,-0.00452389
1.432e-007,-0.00450505
1.433e-007,-0.00443311
1.434e-007,-0.00433033
1.435e-007,-0.00423954
1.436e-007,-0.00417788
1.437e-007,-0.00414533
1.438e-007,-0.00416417
1.439e-007,-0.0041813
1.44e-007,-0.00417274
1.441e-007,-0.00410765
1.442e-007,-0.0040614
1.443e-007,-0.00402885
1.444e-007,-0.00401686
1.445e-007,-0.00402371
1.446e-007,-0.00406825
1.447e-007,-0.00411964
1.448e-007,-0.00412478
1.449e-007,-0.00406996
1.45e-007,-0.00397575
1.451e-007,-0.00386098
1.452e-007,-0.00373765
1.453e-007,-0.00362117
1.454e-007,-0.00352867
1.455e-007,-0.00349099
1.456e-007,-0.00349612
1.457e-007,-0.0035321
1.458e-007,-0.00359719
1.459e-007,-0.00364173
1.46e-007,-0.00365372
1.461e-007,-0.00361432
1.462e-007,-0.00354066
1.463e-007,-0.0034396
1.464e-007,-0.00331969
1.465e-007,-0.00321691
1.466e-007,-0.00317066
1.467e-007,-0.00316724
1.468e-007,-0.00319293
1.469e-007,-0.00316039
1.47e-007,-0.00311756
1.471e-007,-0.00303705
1.472e-007,-0.00293085
1.473e-007,-0.00285206
1.474e-007,-0.00281266
1.475e-007,-0.00284007
1.476e-007,-0.00289317
1.477e-007,-0.00294113
1.478e-007,-0.00294284
1.479e-007,-0.00288974
1.48e-007,-0.00279724
1.481e-007,-0.00268076
1.482e-007,-0.00256257
1.483e-007,-0.00248206
1.484e-007,-0.00241868
1.485e-007,-0.00237928
1.486e-007,-0.00231077
1.487e-007,-0.00224053
1.488e-007,-0.00219771
1.489e-007,-0.00216174
1.49e-007,-0.00212577
1.491e-007,-0.0020898
1.492e-007,-0.00205211
1.493e-007,-0.00198531
1.494e-007,-0.0019048
1.495e-007,-0.00184998
1.496e-007,-0.00183457
1.497e-007,-0.00178832
1.498e-007,-0.00178832
1.499e-007,-0.00171637
1.5e-007,-0.00166327
1.501e-007,-0.00157591
1.502e-007,-0.00149712
1.503e-007,-0.00142346
1.504e-007,-0.00138406
1.505e-007,-0.00132411
1.506e-007,-0.00124531
1.507e-007,-0.00118707
1.508e-007,-0.00111855
1.509e-007,-0.00105689
1.51e-007,-0.000984944
1.511e-007,-0.000952398
1.512e-007,-0.000931843
1.513e-007,-0.000938695
1.514e-007,-0.000928417
1.515e-007,-0.000895871
1.516e-007,-0.000868464
1.517e-007,-0.00087189
1.518e-007,-0.000880455
1.519e-007,-0.00093013
1.52e-007,-0.000943834
1.521e-007,-0.000919852
1.522e-007,-0.000798233
1.523e-007,-0.000625226
1.524e-007,-0.000436801
1.525e-007,-0.000315182
1.526e-007,-0.000239813
1.527e-007,-0.00025009
1.528e-007,-0.000244951
1.529e-007,-0.000210692
1.53e-007,-0.000166156
1.531e-007,-4.96755e-005
1.532e-007,7.87956e-005
1.533e-007,0.000178146
1.534e-007,0.000255229
1.535e-007,0.00032546
1.536e-007,0.000366571
1.537e-007,0.000414533
1.538e-007,0.000489903
1.539e-007,0.000630364
1.54e-007,0.000774252
1.541e-007,0.000916427
1.542e-007,0.00103462
1.543e-007,0.00109457
1.544e-007,0.0010843
1.545e-007,0.00104832
1.546e-007,0.00103462
1.547e-007,0.00103805
1.548e-007,0.001098
1.549e-007,0.0011648
1.55e-007,0.00126244
1.551e-007,0.0013498
1.552e-007,0.00139263
1.553e-007,0.00140119
1.554e-007,0.00139434
1.555e-007,0.00138577
1.556e-007,0.00138064
1.557e-007,0.00139605
1.558e-007,0.00143545
1.559e-007,0.00146286
1.56e-007,0.00150225
1.561e-007,0.00157077
1.562e-007,0.00163758
1.563e-007,0.00170781
1.564e-007,0.00185683
1.565e-007,0.00200243
1.566e-007,0.00211035
1.567e-007,0.00222341
1.568e-007,0.00225424
1.569e-007,0.0022628
1.57e-007,0.00222683
1.571e-007,0.00221313
1.572e-007,0.00220285
1.573e-007,0.00220456
1.574e-007,0.00225938
1.575e-007,0.00235359
1.576e-007,0.0024341
1.577e-007,0.002554
1.578e-007,0.00260882
1.579e-007,0.0026722
1.58e-007,0.00270474
1.581e-007,0.00272701
1.582e-007,0.002739
1.583e-007,0.00276298
1.584e-007,0.00278183
1.585e-007,0.00275442
1.586e-007,0.00273044
1.587e-007,0.00269618
1.588e-007,0.00269104
1.589e-007,0.00273386
1.59e-007,0.00277497
1.591e-007,0.00288803
1.592e-007,0.00303192
1.593e-007,0.00311414
1.594e-007,0.00313127
1.595e-007,0.00310215
1.596e-007,0.0030028
1.597e-007,0.00292914
1.598e-007,0.00288974
1.599e-007,0.00293599
1.6e-007,0.00303363
1.601e-007,0.00313469
1.602e-007,0.00320835
1.603e-007,0.00321691
1.604e-007,0.00317752
1.605e-007,0.00309701
1.606e-007,0.00304733
1.607e-007,0.0030559
1.608e-007,0.00313127
1.609e-007,0.00326145
1.61e-007,0.00338307
1.611e-007,0.00348585
1.612e-007,0.00351154
1.613e-007,0.00349099
1.614e-007,0.00340363
1.615e-007,0.0033471
1.616e-007,0.0033608
1.617e-007,0.00342418
1.618e-007,0.00351154
1.619e-007,0.00358177
1.62e-007,0.00361603
1.621e-007,0.00360233
1.622e-007,0.00355265
1.623e-007,0.00349955
1.624e-007,0.00352353
1.625e-007,0.00360575
1.626e-007,0.00371709
1.627e-007,0.00384043
1.628e-007,0.00391066
1.629e-007,0.00391408
1.63e-007,0.00385927
1.631e-007,0.00374108
1.632e-007,0.00360575
1.633e-007,0.00350812
1.634e-007,0.00345501
1.635e-007,0.00344816
1.636e-007,0.00349612
1.637e-007,0.00357492
1.638e-007,0.00365372
1.639e-007,0.0037051
1.64e-007,0.00376334
1.641e-007,0.00378219
1.642e-007,0.00378561
1.643e-007,0.00378561
1.644e-007,0.00375307
1.645e-007,0.00372052
1.646e-007,0.00364686
1.647e-007,0.00362631
1.648e-007,0.00361946
1.649e-007,0.00368112
1.65e-007,0.00378219
1.651e-007,0.00384899
1.652e-007,0.00392265
1.653e-007,0.00393635
1.654e-007,0.00387126
1.655e-007,0.00376334
1.656e-007,0.00368969
1.657e-007,0.00367085
1.658e-007,0.00367598
1.659e-007,0.00373422
1.66e-007,0.00383015
1.661e-007,0.00390381
1.662e-007,0.00390723
1.663e-007,0.00382672
1.664e-007,0.00375307
1.665e-007,0.00368969
1.666e-007,0.00365029
1.667e-007,0.00365372
1.668e-007,0.00368284
1.669e-007,0.00371881
1.67e-007,0.00376506
1.671e-007,0.00377362
1.672e-007,0.00374279
1.673e-007,0.00373251
1.674e-007,0.00371024
1.675e-007,0.00370682
1.676e-007,0.00372909
1.677e-007,0.00378219
1.678e-007,0.00384899
1.679e-007,0.00391922
1.68e-007,0.00393635
1.681e-007,0.00391066
1.682e-007,0.00378904
1.683e-007,0.00365543
1.684e-007,0.00349784
1.685e-007,0.00338136
1.686e-007,0.00330256
1.687e-007,0.00328029
1.688e-007,0.00331798
1.689e-007,0.00334196
1.69e-007,0.0033471
1.691e-007,0.00334025
1.692e-007,0.00338821
1.693e-007,0.00343446
1.694e-007,0.00352353
1.695e-007,0.00359376
1.696e-007,0.00367427
1.697e-007,0.0037051
1.698e-007,0.00367256
1.699e-007,0.00354237
1.7e-007,0.00337108
1.701e-007,0.00319122
1.702e-007,0.0030165
1.703e-007,0.00288974
1.704e-007,0.00286062
1.705e-007,0.00288118
1.706e-007,0.0030028
1.707e-007,0.00312955
1.708e-007,0.00326488
1.709e-007,0.00335224
1.71e-007,0.00335052
1.711e-007,0.00330427
1.712e-007,0.0032015
1.713e-007,0.0031227
1.714e-007,0.00304562
1.715e-007,0.00302164
1.716e-007,0.00298567
1.717e-007,0.00292743
1.718e-007,0.00287946
1.719e-007,0.00284692
1.72e-007,0.00282808
1.721e-007,0.00283321
1.722e-007,0.00281095
1.723e-007,0.00280409
1.724e-007,0.00278183
1.725e-007,0.00273044
1.726e-007,0.00267391
1.727e-007,0.00262937
1.728e-007,0.00261224
1.729e-007,0.00260882
1.73e-007,0.00258655
1.731e-007,0.00258312
1.732e-007,0.0025934
1.733e-007,0.00260882
1.734e-007,0.00262595
1.735e-007,0.00261567
1.736e-007,0.00255743
1.737e-007,0.00248206
1.738e-007,0.00238956
1.739e-007,0.00229877
1.74e-007,0.00221484
1.741e-007,0.00217544
1.742e-007,0.00216174
1.743e-007,0.00213947
1.744e-007,0.00212234
1.745e-007,0.00209665
1.746e-007,0.00211035
1.747e-007,0.00209493
1.748e-007,0.00207609
1.749e-007,0.00201785
1.75e-007,0.00196304
1.751e-007,0.00188767
1.752e-007,0.00181401
1.753e-007,0.00176091
1.754e-007,0.0017335
1.755e-007,0.00168211
1.756e-007,0.0016273
