LECROYWM8500,500500138,Waveform
Segments,1,SegmentSize,2002
Segment,TrigTime,TimeSinceSegment1
#1,21-Mar-2024 16:47:34,0                 
Time,Ampl
-2.45e-008,0.000277497
-2.44e-008,0.000298053
-2.43e-008,0.00026722
-2.42e-008,0.000181572
-2.41e-008,8.05085e-005
-2.4e-008,1.19906e-005
-2.39e-008,-4.28237e-005
-2.38e-008,-4.45366e-005
-2.37e-008,1.71295e-005
-2.36e-008,0.000106203
-2.35e-008,0.000215831
-2.34e-008,0.000344302
-2.33e-008,0.000416246
-2.32e-008,0.000489903
-2.31e-008,0.000469347
-2.3e-008,0.00041282
-2.29e-008,0.000328886
-2.28e-008,0.000227822
-2.27e-008,0.000169582
-2.26e-008,0.000149026
-2.25e-008,0.000161017
-2.24e-008,0.000227822
-2.23e-008,0.000272359
-2.22e-008,0.000291201
-2.21e-008,0.000286062
-2.2e-008,0.000243238
-2.19e-008,0.000222683
-2.18e-008,0.000152452
-2.17e-008,0.000101064
-2.16e-008,2.74071e-005
-2.15e-008,8.56473e-006
-2.14e-008,-1.37036e-005
-2.13e-008,2.39813e-005
-2.12e-008,9.07862e-005
-2.11e-008,0.000179859
-2.1e-008,0.000265507
-2.09e-008,0.000330599
-2.08e-008,0.000395691
-2.07e-008,0.000426524
-2.06e-008,0.000440227
-2.05e-008,0.00040083
-2.04e-008,0.000335738
-2.03e-008,0.000260368
-2.02e-008,0.000188424
-2.01e-008,0.000138749
-2e-008,0.000173008
-1.99e-008,0.000210692
-1.98e-008,0.000263794
-1.97e-008,0.000265507
-1.96e-008,0.000260368
-1.95e-008,0.000212405
-1.94e-008,0.000142175
-1.93e-008,8.05085e-005
-1.92e-008,7.19438e-005
-1.91e-008,7.70826e-005
-1.9e-008,0.000102777
-1.89e-008,0.000121619
-1.88e-008,0.000164443
-1.87e-008,0.000215831
-1.86e-008,0.000205554
-1.85e-008,0.000229535
-1.84e-008,0.000227822
-1.83e-008,0.000231248
-1.82e-008,0.000226109
-1.81e-008,0.000183285
-1.8e-008,0.000118193
-1.79e-008,6.85179e-005
-1.78e-008,4.79625e-005
-1.77e-008,6.3379e-005
-1.76e-008,0.000128471
-1.75e-008,0.000232961
-1.74e-008,0.000318608
-1.73e-008,0.000375135
-1.72e-008,0.000388839
-1.71e-008,0.000361432
-1.7e-008,0.00027921
-1.69e-008,0.000212405
-1.68e-008,0.000176434
-1.67e-008,0.000128471
-1.66e-008,0.000126758
-1.65e-008,0.000106203
-1.64e-008,8.90732e-005
-1.63e-008,9.5925e-005
-1.62e-008,0.00011648
-1.61e-008,0.000176434
-1.6e-008,0.000229535
-1.59e-008,0.000327173
-1.58e-008,0.000380274
-1.57e-008,0.000368284
-1.56e-008,0.000316895
-1.55e-008,0.000236387
-1.54e-008,0.000155878
-1.53e-008,8.39344e-005
-1.52e-008,8.73603e-005
-1.51e-008,0.00010449
-1.5e-008,0.00019185
-1.49e-008,0.000258655
-1.48e-008,0.000280923
-1.47e-008,0.000291201
-1.46e-008,0.000268933
-1.45e-008,0.000244951
-1.44e-008,0.000210692
-1.43e-008,0.000186711
-1.42e-008,0.000188424
-1.41e-008,0.000244951
-1.4e-008,0.000284349
-1.39e-008,0.000327173
-1.38e-008,0.000356293
-1.37e-008,0.000351154
-1.36e-008,0.000330599
-1.35e-008,0.00029634
-1.34e-008,0.000263794
-1.33e-008,0.000244951
-1.32e-008,0.000234674
-1.31e-008,0.000236387
-1.3e-008,0.000210692
-1.29e-008,0.000231248
-1.28e-008,0.000253516
-1.27e-008,0.000291201
-1.26e-008,0.000311756
-1.25e-008,0.000320321
-1.24e-008,0.000298053
-1.23e-008,0.000277497
-1.22e-008,0.000258655
-1.21e-008,0.000253516
-1.2e-008,0.000280923
-1.19e-008,0.000303192
-1.18e-008,0.000330599
-1.17e-008,0.000322034
-1.16e-008,0.000315182
-1.15e-008,0.000322034
-1.14e-008,0.000337451
-1.13e-008,0.000392265
-1.12e-008,0.000457357
-1.11e-008,0.000503606
-1.1e-008,0.000584115
-1.09e-008,0.00060467
-1.08e-008,0.000618374
-1.07e-008,0.000589254
-1.06e-008,0.000608096
-1.05e-008,0.000623513
-1.04e-008,0.000707447
-1.03e-008,0.000787956
-1.02e-008,0.000877029
-1.01e-008,0.000943834
-1e-008,0.000933556
-9.9e-009,0.000916427
-9.8e-009,0.00087189
-9.7e-009,0.000829066
-9.6e-009,0.000811937
-9.5e-009,0.000803372
-9.4e-009,0.000779391
-9.3e-009,0.000774252
-9.2e-009,0.000753697
-9.1e-009,0.00079652
-9e-009,0.000866751
-8.9e-009,0.000948973
-8.8e-009,0.000993509
-8.7e-009,0.00101235
-8.6e-009,0.000974667
-8.5e-009,0.000902723
-8.4e-009,0.000834205
-8.3e-009,0.000781104
-8.2e-009,0.00073828
-8.1e-009,0.000710873
-8e-009,0.000739993
-7.9e-009,0.000758835
-7.8e-009,0.000791381
-7.7e-009,0.000832492
-7.6e-009,0.000859899
-7.5e-009,0.000823927
-7.4e-009,0.000758835
-7.3e-009,0.000594393
-7.2e-009,0.000388839
-7.1e-009,0.000202128
-7e-009,6.16661e-005
-6.9e-009,5.82402e-005
-6.8e-009,0.000190137
-6.7e-009,0.000385413
-6.6e-009,0.0006218
-6.5e-009,0.000757123
-6.4e-009,0.00075541
-6.3e-009,0.000611522
-6.2e-009,0.000411107
-6.1e-009,0.000186711
-6e-009,2.91201e-005
-5.9e-009,0
-5.8e-009,8.39344e-005
-5.7e-009,0.0002381
-5.6e-009,0.000495042
-5.5e-009,0.000890732
-5.4e-009,0.00148341
-5.3e-009,0.00230391
-5.2e-009,0.00339335
-5.1e-009,0.00465408
-5e-009,0.00599018
-4.9e-009,0.00729373
-4.8e-009,0.00850307
-4.7e-009,0.00957709
-4.6e-009,0.0105997
-4.5e-009,0.0116155
-4.4e-009,0.0126638
-4.3e-009,0.013731
-4.2e-009,0.0147399
-4.1e-009,0.0156118
-4e-009,0.0162336
-3.9e-009,0.0165642
-3.8e-009,0.0166122
-3.7e-009,0.0163347
-3.6e-009,0.0157677
-3.5e-009,0.014865
-3.4e-009,0.0136488
-3.3e-009,0.0121688
-3.2e-009,0.0105432
-3.1e-009,0.00893473
-3e-009,0.00749757
-2.9e-009,0.00636702
-2.8e-009,0.0055705
-2.7e-009,0.00520051
-2.6e-009,0.00508574
-2.5e-009,0.00524676
-2.4e-009,0.00558078
-2.3e-009,0.00606897
-2.2e-009,0.00664795
-2.1e-009,0.00726289
-2e-009,0.0079121
-1.9e-009,0.00859043
-1.8e-009,0.00924135
-1.7e-009,0.00987
-1.6e-009,0.0104267
-1.5e-009,0.0109457
-1.4e-009,0.0113962
-1.3e-009,0.0117354
-1.2e-009,0.0119838
-1.1e-009,0.0121773
-1e-009,0.0122938
-9e-010,0.0123332
-8e-010,0.0122459
-7e-010,0.0120163
-6e-010,0.0116138
-5e-010,0.0109474
-4e-010,0.0100344
-3e-010,0.00887992
-2e-010,0.0076346
-1e-010,0.006391
4.138488e-023,0.00527245
1e-010,0.00440913
2e-010,0.00385927
3e-010,0.00367085
4e-010,0.00376163
5e-010,0.00409737
6e-010,0.00458556
7e-010,0.00516625
8e-010,0.00578633
9e-010,0.00639786
1e-009,0.00698026
1.1e-009,0.00753354
1.2e-009,0.00810395
1.3e-009,0.00869321
1.4e-009,0.00925505
1.5e-009,0.00981347
1.6e-009,0.0102828
1.7e-009,0.0106374
1.8e-009,0.010819
1.9e-009,0.0108207
2e-009,0.0106237
2.1e-009,0.0102897
2.2e-009,0.0097912
2.3e-009,0.00914542
2.4e-009,0.00834719
2.5e-009,0.0074359
2.6e-009,0.00640471
2.7e-009,0.00538037
2.8e-009,0.00436459
2.9e-009,0.00350126
3e-009,0.00280752
3.1e-009,0.0023416
3.2e-009,0.00206924
3.3e-009,0.00204868
3.4e-009,0.00223026
3.5e-009,0.00260025
3.6e-009,0.00311756
3.7e-009,0.00377191
3.8e-009,0.00452561
3.9e-009,0.00530157
4e-009,0.00607754
4.1e-009,0.00680211
4.2e-009,0.00747187
4.3e-009,0.00803372
4.4e-009,0.00851335
4.5e-009,0.00884737
4.6e-009,0.00903408
4.7e-009,0.00900325
4.8e-009,0.00875658
4.9e-009,0.00834548
5e-009,0.0077528
5.1e-009,0.00707961
5.2e-009,0.00628823
5.3e-009,0.00543004
5.4e-009,0.00452389
5.5e-009,0.00364515
5.6e-009,0.00278183
5.7e-009,0.00201271
5.8e-009,0.00138235
5.9e-009,0.000907862
6e-009,0.000589254
6.1e-009,0.000455644
6.2e-009,0.000515597
6.3e-009,0.000841057
6.4e-009,0.00137378
6.5e-009,0.00212577
6.6e-009,0.0030302
6.7e-009,0.00405797
6.8e-009,0.00509088
6.9e-009,0.00603129
7e-009,0.00684836
7.1e-009,0.00747359
7.2e-009,0.00790525
7.3e-009,0.00816048
7.4e-009,0.00825983
7.5e-009,0.00824099
7.6e-009,0.0080577
7.7e-009,0.00766544
7.8e-009,0.00710702
7.9e-009,0.00633619
8e-009,0.00545402
8.1e-009,0.00446051
8.2e-009,0.00350126
8.3e-009,0.0025934
8.4e-009,0.00179346
8.5e-009,0.00113911
8.6e-009,0.000601244
8.7e-009,0.000255229
8.8e-009,8.56473e-005
8.9e-009,9.93509e-005
9e-009,0.000232961
9.1e-009,0.000501893
9.2e-009,0.000883881
9.3e-009,0.00138749
9.4e-009,0.0020504
9.5e-009,0.00276984
9.6e-009,0.00352182
9.7e-009,0.00423612
9.8e-009,0.00492472
9.9e-009,0.00549171
1e-008,0.00590967
1.01e-008,0.00622485
1.02e-008,0.00635675
1.03e-008,0.00633276
1.04e-008,0.00609809
1.05e-008,0.00571782
1.06e-008,0.00517139
1.07e-008,0.00456158
1.08e-008,0.00391408
1.09e-008,0.00325974
1.1e-008,0.00256086
1.11e-008,0.00192193
1.12e-008,0.00127101
1.13e-008,0.000716012
1.14e-008,0.000253516
1.15e-008,-7.36567e-005
1.16e-008,-0.000315182
1.17e-008,-0.000440227
1.18e-008,-0.000532726
1.19e-008,-0.000513884
1.2e-008,-0.000376848
1.21e-008,-0.000107916
1.22e-008,0.000390552
1.23e-008,0.00102092
1.24e-008,0.00180373
1.25e-008,0.00264479
1.26e-008,0.00348585
1.27e-008,0.00424982
1.28e-008,0.00494699
1.29e-008,0.00545916
1.3e-008,0.00582231
1.31e-008,0.00598161
1.32e-008,0.00595763
1.33e-008,0.00576407
1.34e-008,0.00541634
1.35e-008,0.00492815
1.36e-008,0.00433718
1.37e-008,0.00366228
1.38e-008,0.00291886
1.39e-008,0.00216174
1.4e-008,0.00139776
1.41e-008,0.000722864
1.42e-008,0.000142175
1.43e-008,-0.000303192
1.44e-008,-0.000616661
1.45e-008,-0.000817076
1.46e-008,-0.00081365
1.47e-008,-0.000638929
1.48e-008,-0.000291201
1.49e-008,0.000214118
1.5e-008,0.000811937
1.51e-008,0.00147999
1.52e-008,0.00218401
1.53e-008,0.00287432
1.54e-008,0.00355779
1.55e-008,0.00423098
1.56e-008,0.00483222
1.57e-008,0.00532384
1.58e-008,0.00567499
1.59e-008,0.00582573
1.6e-008,0.00578976
1.61e-008,0.00558078
1.62e-008,0.00520907
1.63e-008,0.00472773
1.64e-008,0.00417445
1.65e-008,0.00355608
1.66e-008,0.00290687
1.67e-008,0.00220285
1.68e-008,0.00149883
1.69e-008,0.000806798
1.7e-008,0.0001456
1.71e-008,-0.000381987
1.72e-008,-0.000791381
1.73e-008,-0.000978093
1.74e-008,-0.000967815
1.75e-008,-0.00079652
1.76e-008,-0.000455644
1.77e-008,0
1.78e-008,0.00054643
1.79e-008,0.00120763
1.8e-008,0.00193734
1.81e-008,0.00271331
1.82e-008,0.00342761
1.83e-008,0.00407853
1.84e-008,0.00458898
1.85e-008,0.00493671
1.86e-008,0.00514055
1.87e-008,0.00520565
1.88e-008,0.00516625
1.89e-008,0.00504292
1.9e-008,0.00477398
1.91e-008,0.00440056
1.92e-008,0.0039158
1.93e-008,0.00335909
1.94e-008,0.00275956
1.95e-008,0.00216003
1.96e-008,0.00156049
1.97e-008,0.00100721
1.98e-008,0.000519023
1.99e-008,8.90732e-005
2e-008,-0.000203841
2.01e-008,-0.000405968
2.02e-008,-0.000469347
2.03e-008,-0.000407681
2.04e-008,-0.000229535
2.05e-008,6.85179e-005
2.06e-008,0.000460783
2.07e-008,0.000996935
2.08e-008,0.00159818
2.09e-008,0.00222854
2.1e-008,0.00284863
2.11e-008,0.00341219
2.12e-008,0.00390038
2.13e-008,0.00429607
2.14e-008,0.00457014
2.15e-008,0.0047363
2.16e-008,0.00478426
2.17e-008,0.00468834
2.18e-008,0.0044725
2.19e-008,0.00415218
2.2e-008,0.00368969
2.21e-008,0.00314497
2.22e-008,0.002554
2.23e-008,0.00196989
2.24e-008,0.00145943
2.25e-008,0.00104318
2.26e-008,0.000734854
2.27e-008,0.000534439
2.28e-008,0.0003837
2.29e-008,0.000244951
2.3e-008,0.000154165
2.31e-008,0.000137036
2.32e-008,0.000234674
2.33e-008,0.000440227
2.34e-008,0.000746845
2.35e-008,0.00115281
2.36e-008,0.00163758
2.37e-008,0.00216345
2.38e-008,0.00269789
2.39e-008,0.00322205
2.4e-008,0.00371024
2.41e-008,0.00412135
2.42e-008,0.00445709
2.43e-008,0.00472602
2.44e-008,0.00493843
2.45e-008,0.00506518
2.46e-008,0.00508403
2.47e-008,0.00498468
2.48e-008,0.00476713
2.49e-008,0.00436116
2.5e-008,0.0038901
2.51e-008,0.00334025
2.52e-008,0.00280409
2.53e-008,0.00227993
2.54e-008,0.00181058
2.55e-008,0.00139434
2.56e-008,0.00106545
2.57e-008,0.00078453
2.58e-008,0.000554995
2.59e-008,0.000460783
2.6e-008,0.00047106
2.61e-008,0.000625226
2.62e-008,0.000931843
2.63e-008,0.00137721
2.64e-008,0.00191336
2.65e-008,0.00249748
2.66e-008,0.00308159
2.67e-008,0.00363316
2.68e-008,0.00408195
2.69e-008,0.00444852
2.7e-008,0.0046969
2.71e-008,0.00485792
2.72e-008,0.00495384
2.73e-008,0.00492986
2.74e-008,0.00485449
2.75e-008,0.00465579
2.76e-008,0.00435431
2.77e-008,0.00394149
2.78e-008,0.00341562
2.79e-008,0.00285377
2.8e-008,0.00228678
2.81e-008,0.00175406
2.82e-008,0.00124189
2.83e-008,0.000811937
2.84e-008,0.000447079
2.85e-008,0.000161017
2.86e-008,-1.71295e-006
2.87e-008,-8.22214e-005
2.88e-008,-2.56942e-005
2.89e-008,0.000123332
2.9e-008,0.00040083
2.91e-008,0.000712586
2.92e-008,0.00110656
2.93e-008,0.00152795
2.94e-008,0.00194419
2.95e-008,0.00231762
2.96e-008,0.00264993
2.97e-008,0.002924
2.98e-008,0.0031227
2.99e-008,0.00327344
3e-008,0.00334881
3.01e-008,0.00338136
3.02e-008,0.00335909
3.03e-008,0.0032289
3.04e-008,0.00303534
3.05e-008,0.00277497
3.06e-008,0.00245465
3.07e-008,0.00208637
3.08e-008,0.00167184
3.09e-008,0.00123846
3.1e-008,0.000799946
3.11e-008,0.000358006
3.12e-008,-6.3379e-005
3.13e-008,-0.000419672
3.14e-008,-0.000671475
3.15e-008,-0.000801659
3.16e-008,-0.000835918
3.17e-008,-0.000719438
3.18e-008,-0.00051731
3.19e-008,-0.0002381
3.2e-008,0.000101064
3.21e-008,0.000489903
3.22e-008,0.000887306
3.23e-008,0.00132068
3.24e-008,0.00171123
3.25e-008,0.0020641
3.26e-008,0.00233132
3.27e-008,0.00251803
3.28e-008,0.00259511
3.29e-008,0.00260197
3.3e-008,0.00250262
3.31e-008,0.00226623
3.32e-008,0.00199216
3.33e-008,0.00165299
3.34e-008,0.001283
3.35e-008,0.000866751
3.36e-008,0.000472773
3.37e-008,8.90732e-005
3.38e-008,-0.000301479
3.39e-008,-0.000690318
3.4e-008,-0.00100893
3.41e-008,-0.00122133
3.42e-008,-0.00136179
3.43e-008,-0.00142346
3.44e-008,-0.00139605
3.45e-008,-0.00130527
3.46e-008,-0.0011648
3.47e-008,-0.00100721
3.48e-008,-0.000820502
3.49e-008,-0.000606383
3.5e-008,-0.00035458
3.51e-008,-9.42121e-005
3.52e-008,0.000131897
3.53e-008,0.000381987
3.54e-008,0.000599531
3.55e-008,0.000798233
3.56e-008,0.00093013
3.57e-008,0.000990083
3.58e-008,0.000945547
3.59e-008,0.000817076
3.6e-008,0.000608096
3.61e-008,0.000361432
3.62e-008,0.000109629
3.63e-008,-0.000149026
3.64e-008,-0.000405968
3.65e-008,-0.000695456
3.66e-008,-0.00101064
3.67e-008,-0.00138235
3.68e-008,-0.00176262
3.69e-008,-0.0021035
3.7e-008,-0.00237072
3.71e-008,-0.00255743
3.72e-008,-0.00263623
3.73e-008,-0.00258998
3.74e-008,-0.00247521
3.75e-008,-0.0022885
3.76e-008,-0.00208466
3.77e-008,-0.00181744
3.78e-008,-0.00150397
3.79e-008,-0.00121619
3.8e-008,-0.000928417
3.81e-008,-0.000698882
3.82e-008,-0.000524162
3.83e-008,-0.000474486
3.84e-008,-0.000472773
3.85e-008,-0.000474486
3.86e-008,-0.000460783
3.87e-008,-0.000435089
3.88e-008,-0.000464209
3.89e-008,-0.000553282
3.9e-008,-0.000765687
3.91e-008,-0.00108601
3.92e-008,-0.00149712
3.93e-008,-0.00192021
3.94e-008,-0.00229021
3.95e-008,-0.00258484
3.96e-008,-0.00280238
3.97e-008,-0.00294284
3.98e-008,-0.00303363
3.99e-008,-0.003109
4e-008,-0.00317923
4.01e-008,-0.00318437
4.02e-008,-0.00314326
4.03e-008,-0.00302335
4.04e-008,-0.00284007
4.05e-008,-0.00258312
4.06e-008,-0.00230905
4.07e-008,-0.00204868
4.08e-008,-0.00184827
4.09e-008,-0.00166327
4.1e-008,-0.00148684
4.11e-008,-0.00133952
4.12e-008,-0.00122647
4.13e-008,-0.00112541
4.14e-008,-0.00108772
4.15e-008,-0.00109629
4.16e-008,-0.00113568
4.17e-008,-0.00124531
4.18e-008,-0.00136522
4.19e-008,-0.00151938
4.2e-008,-0.0017335
4.21e-008,-0.00201443
4.22e-008,-0.00231762
4.23e-008,-0.00263451
4.24e-008,-0.00289317
4.25e-008,-0.00307988
4.26e-008,-0.00320664
4.27e-008,-0.00327687
4.28e-008,-0.0033214
4.29e-008,-0.00334367
4.3e-008,-0.00333853
4.31e-008,-0.00328372
4.32e-008,-0.00316039
4.33e-008,-0.0029634
4.34e-008,-0.00272359
4.35e-008,-0.00244609
4.36e-008,-0.0021566
4.37e-008,-0.00187739
4.38e-008,-0.00164443
4.39e-008,-0.0014954
4.4e-008,-0.00141318
4.41e-008,-0.00139605
4.42e-008,-0.00141661
4.43e-008,-0.0014954
4.44e-008,-0.00159133
4.45e-008,-0.0017061
4.46e-008,-0.0018791
4.47e-008,-0.00207952
4.48e-008,-0.00232447
4.49e-008,-0.00257799
4.5e-008,-0.00282636
4.51e-008,-0.00304391
4.52e-008,-0.00326316
4.53e-008,-0.00346015
4.54e-008,-0.00359034
4.55e-008,-0.00371881
4.56e-008,-0.00378561
4.57e-008,-0.00377876
4.58e-008,-0.00368112
4.59e-008,-0.00352696
4.6e-008,-0.00333339
4.61e-008,-0.00313298
4.62e-008,-0.00289145
4.63e-008,-0.00270988
4.64e-008,-0.00253516
4.65e-008,-0.00237072
4.66e-008,-0.00221141
4.67e-008,-0.00209493
4.68e-008,-0.00197674
4.69e-008,-0.00187054
4.7e-008,-0.00176091
4.71e-008,-0.00167012
4.72e-008,-0.00162045
4.73e-008,-0.00167355
4.74e-008,-0.00174035
4.75e-008,-0.0019048
4.76e-008,-0.00209151
4.77e-008,-0.0022885
4.78e-008,-0.00246836
4.79e-008,-0.0025934
4.8e-008,-0.00269104
4.81e-008,-0.00281266
4.82e-008,-0.00288632
4.83e-008,-0.00296169
4.84e-008,-0.00300108
4.85e-008,-0.00298738
4.86e-008,-0.002924
4.87e-008,-0.0028452
4.88e-008,-0.00271673
4.89e-008,-0.00251632
4.9e-008,-0.0023416
4.91e-008,-0.00211206
4.92e-008,-0.00190994
4.93e-008,-0.00170781
4.94e-008,-0.00156049
4.95e-008,-0.00140462
4.96e-008,-0.00128128
4.97e-008,-0.00116823
4.98e-008,-0.00102263
4.99e-008,-0.000940408
5e-008,-0.000866751
5.01e-008,-0.000822214
5.02e-008,-0.000847909
5.03e-008,-0.000923278
5.04e-008,-0.00104661
5.05e-008,-0.00121105
5.06e-008,-0.00137892
5.07e-008,-0.00156221
5.08e-008,-0.00169582
5.09e-008,-0.00180031
5.1e-008,-0.00185855
5.11e-008,-0.00183457
5.12e-008,-0.00182086
5.13e-008,-0.00175577
5.14e-008,-0.00168897
5.15e-008,-0.00163073
5.16e-008,-0.00153823
5.17e-008,-0.00142003
5.18e-008,-0.00125902
5.19e-008,-0.00106374
5.2e-008,-0.000835918
5.21e-008,-0.000606383
5.22e-008,-0.00040083
5.23e-008,-0.000219257
5.24e-008,-9.07862e-005
5.25e-008,-2.22683e-005
5.26e-008,1.54165e-005
5.27e-008,2.22683e-005
5.28e-008,4.62496e-005
5.29e-008,7.70826e-005
5.3e-008,0.000113054
5.31e-008,0.000149026
5.32e-008,0.000126758
5.33e-008,7.02308e-005
5.34e-008,-6.16661e-005
5.35e-008,-0.000207267
5.36e-008,-0.000385413
5.37e-008,-0.000495042
5.38e-008,-0.000543004
5.39e-008,-0.000508745
5.4e-008,-0.000440227
5.41e-008,-0.000363145
5.42e-008,-0.000299766
5.43e-008,-0.000255229
5.44e-008,-0.000232961
5.45e-008,-0.00016273
5.46e-008,-5.31014e-005
5.47e-008,9.07862e-005
5.48e-008,0.000244951
5.49e-008,0.000426524
5.5e-008,0.000590967
5.51e-008,0.000774252
5.52e-008,0.000913001
5.53e-008,0.00106374
5.54e-008,0.00117508
5.55e-008,0.00123332
5.56e-008,0.00126244
5.57e-008,0.00124874
5.58e-008,0.00121619
5.59e-008,0.00116652
5.6e-008,0.00108943
5.61e-008,0.00100036
5.62e-008,0.000919852
5.63e-008,0.000789669
5.64e-008,0.000702308
5.65e-008,0.000613235
5.66e-008,0.000585828
5.67e-008,0.000601244
5.68e-008,0.000704021
5.69e-008,0.000803372
5.7e-008,0.00090101
5.71e-008,0.00098837
5.72e-008,0.00100036
5.73e-008,0.00100207
5.74e-008,0.00103976
5.75e-008,0.00111513
5.76e-008,0.00123675
5.77e-008,0.00139263
5.78e-008,0.00160332
5.79e-008,0.00180716
5.8e-008,0.00200586
5.81e-008,0.00218401
5.82e-008,0.00232104
5.83e-008,0.00242896
5.84e-008,0.00250947
5.85e-008,0.00257627
5.86e-008,0.00260025
5.87e-008,0.00260882
5.88e-008,0.00258998
5.89e-008,0.002554
5.9e-008,0.00250262
5.91e-008,0.00243067
5.92e-008,0.00237072
5.93e-008,0.00231762
5.94e-008,0.00229364
5.95e-008,0.00225081
5.96e-008,0.00222512
5.97e-008,0.00221141
5.98e-008,0.00219942
5.99e-008,0.0022491
6e-008,0.00233475
6.01e-008,0.00241012
6.02e-008,0.00246664
6.03e-008,0.00252831
6.04e-008,0.00256599
6.05e-008,0.00263794
6.06e-008,0.00272359
6.07e-008,0.00287261
6.08e-008,0.00301307
6.09e-008,0.00312442
6.1e-008,0.00323918
6.11e-008,0.00330085
6.12e-008,0.00332997
6.13e-008,0.00331284
6.14e-008,0.003294
6.15e-008,0.00326145
6.16e-008,0.00322205
6.17e-008,0.00318266
6.18e-008,0.00314326
6.19e-008,0.00312442
6.2e-008,0.00311928
6.21e-008,0.00306789
6.22e-008,0.00299594
6.23e-008,0.00294284
6.24e-008,0.00288118
6.25e-008,0.00281266
6.26e-008,0.00277497
6.27e-008,0.0027647
6.28e-008,0.00279382
6.29e-008,0.00286233
6.3e-008,0.00294113
6.31e-008,0.00304733
6.32e-008,0.0031227
6.33e-008,0.00319636
6.34e-008,0.00326488
6.35e-008,0.00335224
6.36e-008,0.00343103
6.37e-008,0.00350298
6.38e-008,0.00356122
6.39e-008,0.00360233
6.4e-008,0.00357663
6.41e-008,0.00353038
6.42e-008,0.00342418
6.43e-008,0.00336594
6.44e-008,0.00329914
6.45e-008,0.0032289
6.46e-008,0.0031621
6.47e-008,0.003109
6.48e-008,0.00305076
6.49e-008,0.0029634
6.5e-008,0.00286233
6.51e-008,0.00278183
6.52e-008,0.00273729
6.53e-008,0.00274757
6.54e-008,0.00278183
6.55e-008,0.0028709
6.56e-008,0.00292571
6.57e-008,0.00294456
6.58e-008,0.00289488
6.59e-008,0.00280581
6.6e-008,0.00275442
6.61e-008,0.00274414
6.62e-008,0.00280752
6.63e-008,0.00293599
6.64e-008,0.00305932
6.65e-008,0.00315525
6.66e-008,0.00320492
6.67e-008,0.0031758
6.68e-008,0.00311756
6.69e-008,0.00303192
6.7e-008,0.00294969
6.71e-008,0.00289488
6.72e-008,0.00285377
6.73e-008,0.0027784
6.74e-008,0.00268761
6.75e-008,0.00261053
6.76e-008,0.00253345
6.77e-008,0.00245123
6.78e-008,0.00238785
6.79e-008,0.00234331
6.8e-008,0.00233303
6.81e-008,0.00230905
6.82e-008,0.00227822
6.83e-008,0.00225081
6.84e-008,0.00221655
6.85e-008,0.00216003
6.86e-008,0.0020641
6.87e-008,0.00197674
6.88e-008,0.00191679
6.89e-008,0.00188938
6.9e-008,0.00188938
6.91e-008,0.00194077
6.92e-008,0.00196989
6.93e-008,0.00199216
6.94e-008,0.00195447
6.95e-008,0.00189281
6.96e-008,0.00184142
6.97e-008,0.00179859
6.98e-008,0.00177461
6.99e-008,0.00178318
7e-008,0.00178489
7.01e-008,0.00180716
7.02e-008,0.00176434
7.03e-008,0.00169582
7.04e-008,0.00156906
7.05e-008,0.00139605
7.06e-008,0.00123161
7.07e-008,0.00107916
7.08e-008,0.000960963
7.09e-008,0.000868464
7.1e-008,0.000830779
7.11e-008,0.000805085
7.12e-008,0.00078453
7.13e-008,0.000733141
7.14e-008,0.000690318
7.15e-008,0.000635503
7.16e-008,0.000611522
7.17e-008,0.000589254
7.18e-008,0.000580689
7.19e-008,0.000580689
7.2e-008,0.00057555
7.21e-008,0.000541291
7.22e-008,0.000566985
7.23e-008,0.000608096
7.24e-008,0.00065092
7.25e-008,0.000690318
7.26e-008,0.000668049
7.27e-008,0.000616661
7.28e-008,0.000536152
7.29e-008,0.000428237
7.3e-008,0.000352867
7.31e-008,0.000320321
7.32e-008,0.000320321
7.33e-008,0.000289488
7.34e-008,0.000222683
7.35e-008,0.000125045
7.36e-008,1.71295e-005
7.37e-008,-0.000106203
7.38e-008,-0.000198702
7.39e-008,-0.000222683
7.4e-008,-0.000184998
7.41e-008,-9.07862e-005
7.42e-008,-5.31014e-005
7.43e-008,6.85179e-006
7.44e-008,2.91201e-005
7.45e-008,-1.88424e-005
7.46e-008,-0.000114767
7.47e-008,-0.000184998
7.48e-008,-0.000244951
7.49e-008,-0.0002381
7.5e-008,-0.000200415
7.51e-008,-0.00013361
7.52e-008,-7.36567e-005
7.53e-008,-5.13884e-005
7.54e-008,-0.000102777
7.55e-008,-0.000171295
7.56e-008,-0.000217544
7.57e-008,-0.000251803
7.58e-008,-0.000231248
7.59e-008,-0.000198702
7.6e-008,-0.000157591
7.61e-008,-0.00016273
7.62e-008,-0.000229535
7.63e-008,-0.000313469
7.64e-008,-0.000411107
7.65e-008,-0.00047106
7.66e-008,-0.000510458
7.67e-008,-0.000495042
7.68e-008,-0.00041282
7.69e-008,-0.000322034
7.7e-008,-0.000205554
7.71e-008,-7.36567e-005
7.72e-008,2.91201e-005
7.73e-008,9.42121e-005
7.74e-008,0.000106203
7.75e-008,8.39344e-005
7.76e-008,1.54165e-005
7.77e-008,-1.88424e-005
7.78e-008,-1.19906e-005
7.79e-008,5.99531e-005
7.8e-008,0.000179859
7.81e-008,0.000289488
7.82e-008,0.000361432
7.83e-008,0.000385413
7.84e-008,0.000380274
7.85e-008,0.000332312
7.86e-008,0.000291201
7.87e-008,0.000280923
7.88e-008,0.000320321
7.89e-008,0.000364858
7.9e-008,0.000399117
7.91e-008,0.000397404
7.92e-008,0.0003837
7.93e-008,0.000359719
7.94e-008,0.000344302
7.95e-008,0.000344302
7.96e-008,0.000380274
7.97e-008,0.000404255
7.98e-008,0.00041282
7.99e-008,0.000387126
8e-008,0.000381987
8.01e-008,0.000369997
8.02e-008,0.000381987
8.03e-008,0.000409394
8.04e-008,0.000510458
8.05e-008,0.00063379
8.06e-008,0.000743419
8.07e-008,0.000815363
8.08e-008,0.000907862
8.09e-008,0.000935269
8.1e-008,0.000962676
8.11e-008,0.000954111
8.12e-008,0.000966102
8.13e-008,0.00100036
8.14e-008,0.00104661
8.15e-008,0.00109457
8.16e-008,0.00117337
8.17e-008,0.00123161
8.18e-008,0.00126244
8.19e-008,0.00131212
8.2e-008,0.00132582
8.21e-008,0.00132925
8.22e-008,0.00131897
8.23e-008,0.00129499
8.24e-008,0.00126073
8.25e-008,0.00130184
8.26e-008,0.00132582
8.27e-008,0.00138577
8.28e-008,0.00147656
8.29e-008,0.00154679
8.3e-008,0.00164957
8.31e-008,0.00173693
8.32e-008,0.001826
8.33e-008,0.00193049
8.34e-008,0.00198873
8.35e-008,0.00201956
8.36e-008,0.00205725
8.37e-008,0.00211549
8.38e-008,0.00217716
8.39e-008,0.00226794
8.4e-008,0.00238613
8.41e-008,0.0024735
8.42e-008,0.00254373
8.43e-008,0.00255229
8.44e-008,0.00254544
8.45e-008,0.00255572
8.46e-008,0.00257799
8.47e-008,0.00262595
8.48e-008,0.0026996
8.49e-008,0.00280752
8.5e-008,0.00290002
8.51e-008,0.00296854
8.52e-008,0.00304048
8.53e-008,0.00308159
8.54e-008,0.00313983
8.55e-008,0.00318437
8.56e-008,0.00324603
8.57e-008,0.00333511
8.58e-008,0.00339849
8.59e-008,0.00345673
8.6e-008,0.00349955
8.61e-008,0.00354237
8.62e-008,0.00358348
8.63e-008,0.00363659
8.64e-008,0.00371881
8.65e-008,0.00383015
8.66e-008,0.00395177
8.67e-008,0.00408195
8.68e-008,0.00416417
8.69e-008,0.00420015
8.7e-008,0.00422755
8.71e-008,0.00423612
8.72e-008,0.00428579
8.73e-008,0.00437658
8.74e-008,0.00449649
8.75e-008,0.00459584
8.76e-008,0.00464894
8.77e-008,0.00468491
8.78e-008,0.00467463
8.79e-008,0.0046301
8.8e-008,0.00462838
8.81e-008,0.00464551
8.82e-008,0.00470547
8.83e-008,0.0047757
8.84e-008,0.0048562
8.85e-008,0.00498639
8.86e-008,0.00510458
8.87e-008,0.00523648
8.88e-008,0.00534268
8.89e-008,0.00541634
8.9e-008,0.0054643
8.91e-008,0.00546773
8.92e-008,0.00548486
8.93e-008,0.00548486
8.94e-008,0.00552254
8.95e-008,0.00557736
8.96e-008,0.00565272
8.97e-008,0.00572981
8.98e-008,0.00581888
8.99e-008,0.0058874
9e-008,0.0059268
9.01e-008,0.00596106
9.02e-008,0.00600045
9.03e-008,0.00602272
9.04e-008,0.00602957
9.05e-008,0.00605527
9.06e-008,0.00608267
9.07e-008,0.00612207
9.08e-008,0.00618031
9.09e-008,0.00626939
9.1e-008,0.00638244
9.11e-008,0.00648693
9.12e-008,0.00656059
9.13e-008,0.00657772
9.14e-008,0.00658114
9.15e-008,0.00658628
9.16e-008,0.00662225
9.17e-008,0.00668049
9.18e-008,0.00676957
9.19e-008,0.00685007
9.2e-008,0.0068929
9.21e-008,0.00689975
9.22e-008,0.00696655
9.23e-008,0.00706419
9.24e-008,0.0071841
9.25e-008,0.00730401
9.26e-008,0.00735539
9.27e-008,0.00736567
9.28e-008,0.00728345
9.29e-008,0.00718581
9.3e-008,0.00709331
9.31e-008,0.00704706
9.32e-008,0.00703336
9.33e-008,0.00705049
9.34e-008,0.00707447
9.35e-008,0.00708646
9.36e-008,0.00714641
9.37e-008,0.00719438
9.38e-008,0.00724748
9.39e-008,0.00728002
9.4e-008,0.00729373
9.41e-008,0.00729887
9.42e-008,0.00728002
9.43e-008,0.00728516
9.44e-008,0.00728174
9.45e-008,0.00732627
9.46e-008,0.00737938
9.47e-008,0.00741021
9.48e-008,0.00743933
9.49e-008,0.00748044
9.5e-008,0.00750442
9.51e-008,0.0075541
9.52e-008,0.00758835
9.53e-008,0.00759521
9.54e-008,0.00756437
9.55e-008,0.00752498
9.56e-008,0.00744789
9.57e-008,0.0074085
9.58e-008,0.00740507
9.59e-008,0.00740678
9.6e-008,0.00742734
9.61e-008,0.00740507
9.62e-008,0.00737424
9.63e-008,0.00731257
9.64e-008,0.00726461
9.65e-008,0.00723891
9.66e-008,0.00725947
9.67e-008,0.00729544
9.68e-008,0.00732285
9.69e-008,0.00733826
9.7e-008,0.00732627
9.71e-008,0.00728345
9.72e-008,0.0072509
9.73e-008,0.00727146
9.74e-008,0.00732456
9.75e-008,0.00734169
9.76e-008,0.00735197
9.77e-008,0.00735539
9.78e-008,0.007316
9.79e-008,0.00725776
9.8e-008,0.00720294
9.81e-008,0.00720637
9.82e-008,0.00722178
9.83e-008,0.00725776
9.84e-008,0.00726118
9.85e-008,0.00725433
9.86e-008,0.00720979
9.87e-008,0.00712928
9.88e-008,0.00702993
9.89e-008,0.00690146
9.9e-008,0.00683123
9.91e-008,0.00678327
9.92e-008,0.00678841
9.93e-008,0.00683123
9.94e-008,0.00691517
9.95e-008,0.00696313
9.96e-008,0.00697512
9.97e-008,0.00694771
9.98e-008,0.00688605
9.99e-008,0.00682781
1e-007,0.00678327
1.001e-007,0.00678156
1.002e-007,0.00682438
1.003e-007,0.00686207
1.004e-007,0.00691688
1.005e-007,0.00692031
1.006e-007,0.00691003
1.007e-007,0.00687748
1.008e-007,0.00685179
1.009e-007,0.00682609
1.01e-007,0.00679183
1.011e-007,0.00677984
1.012e-007,0.00671133
1.013e-007,0.00665309
1.014e-007,0.00659656
1.015e-007,0.00653661
1.016e-007,0.00650063
1.017e-007,0.00649549
1.018e-007,0.00650063
1.019e-007,0.00648179
1.02e-007,0.00645781
1.021e-007,0.00643212
1.022e-007,0.00638758
1.023e-007,0.00635161
1.024e-007,0.00633619
1.025e-007,0.00631221
1.026e-007,0.00631564
1.027e-007,0.00631906
1.028e-007,0.00627452
1.029e-007,0.00622142
1.03e-007,0.0061649
1.031e-007,0.0060998
1.032e-007,0.0060467
1.033e-007,0.00599703
1.034e-007,0.00596277
1.035e-007,0.0059268
1.036e-007,0.00591994
1.037e-007,0.00591481
1.038e-007,0.00589939
1.039e-007,0.00588226
1.04e-007,0.00581888
1.041e-007,0.0057555
1.042e-007,0.00569384
1.043e-007,0.00564073
1.044e-007,0.00561847
1.045e-007,0.00559962
1.046e-007,0.00559277
1.047e-007,0.00559277
1.048e-007,0.00556365
1.049e-007,0.00550541
1.05e-007,0.00544032
1.051e-007,0.00535638
1.052e-007,0.00529301
1.053e-007,0.00522963
1.054e-007,0.00517995
1.055e-007,0.00514741
1.056e-007,0.00510629
1.057e-007,0.00506005
1.058e-007,0.00501893
1.059e-007,0.00498296
1.06e-007,0.00491273
1.061e-007,0.00487676
1.062e-007,0.00480139
1.063e-007,0.00475857
1.064e-007,0.00472602
1.065e-007,0.00467977
1.066e-007,0.00463866
1.067e-007,0.00461639
1.068e-007,0.00457699
1.069e-007,0.00449477
1.07e-007,0.00442797
1.071e-007,0.00436459
1.072e-007,0.00429778
1.073e-007,0.0042344
1.074e-007,0.00418473
1.075e-007,0.00414019
1.076e-007,0.00408709
1.077e-007,0.00402029
1.078e-007,0.00397918
1.079e-007,0.00392607
1.08e-007,0.00384214
1.081e-007,0.00374621
1.082e-007,0.00360918
1.083e-007,0.00350126
1.084e-007,0.00336765
1.085e-007,0.00323747
1.086e-007,0.00316381
1.087e-007,0.00312613
1.088e-007,0.00307988
1.089e-007,0.00305761
1.09e-007,0.00303363
1.091e-007,0.00302506
1.092e-007,0.00298567
1.093e-007,0.00291886
1.094e-007,0.00282465
1.095e-007,0.00272187
1.096e-007,0.00260025
1.097e-007,0.00249405
1.098e-007,0.0024084
1.099e-007,0.00233475
1.1e-007,0.00227822
1.101e-007,0.00221313
1.102e-007,0.00215489
1.103e-007,0.0021035
1.104e-007,0.00204697
1.105e-007,0.00198017
1.106e-007,0.00193392
1.107e-007,0.00193392
1.108e-007,0.0019048
1.109e-007,0.00191336
1.11e-007,0.00187054
1.111e-007,0.00179346
1.112e-007,0.00168211
1.113e-007,0.00151425
1.114e-007,0.00136522
1.115e-007,0.00121448
1.116e-007,0.00110314
1.117e-007,0.00103291
1.118e-007,0.000974667
1.119e-007,0.00097638
1.12e-007,0.00100207
1.121e-007,0.0010449
1.122e-007,0.00107916
1.123e-007,0.0010723
1.124e-007,0.00100893
1.125e-007,0.000919852
1.126e-007,0.00081365
1.127e-007,0.00073828
1.128e-007,0.000671475
1.129e-007,0.000649207
1.13e-007,0.000613235
1.131e-007,0.000565272
1.132e-007,0.000479625
1.133e-007,0.000347728
1.134e-007,0.000203841
1.135e-007,8.56473e-005
1.136e-007,-1.02777e-005
1.137e-007,-4.62496e-005
1.138e-007,-6.16661e-005
1.139e-007,-5.82402e-005
1.14e-007,-7.70826e-005
1.141e-007,-0.000135323
1.142e-007,-0.000200415
1.143e-007,-0.000246664
1.144e-007,-0.000270646
1.145e-007,-0.000315182
1.146e-007,-0.000378561
1.147e-007,-0.000452218
1.148e-007,-0.000525875
1.149e-007,-0.000589254
1.15e-007,-0.000609809
1.151e-007,-0.000614948
1.152e-007,-0.000608096
1.153e-007,-0.000606383
1.154e-007,-0.000637216
1.155e-007,-0.000681753
1.156e-007,-0.000763974
1.157e-007,-0.000863325
1.158e-007,-0.000952398
1.159e-007,-0.00105346
1.16e-007,-0.00112369
1.161e-007,-0.00117166
1.162e-007,-0.00116138
1.163e-007,-0.00112198
1.164e-007,-0.00108258
1.165e-007,-0.0010723
1.166e-007,-0.00110656
1.167e-007,-0.00114596
1.168e-007,-0.00121962
1.169e-007,-0.00126415
1.17e-007,-0.00132411
1.171e-007,-0.00134124
1.172e-007,-0.00134124
1.173e-007,-0.00135665
1.174e-007,-0.00136864
1.175e-007,-0.00137036
1.176e-007,-0.00137378
1.177e-007,-0.00138749
1.178e-007,-0.00144059
1.179e-007,-0.00148341
1.18e-007,-0.00156392
1.181e-007,-0.00162901
1.182e-007,-0.00168897
1.183e-007,-0.00172151
1.184e-007,-0.0017198
1.185e-007,-0.00169068
1.186e-007,-0.00164785
1.187e-007,-0.00160161
1.188e-007,-0.00159818
1.189e-007,-0.00162045
1.19e-007,-0.00168897
1.191e-007,-0.00176776
1.192e-007,-0.0018654
1.193e-007,-0.00193392
1.194e-007,-0.00197845
1.195e-007,-0.00198017
1.196e-007,-0.00195619
1.197e-007,-0.00191507
1.198e-007,-0.00189966
1.199e-007,-0.00192193
1.2e-007,-0.00198188
1.201e-007,-0.0020898
1.202e-007,-0.00216688
1.203e-007,-0.0022354
1.204e-007,-0.00224739
1.205e-007,-0.00220628
1.206e-007,-0.00217373
1.207e-007,-0.0021172
1.208e-007,-0.00207267
1.209e-007,-0.00209836
1.21e-007,-0.00215831
1.211e-007,-0.00224053
1.212e-007,-0.00230563
1.213e-007,-0.00237928
1.214e-007,-0.00244609
1.215e-007,-0.00247007
1.216e-007,-0.00246836
1.217e-007,-0.0024735
1.218e-007,-0.00250262
1.219e-007,-0.00253859
1.22e-007,-0.00258141
1.221e-007,-0.00258484
1.222e-007,-0.00262423
1.223e-007,-0.00262937
1.224e-007,-0.00261053
1.225e-007,-0.00261396
1.226e-007,-0.00261224
1.227e-007,-0.00262766
1.228e-007,-0.0026465
1.229e-007,-0.00269104
1.23e-007,-0.002739
1.231e-007,-0.00279382
1.232e-007,-0.00281095
1.233e-007,-0.00282979
1.234e-007,-0.00279896
1.235e-007,-0.00272016
1.236e-007,-0.00264993
1.237e-007,-0.00255914
1.238e-007,-0.00249919
1.239e-007,-0.00247521
1.24e-007,-0.00245294
1.241e-007,-0.00246836
1.242e-007,-0.00250262
1.243e-007,-0.00254544
1.244e-007,-0.00254886
1.245e-007,-0.00255743
1.246e-007,-0.00258312
1.247e-007,-0.00258312
1.248e-007,-0.00256599
1.249e-007,-0.00259169
1.25e-007,-0.00263623
1.251e-007,-0.00268761
1.252e-007,-0.00272016
1.253e-007,-0.00275099
1.254e-007,-0.00274928
1.255e-007,-0.00274243
1.256e-007,-0.00270303
1.257e-007,-0.00266877
1.258e-007,-0.00262937
1.259e-007,-0.00261053
1.26e-007,-0.00258826
1.261e-007,-0.00261053
1.262e-007,-0.00264136
1.263e-007,-0.00266192
1.264e-007,-0.00265164
1.265e-007,-0.00260882
1.266e-007,-0.00251803
1.267e-007,-0.00242725
1.268e-007,-0.00235701
1.269e-007,-0.00231248
1.27e-007,-0.00232104
1.271e-007,-0.00234502
1.272e-007,-0.00237586
1.273e-007,-0.00237928
1.274e-007,-0.00236044
1.275e-007,-0.00232789
1.276e-007,-0.00227479
1.277e-007,-0.00222512
1.278e-007,-0.00219428
1.279e-007,-0.00217716
1.28e-007,-0.0021429
1.281e-007,-0.00213776
1.282e-007,-0.00214118
1.283e-007,-0.00217716
1.284e-007,-0.00221313
1.285e-007,-0.00224225
1.286e-007,-0.00223711
1.287e-007,-0.0021703
1.288e-007,-0.00209836
1.289e-007,-0.0020641
1.29e-007,-0.00206753
1.291e-007,-0.00212577
1.292e-007,-0.002196
1.293e-007,-0.00223368
1.294e-007,-0.00224225
1.295e-007,-0.00219086
1.296e-007,-0.00215317
1.297e-007,-0.00210864
1.298e-007,-0.00207609
1.299e-007,-0.00207267
1.3e-007,-0.00204183
1.301e-007,-0.00197674
1.302e-007,-0.00191165
1.303e-007,-0.00188424
1.304e-007,-0.0018654
1.305e-007,-0.00194419
1.306e-007,-0.0019973
1.307e-007,-0.00207095
1.308e-007,-0.00211549
1.309e-007,-0.00209836
1.31e-007,-0.00208466
1.311e-007,-0.00203155
1.312e-007,-0.00200415
1.313e-007,-0.00202128
1.314e-007,-0.00209665
1.315e-007,-0.00222854
1.316e-007,-0.00241354
1.317e-007,-0.00253516
1.318e-007,-0.00260539
1.319e-007,-0.00261224
1.32e-007,-0.00252831
1.321e-007,-0.00238785
1.322e-007,-0.00225766
1.323e-007,-0.00218572
1.324e-007,-0.00218572
1.325e-007,-0.00224567
1.326e-007,-0.00233989
1.327e-007,-0.00239641
1.328e-007,-0.00240669
1.329e-007,-0.00238271
1.33e-007,-0.00232618
1.331e-007,-0.00230734
1.332e-007,-0.00230049
1.333e-007,-0.00235016
1.334e-007,-0.00242553
1.335e-007,-0.00247007
1.336e-007,-0.00253687
1.337e-007,-0.002554
1.338e-007,-0.00256086
1.339e-007,-0.00256599
1.34e-007,-0.00255229
1.341e-007,-0.00252831
1.342e-007,-0.00252831
1.343e-007,-0.0025403
1.344e-007,-0.00258312
1.345e-007,-0.00259511
1.346e-007,-0.00260368
1.347e-007,-0.00259511
1.348e-007,-0.00259169
1.349e-007,-0.00259511
1.35e-007,-0.00262081
1.351e-007,-0.0026859
1.352e-007,-0.00275956
1.353e-007,-0.00281095
1.354e-007,-0.00286062
1.355e-007,-0.00284692
1.356e-007,-0.0028178
1.357e-007,-0.00278868
1.358e-007,-0.00278868
1.359e-007,-0.00281951
1.36e-007,-0.00286747
1.361e-007,-0.00291201
1.362e-007,-0.00292914
1.363e-007,-0.00295312
1.364e-007,-0.00298053
1.365e-007,-0.00301821
1.366e-007,-0.0030833
1.367e-007,-0.00315182
1.368e-007,-0.00320492
1.369e-007,-0.00321006
1.37e-007,-0.00318608
1.371e-007,-0.00313298
1.372e-007,-0.0031227
1.373e-007,-0.00313127
1.374e-007,-0.00316039
1.375e-007,-0.00323747
1.376e-007,-0.00328715
1.377e-007,-0.00333339
1.378e-007,-0.00336251
1.379e-007,-0.00339849
1.38e-007,-0.00338478
1.381e-007,-0.00338821
1.382e-007,-0.00337793
1.383e-007,-0.00333682
1.384e-007,-0.00330256
1.385e-007,-0.00327173
1.386e-007,-0.00328029
1.387e-007,-0.00333682
1.388e-007,-0.00344816
1.389e-007,-0.00354409
1.39e-007,-0.00361432
1.391e-007,-0.00366571
1.392e-007,-0.00367941
1.393e-007,-0.00366571
1.394e-007,-0.00362288
1.395e-007,-0.00361432
1.396e-007,-0.00360233
1.397e-007,-0.00358348
1.398e-007,-0.00358862
1.399e-007,-0.00360575
1.4e-007,-0.00366057
1.401e-007,-0.00372737
1.402e-007,-0.00378561
1.403e-007,-0.00383186
1.404e-007,-0.00380788
1.405e-007,-0.00373765
1.406e-007,-0.00368626
1.407e-007,-0.00364173
1.408e-007,-0.00364344
1.409e-007,-0.00366228
1.41e-007,-0.00369483
1.411e-007,-0.00372737
1.412e-007,-0.00378219
1.413e-007,-0.00383186
1.414e-007,-0.0038627
1.415e-007,-0.00389695
1.416e-007,-0.00388839
1.417e-007,-0.00389524
1.418e-007,-0.00385413
1.419e-007,-0.00380959
1.42e-007,-0.00375649
1.421e-007,-0.00368284
1.422e-007,-0.0036126
1.423e-007,-0.00356807
1.424e-007,-0.00353895
1.425e-007,-0.00349784
1.426e-007,-0.00348756
1.427e-007,-0.00346015
1.428e-007,-0.00343617
1.429e-007,-0.00340191
1.43e-007,-0.00339163
1.431e-007,-0.00342932
1.432e-007,-0.00348413
1.433e-007,-0.00354409
1.434e-007,-0.00357835
1.435e-007,-0.00357492
1.436e-007,-0.00354237
1.437e-007,-0.0034927
1.438e-007,-0.0034533
1.439e-007,-0.00344816
1.44e-007,-0.00346529
1.441e-007,-0.00347728
1.442e-007,-0.00348756
1.443e-007,-0.00345844
1.444e-007,-0.0034002
1.445e-007,-0.00334025
1.446e-007,-0.0032683
1.447e-007,-0.0032289
1.448e-007,-0.0032015
1.449e-007,-0.00317409
1.45e-007,-0.00316039
1.451e-007,-0.00313469
1.452e-007,-0.00313641
1.453e-007,-0.00312613
1.454e-007,-0.00309358
1.455e-007,-0.00306275
1.456e-007,-0.00298224
1.457e-007,-0.00289659
1.458e-007,-0.00280067
1.459e-007,-0.00266535
1.46e-007,-0.0025797
1.461e-007,-0.00249919
1.462e-007,-0.00245979
1.463e-007,-0.00247007
1.464e-007,-0.00251632
1.465e-007,-0.00258484
1.466e-007,-0.00267391
1.467e-007,-0.00272359
1.468e-007,-0.00271331
1.469e-007,-0.00263109
1.47e-007,-0.00251974
1.471e-007,-0.00241183
1.472e-007,-0.0023159
1.473e-007,-0.00223368
1.474e-007,-0.00222512
1.475e-007,-0.00223882
1.476e-007,-0.00226794
1.477e-007,-0.00225424
1.478e-007,-0.00221655
1.479e-007,-0.00218401
1.48e-007,-0.00211549
1.481e-007,-0.0020778
1.482e-007,-0.00204697
1.483e-007,-0.00206753
1.484e-007,-0.00209493
1.485e-007,-0.00208123
1.486e-007,-0.00204183
1.487e-007,-0.00194762
1.488e-007,-0.00184142
1.489e-007,-0.00171809
1.49e-007,-0.00164957
1.491e-007,-0.00159818
1.492e-007,-0.00156735
1.493e-007,-0.00154508
1.494e-007,-0.00151082
1.495e-007,-0.00149198
1.496e-007,-0.00145772
1.497e-007,-0.00143374
1.498e-007,-0.00140462
1.499e-007,-0.00136522
1.5e-007,-0.001283
1.501e-007,-0.00119906
1.502e-007,-0.00110142
1.503e-007,-0.00100036
1.504e-007,-0.000943834
1.505e-007,-0.000889019
1.506e-007,-0.000841057
1.507e-007,-0.000818789
1.508e-007,-0.000781104
1.509e-007,-0.00073828
1.51e-007,-0.000686892
1.511e-007,-0.000664623
1.512e-007,-0.000645781
1.513e-007,-0.000645781
1.514e-007,-0.000657772
1.515e-007,-0.00066291
1.516e-007,-0.000645781
1.517e-007,-0.000632077
1.518e-007,-0.00060467
1.519e-007,-0.000578976
1.52e-007,-0.00056356
1.521e-007,-0.000519023
1.522e-007,-0.000465922
1.523e-007,-0.00032546
1.524e-007,-0.000171295
1.525e-007,5.13884e-006
1.526e-007,0.000169582
1.527e-007,0.000274071
1.528e-007,0.000347728
1.529e-007,0.000342589
1.53e-007,0.000315182
1.531e-007,0.000287775
1.532e-007,0.00025009
1.533e-007,0.0002381
1.534e-007,0.000292914
1.535e-007,0.000356293
1.536e-007,0.000414533
1.537e-007,0.00045907
1.538e-007,0.000486477
1.539e-007,0.000491616
1.54e-007,0.000522449
1.541e-007,0.000551569
1.542e-007,0.00060467
1.543e-007,0.000693743
1.544e-007,0.000779391
1.545e-007,0.000851335
1.546e-007,0.000933556
1.547e-007,0.000974667
1.548e-007,0.0010192
1.549e-007,0.00103462
1.55e-007,0.00103976
1.551e-007,0.00104147
1.552e-007,0.00105004
1.553e-007,0.00109286
1.554e-007,0.00114596
1.555e-007,0.00122304
1.556e-007,0.00132068
1.557e-007,0.00142346
1.558e-007,0.00151767
1.559e-007,0.00159647
1.56e-007,0.00168897
1.561e-007,0.00174378
1.562e-007,0.00183285
1.563e-007,0.00187568
1.564e-007,0.00189281
1.565e-007,0.00190137
1.566e-007,0.00188082
1.567e-007,0.00187054
1.568e-007,0.00185512
1.569e-007,0.00185683
1.57e-007,0.00188595
1.571e-007,0.00191679
1.572e-007,0.00199044
1.573e-007,0.00203498
1.574e-007,0.0021172
1.575e-007,0.0021703
1.576e-007,0.00218743
1.577e-007,0.00219086
1.578e-007,0.00216859
1.579e-007,0.00213776
1.58e-007,0.00212919
1.581e-007,0.0021703
1.582e-007,0.00224567
1.583e-007,0.00233132
1.584e-007,0.00241526
1.585e-007,0.00242725
1.586e-007,0.00242382
1.587e-007,0.00241526
1.588e-007,0.00238785
1.589e-007,0.00238785
1.59e-007,0.00243067
1.591e-007,0.00251632
1.592e-007,0.00256086
1.593e-007,0.00261224
1.594e-007,0.00262081
1.595e-007,0.00263109
1.596e-007,0.0026465
1.597e-007,0.00265507
1.598e-007,0.00268933
1.599e-007,0.00268419
1.6e-007,0.00270303
1.601e-007,0.00269789
1.602e-007,0.00269275
1.603e-007,0.00267905
1.604e-007,0.00271159
1.605e-007,0.00273215
1.606e-007,0.002739
1.607e-007,0.00276641
1.608e-007,0.00277326
1.609e-007,0.00275956
1.61e-007,0.00279039
1.611e-007,0.00280067
1.612e-007,0.0028315
1.613e-007,0.00288118
1.614e-007,0.002924
1.615e-007,0.00292914
1.616e-007,0.00288118
1.617e-007,0.00284692
1.618e-007,0.00278868
1.619e-007,0.00271673
1.62e-007,0.00269275
1.621e-007,0.00268761
1.622e-007,0.00273044
1.623e-007,0.00277326
1.624e-007,0.00281095
1.625e-007,0.00284692
1.626e-007,0.00287432
1.627e-007,0.00287775
1.628e-007,0.00287261
1.629e-007,0.0028709
1.63e-007,0.00287946
1.631e-007,0.00288289
1.632e-007,0.00289145
1.633e-007,0.00287604
1.634e-007,0.00284007
1.635e-007,0.00281266
1.636e-007,0.00278525
1.637e-007,0.00274928
1.638e-007,0.00279039
1.639e-007,0.00282294
1.64e-007,0.00287775
1.641e-007,0.00292571
1.642e-007,0.00298224
1.643e-007,0.00304219
1.644e-007,0.00305761
1.645e-007,0.00301993
1.646e-007,0.00295997
1.647e-007,0.00290858
1.648e-007,0.00289317
1.649e-007,0.00290687
1.65e-007,0.0029634
1.651e-007,0.00304905
1.652e-007,0.00311756
1.653e-007,0.00313127
1.654e-007,0.00307131
1.655e-007,0.00298053
1.656e-007,0.00289145
1.657e-007,0.00284863
1.658e-007,0.00283664
1.659e-007,0.0028572
1.66e-007,0.00288803
1.661e-007,0.00294627
1.662e-007,0.00296169
1.663e-007,0.00296682
1.664e-007,0.00295312
1.665e-007,0.00294456
1.666e-007,0.00294969
1.667e-007,0.00294969
1.668e-007,0.00295997
1.669e-007,0.00294456
1.67e-007,0.00294456
1.671e-007,0.0029377
1.672e-007,0.00294113
1.673e-007,0.00294284
1.674e-007,0.00295655
1.675e-007,0.00296854
1.676e-007,0.00292229
1.677e-007,0.00284863
1.678e-007,0.00273558
1.679e-007,0.00266021
1.68e-007,0.00264308
1.681e-007,0.00265335
1.682e-007,0.00271845
1.683e-007,0.00279896
1.684e-007,0.00283664
1.685e-007,0.0028178
1.686e-007,0.00275271
1.687e-007,0.00267391
1.688e-007,0.00264822
1.689e-007,0.00262252
1.69e-007,0.00262766
1.691e-007,0.00264479
1.692e-007,0.00267048
1.693e-007,0.0026859
1.694e-007,0.00267048
1.695e-007,0.00267048
1.696e-007,0.00267048
1.697e-007,0.00266877
1.698e-007,0.00267391
1.699e-007,0.00265335
1.7e-007,0.00262081
1.701e-007,0.00258141
1.702e-007,0.00249405
1.703e-007,0.00245294
1.704e-007,0.00243238
1.705e-007,0.00242553
1.706e-007,0.00241526
1.707e-007,0.00238271
1.708e-007,0.00236215
1.709e-007,0.00231248
1.71e-007,0.00226794
1.711e-007,0.0022491
1.712e-007,0.00221827
1.713e-007,0.00221313
1.714e-007,0.00216174
1.715e-007,0.00210692
1.716e-007,0.00201956
1.717e-007,0.00197503
1.718e-007,0.00197503
1.719e-007,0.00202642
1.72e-007,0.0021035
1.721e-007,0.00216003
1.722e-007,0.00217716
1.723e-007,0.00216516
1.724e-007,0.00208637
1.725e-007,0.00202128
1.726e-007,0.00198702
1.727e-007,0.00198188
1.728e-007,0.00198188
1.729e-007,0.00196818
1.73e-007,0.00191507
1.731e-007,0.00183799
1.732e-007,0.00176262
1.733e-007,0.00167869
1.734e-007,0.00165299
1.735e-007,0.00165813
1.736e-007,0.00169239
1.737e-007,0.00172836
1.738e-007,0.00176091
1.739e-007,0.00178318
1.74e-007,0.00177119
1.741e-007,0.0017198
1.742e-007,0.00162901
1.743e-007,0.00153651
1.744e-007,0.00144744
1.745e-007,0.00135152
1.746e-007,0.00127957
1.747e-007,0.00125388
1.748e-007,0.00124874
1.749e-007,0.00128985
1.75e-007,0.00130184
1.751e-007,0.00132239
1.752e-007,0.0012967
1.753e-007,0.00126244
1.754e-007,0.00119906
1.755e-007,0.00111855
1.756e-007,0.00110142
