LECROYWM8500,500500138,Waveform
Segments,1,SegmentSize,2002
Segment,TrigTime,TimeSinceSegment1
#1,21-Mar-2024 16:50:03,0                 
Time,Ampl
-2.45e-008,0.000244951
-2.44e-008,0.00027921
-2.43e-008,0.000301479
-2.42e-008,0.000277497
-2.41e-008,0.0002381
-2.4e-008,0.000212405
-2.39e-008,0.000174721
-2.38e-008,0.000178146
-2.37e-008,0.000183285
-2.36e-008,0.000183285
-2.35e-008,0.000224396
-2.34e-008,0.000214118
-2.33e-008,0.000171295
-2.32e-008,0.000114767
-2.31e-008,8.39344e-005
-2.3e-008,5.82402e-005
-2.29e-008,8.90732e-005
-2.28e-008,0.000157591
-2.27e-008,0.000200415
-2.26e-008,0.000224396
-2.25e-008,0.000227822
-2.24e-008,0.000200415
-2.23e-008,0.000169582
-2.22e-008,0.000161017
-2.21e-008,0.000193563
-2.2e-008,0.000241526
-2.19e-008,0.000292914
-2.18e-008,0.000316895
-2.17e-008,0.000303192
-2.16e-008,0.000248377
-2.15e-008,0.000203841
-2.14e-008,0.000161017
-2.13e-008,0.000159304
-2.12e-008,0.000159304
-2.11e-008,0.000214118
-2.1e-008,0.000272359
-2.09e-008,0.000320321
-2.08e-008,0.000316895
-2.07e-008,0.000258655
-2.06e-008,0.000217544
-2.05e-008,0.000123332
-2.04e-008,7.36567e-005
-2.03e-008,5.99531e-005
-2.02e-008,9.93509e-005
-2.01e-008,0.00013361
-2e-008,0.000205554
-1.99e-008,0.000236387
-1.98e-008,0.000255229
-1.97e-008,0.000244951
-1.96e-008,0.000241526
-1.95e-008,0.000265507
-1.94e-008,0.000262081
-1.93e-008,0.000274071
-1.92e-008,0.000272359
-1.91e-008,0.00026722
-1.9e-008,0.000265507
-1.89e-008,0.000280923
-1.88e-008,0.000289488
-1.87e-008,0.000291201
-1.86e-008,0.000258655
-1.85e-008,0.000246664
-1.84e-008,0.000205554
-1.83e-008,0.000214118
-1.82e-008,0.0002381
-1.81e-008,0.000274071
-1.8e-008,0.000291201
-1.79e-008,0.000277497
-1.78e-008,0.000198702
-1.77e-008,0.000111342
-1.76e-008,4.79625e-005
-1.75e-008,5.13884e-006
-1.74e-008,4.96755e-005
-1.73e-008,0.000125045
-1.72e-008,0.000215831
-1.71e-008,0.000315182
-1.7e-008,0.000380274
-1.69e-008,0.000387126
-1.68e-008,0.000356293
-1.67e-008,0.000292914
-1.66e-008,0.000227822
-1.65e-008,0.000200415
-1.64e-008,0.000184998
-1.63e-008,0.000214118
-1.62e-008,0.000258655
-1.61e-008,0.000291201
-1.6e-008,0.000315182
-1.59e-008,0.000315182
-1.58e-008,0.00030833
-1.57e-008,0.000289488
-1.56e-008,0.000282636
-1.55e-008,0.000263794
-1.54e-008,0.000244951
-1.53e-008,0.000222683
-1.52e-008,0.000229535
-1.51e-008,0.000244951
-1.5e-008,0.000253516
-1.49e-008,0.000280923
-1.48e-008,0.000256942
-1.47e-008,0.000224396
-1.46e-008,0.000195276
-1.45e-008,0.00019185
-1.44e-008,0.000229535
-1.43e-008,0.00030833
-1.42e-008,0.00040083
-1.41e-008,0.000448792
-1.4e-008,0.000443653
-1.39e-008,0.000356293
-1.38e-008,0.000268933
-1.37e-008,0.000176434
-1.36e-008,0.000107916
-1.35e-008,9.07862e-005
-1.34e-008,9.24991e-005
-1.33e-008,9.93509e-005
-1.32e-008,0.000131897
-1.31e-008,0.000157591
-1.3e-008,0.000202128
-1.29e-008,0.000268933
-1.28e-008,0.000320321
-1.27e-008,0.000346015
-1.26e-008,0.000346015
-1.25e-008,0.000294627
-1.24e-008,0.000231248
-1.23e-008,0.000174721
-1.22e-008,0.00013361
-1.21e-008,0.000149026
-1.2e-008,0.000196989
-1.19e-008,0.000222683
-1.18e-008,0.000246664
-1.17e-008,0.000253516
-1.16e-008,0.000265507
-1.15e-008,0.00029634
-1.14e-008,0.000335738
-1.13e-008,0.000366571
-1.12e-008,0.000381987
-1.11e-008,0.000352867
-1.1e-008,0.000323747
-1.09e-008,0.000322034
-1.08e-008,0.000363145
-1.07e-008,0.000455644
-1.06e-008,0.00056356
-1.05e-008,0.000661197
-1.04e-008,0.000710873
-1.03e-008,0.000739993
-1.02e-008,0.000739993
-1.01e-008,0.000741706
-1e-008,0.000798233
-9.9e-009,0.000859899
-9.8e-009,0.000935269
-9.7e-009,0.000940408
-9.6e-009,0.000914714
-9.5e-009,0.000837631
-9.4e-009,0.00078453
-9.3e-009,0.000748558
-9.2e-009,0.000789669
-9.1e-009,0.000877029
-9e-009,0.00100721
-8.9e-009,0.00113054
-8.8e-009,0.00118536
-8.7e-009,0.00115967
-8.6e-009,0.00106374
-8.5e-009,0.000913001
-8.4e-009,0.000777678
-8.3e-009,0.000729715
-8.2e-009,0.000746845
-8.1e-009,0.000803372
-8e-009,0.000897584
-7.9e-009,0.000969528
-7.8e-009,0.000983232
-7.7e-009,0.000943834
-7.6e-009,0.000835918
-7.5e-009,0.000704021
-7.4e-009,0.000578976
-7.3e-009,0.000440227
-7.2e-009,0.00032546
-7.1e-009,0.000214118
-7e-009,0.000183285
-6.9e-009,0.000184998
-6.8e-009,0.000277497
-6.7e-009,0.000407681
-6.6e-009,0.000527588
-6.5e-009,0.000630364
-6.4e-009,0.000657772
-6.3e-009,0.000601244
-6.2e-009,0.000472773
-6.1e-009,0.000291201
-6e-009,0.00016273
-5.9e-009,6.16661e-005
-5.8e-009,2.22683e-005
-5.7e-009,8.56473e-006
-5.6e-009,3.76848e-005
-5.5e-009,0.000178146
-5.4e-009,0.000447079
-5.3e-009,0.000933556
-5.2e-009,0.0016941
-5.1e-009,0.00275099
-5e-009,0.00403913
-4.9e-009,0.00543518
-4.8e-009,0.00680725
-4.7e-009,0.0080971
-4.6e-009,0.00923964
-4.5e-009,0.0102845
-4.4e-009,0.0112849
-4.3e-009,0.0122561
-4.2e-009,0.0132291
-4.1e-009,0.0141387
-4e-009,0.014853
-3.9e-009,0.0153326
-3.8e-009,0.015533
-3.7e-009,0.015384
-3.6e-009,0.0149369
-3.5e-009,0.0141558
-3.4e-009,0.0130355
-3.3e-009,0.0116635
-3.2e-009,0.0101355
-3.1e-009,0.00861955
-3e-009,0.00722692
-2.9e-009,0.00608439
-2.8e-009,0.00532041
-2.7e-009,0.0048956
-2.6e-009,0.0047363
-2.5e-009,0.00479283
-2.4e-009,0.00500523
-2.3e-009,0.00532041
-2.2e-009,0.0057418
-2.1e-009,0.00625054
-2e-009,0.0068929
-1.9e-009,0.00761234
-1.8e-009,0.0084277
-1.7e-009,0.0092619
-1.6e-009,0.0100516
-1.5e-009,0.0107693
-1.4e-009,0.0113277
-1.3e-009,0.0117525
-1.2e-009,0.0120335
-1.1e-009,0.0121893
-1e-009,0.0122424
-9e-010,0.0122099
-8e-010,0.0120489
-7e-010,0.0117166
-6e-010,0.0111496
-5e-010,0.0103291
-4e-010,0.00928931
-3e-010,0.0080577
-2e-010,0.00674901
-1e-010,0.00549685
4.138488e-023,0.00446565
1e-010,0.0037445
2e-010,0.00340534
3e-010,0.00337793
4e-010,0.00363145
5e-010,0.00403399
6e-010,0.0045119
7e-010,0.00502236
8e-010,0.00553282
9e-010,0.00605869
1e-009,0.00663767
1.1e-009,0.00723035
1.2e-009,0.00784872
1.3e-009,0.00842085
1.4e-009,0.00893987
1.5e-009,0.00942977
1.6e-009,0.00980833
1.7e-009,0.0101389
1.8e-009,0.0103256
1.9e-009,0.010401
2e-009,0.0102725
2.1e-009,0.00996764
2.2e-009,0.00950857
2.3e-009,0.00892788
2.4e-009,0.00819816
2.5e-009,0.00737766
2.6e-009,0.00644239
2.7e-009,0.00545402
2.8e-009,0.00446394
2.9e-009,0.00355779
3e-009,0.00282979
3.1e-009,0.00232276
3.2e-009,0.00204355
3.3e-009,0.00199044
3.4e-009,0.00213433
3.5e-009,0.00245123
3.6e-009,0.00290858
3.7e-009,0.003479
3.8e-009,0.00414876
3.9e-009,0.00490074
4e-009,0.00569212
4.1e-009,0.00645952
4.2e-009,0.00720637
4.3e-009,0.00787784
4.4e-009,0.00845339
4.5e-009,0.00881996
4.6e-009,0.00900325
4.7e-009,0.00897927
4.8e-009,0.00872404
4.9e-009,0.00834034
5e-009,0.00774595
5.1e-009,0.0071053
5.2e-009,0.00631392
5.3e-009,0.00541463
5.4e-009,0.00442454
5.5e-009,0.00345501
5.6e-009,0.00252146
5.7e-009,0.00172836
5.8e-009,0.00109629
5.9e-009,0.000652633
6e-009,0.000405968
6.1e-009,0.000328886
6.2e-009,0.000474486
6.3e-009,0.00082564
6.4e-009,0.00141147
6.5e-009,0.00217716
6.6e-009,0.00305761
6.7e-009,0.00401001
6.8e-009,0.00493157
6.9e-009,0.00577606
7e-009,0.00651605
7.1e-009,0.0071053
7.2e-009,0.0076209
7.3e-009,0.00793094
7.4e-009,0.00810738
7.5e-009,0.00811937
7.6e-009,0.0079378
7.7e-009,0.00756437
7.8e-009,0.0069991
7.9e-009,0.00629851
8e-009,0.00547972
8.1e-009,0.00461982
8.2e-009,0.00373936
8.3e-009,0.00285548
8.4e-009,0.0020247
8.5e-009,0.00126587
8.6e-009,0.000613235
8.7e-009,0.000131897
8.8e-009,-0.000167869
8.9e-009,-0.000226109
9e-009,-7.36567e-005
9.1e-009,0.000262081
9.2e-009,0.000743419
9.3e-009,0.00132925
9.4e-009,0.00201785
9.5e-009,0.00274928
9.6e-009,0.00349955
9.7e-009,0.00423954
9.8e-009,0.00492301
9.9e-009,0.00547629
1e-008,0.00591481
1.01e-008,0.00620258
1.02e-008,0.00633619
1.03e-008,0.00631564
1.04e-008,0.00613064
1.05e-008,0.00581203
1.06e-008,0.00533583
1.07e-008,0.0047757
1.08e-008,0.00411792
1.09e-008,0.00342418
1.1e-008,0.00267905
1.11e-008,0.00196646
1.12e-008,0.001283
1.13e-008,0.000661197
1.14e-008,0.000131897
1.15e-008,-0.000311756
1.16e-008,-0.00060467
1.17e-008,-0.000741706
1.18e-008,-0.000734854
1.19e-008,-0.000570411
1.2e-008,-0.000268933
1.21e-008,0.000150739
1.22e-008,0.000726289
1.23e-008,0.00136179
1.24e-008,0.00204183
1.25e-008,0.00278011
1.26e-008,0.00350126
1.27e-008,0.0042207
1.28e-008,0.0048562
1.29e-008,0.00541634
1.3e-008,0.00582402
1.31e-008,0.00605869
1.32e-008,0.0060724
1.33e-008,0.00591138
1.34e-008,0.0055568
1.35e-008,0.00504805
1.36e-008,0.00442112
1.37e-008,0.00371367
1.38e-008,0.00297881
1.39e-008,0.00221141
1.4e-008,0.00149026
1.41e-008,0.000863325
1.42e-008,0.000334025
1.43e-008,-0.000109629
1.44e-008,-0.000404255
1.45e-008,-0.000606383
1.46e-008,-0.00063379
1.47e-008,-0.000510458
1.48e-008,-0.000229535
1.49e-008,0.000224396
1.5e-008,0.000798233
1.51e-008,0.00145772
1.52e-008,0.00218915
1.53e-008,0.00292743
1.54e-008,0.00369483
1.55e-008,0.00443996
1.56e-008,0.00509259
1.57e-008,0.00563388
1.58e-008,0.00601073
1.59e-008,0.006218
1.6e-008,0.00624027
1.61e-008,0.00609124
1.62e-008,0.00572638
1.63e-008,0.00522963
1.64e-008,0.00457871
1.65e-008,0.00381645
1.66e-008,0.00302678
1.67e-008,0.00223711
1.68e-008,0.00151767
1.69e-008,0.000851335
1.7e-008,0.000299766
1.71e-008,-0.000157591
1.72e-008,-0.000474486
1.73e-008,-0.000628652
1.74e-008,-0.000616661
1.75e-008,-0.000447079
1.76e-008,-0.00010449
1.77e-008,0.000340876
1.78e-008,0.000885594
1.79e-008,0.00150911
1.8e-008,0.0021429
1.81e-008,0.00280752
1.82e-008,0.00345673
1.83e-008,0.00410422
1.84e-008,0.00463866
1.85e-008,0.00508574
1.86e-008,0.00537009
1.87e-008,0.00549171
1.88e-008,0.00544203
1.89e-008,0.00524333
1.9e-008,0.00491102
1.91e-008,0.00445195
1.92e-008,0.00394492
1.93e-008,0.0034002
1.94e-008,0.00282294
1.95e-008,0.00225595
1.96e-008,0.00164272
1.97e-008,0.00106031
1.98e-008,0.000536152
1.99e-008,7.87956e-005
2e-008,-0.000244951
2.01e-008,-0.000428237
2.02e-008,-0.000452218
2.03e-008,-0.000340876
2.04e-008,-0.000107916
2.05e-008,0.000234674
2.06e-008,0.000695456
2.07e-008,0.00124189
2.08e-008,0.00184313
2.09e-008,0.00247521
2.1e-008,0.00310386
2.11e-008,0.00364858
2.12e-008,0.00410593
2.13e-008,0.00448107
2.14e-008,0.00470889
2.15e-008,0.00484593
2.16e-008,0.00488875
2.17e-008,0.00482195
2.18e-008,0.00463352
2.19e-008,0.00434746
2.2e-008,0.00397404
2.21e-008,0.0035064
2.22e-008,0.00296854
2.23e-008,0.00240155
2.24e-008,0.00182943
2.25e-008,0.0012967
2.26e-008,0.000847909
2.27e-008,0.000474486
2.28e-008,0.000205554
2.29e-008,1.37036e-005
2.3e-008,-7.70826e-005
2.31e-008,-5.82402e-005
2.32e-008,7.19438e-005
2.33e-008,0.000344302
2.34e-008,0.000743419
2.35e-008,0.00124017
2.36e-008,0.00179174
2.37e-008,0.00237072
2.38e-008,0.00294969
2.39e-008,0.00350983
2.4e-008,0.00401172
2.41e-008,0.00448107
2.42e-008,0.00484935
2.43e-008,0.00510116
2.44e-008,0.00523648
2.45e-008,0.00525703
2.46e-008,0.00515254
2.47e-008,0.00494699
2.48e-008,0.00465922
2.49e-008,0.0042601
2.5e-008,0.00378219
2.51e-008,0.00320835
2.52e-008,0.00262423
2.53e-008,0.00205382
2.54e-008,0.00156392
2.55e-008,0.00119564
2.56e-008,0.000957537
2.57e-008,0.000799946
2.58e-008,0.000734854
2.59e-008,0.000734854
2.6e-008,0.00082564
2.61e-008,0.00100207
2.62e-008,0.00127786
2.63e-008,0.00165471
2.64e-008,0.00212063
2.65e-008,0.00260539
2.66e-008,0.00310043
2.67e-008,0.00353724
2.68e-008,0.00395519
2.69e-008,0.00431834
2.7e-008,0.00462838
2.71e-008,0.00486134
2.72e-008,0.00502407
2.73e-008,0.0050943
2.74e-008,0.00502407
2.75e-008,0.00480139
2.76e-008,0.00446051
2.77e-008,0.00399802
2.78e-008,0.00346358
2.79e-008,0.00290173
2.8e-008,0.00232618
2.81e-008,0.00179346
2.82e-008,0.00130184
2.83e-008,0.000851335
2.84e-008,0.000452218
2.85e-008,0.000167869
2.86e-008,-3.76848e-005
2.87e-008,-0.000101064
2.88e-008,-3.42589e-005
2.89e-008,0.000171295
2.9e-008,0.000489903
2.91e-008,0.000902723
2.92e-008,0.00134295
2.93e-008,0.00177804
2.94e-008,0.00219771
2.95e-008,0.00256257
2.96e-008,0.00285206
2.97e-008,0.00305932
2.98e-008,0.00319978
2.99e-008,0.00328543
3e-008,0.00332654
3.01e-008,0.00333511
3.02e-008,0.0032683
3.03e-008,0.00313298
3.04e-008,0.00291201
3.05e-008,0.00261053
3.06e-008,0.0022628
3.07e-008,0.00188253
3.08e-008,0.0014817
3.09e-008,0.00109971
3.1e-008,0.000729715
3.11e-008,0.000381987
3.12e-008,8.05085e-005
3.13e-008,-0.000118193
3.14e-008,-0.000244951
3.15e-008,-0.000275784
3.16e-008,-0.000275784
3.17e-008,-0.000203841
3.18e-008,-9.07862e-005
3.19e-008,8.90732e-005
3.2e-008,0.000335738
3.21e-008,0.000637216
3.22e-008,0.000978093
3.23e-008,0.00131383
3.24e-008,0.00163073
3.25e-008,0.00191679
3.26e-008,0.00218915
3.27e-008,0.00242725
3.28e-008,0.00260025
3.29e-008,0.00267905
3.3e-008,0.00265164
3.31e-008,0.00247178
3.32e-008,0.0022097
3.33e-008,0.00184998
3.34e-008,0.00146628
3.35e-008,0.00105518
3.36e-008,0.000673188
3.37e-008,0.000306617
3.38e-008,-6.3379e-005
3.39e-008,-0.000390552
3.4e-008,-0.00068004
3.41e-008,-0.000948973
3.42e-008,-0.00114939
3.43e-008,-0.00127957
3.44e-008,-0.00134295
3.45e-008,-0.00126758
3.46e-008,-0.00113397
3.47e-008,-0.000928417
3.48e-008,-0.000686892
3.49e-008,-0.000409394
3.5e-008,-0.000130184
3.51e-008,0.000149026
3.52e-008,0.000421385
3.53e-008,0.000683466
3.54e-008,0.000921565
3.55e-008,0.00109971
3.56e-008,0.00119221
3.57e-008,0.00118193
3.58e-008,0.00108601
3.59e-008,0.000938695
3.6e-008,0.000748558
3.61e-008,0.000532726
3.62e-008,0.000284349
3.63e-008,-1.19906e-005
3.64e-008,-0.000337451
3.65e-008,-0.000707447
3.66e-008,-0.00108258
3.67e-008,-0.0014423
3.68e-008,-0.00178318
3.69e-008,-0.00203669
3.7e-008,-0.00222854
3.71e-008,-0.00233132
3.72e-008,-0.00236215
3.73e-008,-0.00231762
3.74e-008,-0.00221655
3.75e-008,-0.00206068
3.76e-008,-0.00186711
3.77e-008,-0.00164614
3.78e-008,-0.00136522
3.79e-008,-0.00107916
3.8e-008,-0.000787956
3.81e-008,-0.000532726
3.82e-008,-0.000349441
3.83e-008,-0.00022097
3.84e-008,-0.000169582
3.85e-008,-0.000155878
3.86e-008,-0.000236387
3.87e-008,-0.000334025
3.88e-008,-0.00050018
3.89e-008,-0.000710873
3.9e-008,-0.000969528
3.91e-008,-0.00121791
3.92e-008,-0.00150397
3.93e-008,-0.00177119
3.94e-008,-0.00204697
3.95e-008,-0.00230905
3.96e-008,-0.00255914
3.97e-008,-0.00278868
3.98e-008,-0.00295483
3.99e-008,-0.00304562
4e-008,-0.0030559
4.01e-008,-0.00301821
4.02e-008,-0.00294798
4.03e-008,-0.0028709
4.04e-008,-0.00270646
4.05e-008,-0.00251974
4.06e-008,-0.0022491
4.07e-008,-0.00195619
4.08e-008,-0.00164614
4.09e-008,-0.00134466
4.1e-008,-0.00113911
4.11e-008,-0.00097638
4.12e-008,-0.000907862
4.13e-008,-0.000861612
4.14e-008,-0.000856473
4.15e-008,-0.000875316
4.16e-008,-0.000928417
4.17e-008,-0.00102434
4.18e-008,-0.00117508
4.19e-008,-0.00138406
4.2e-008,-0.00165299
4.21e-008,-0.00194591
4.22e-008,-0.00228336
4.23e-008,-0.0025934
4.24e-008,-0.00287946
4.25e-008,-0.00310557
4.26e-008,-0.0032683
4.27e-008,-0.00339163
4.28e-008,-0.00343275
4.29e-008,-0.00339506
4.3e-008,-0.00327344
4.31e-008,-0.00310557
4.32e-008,-0.00291201
4.33e-008,-0.0026859
4.34e-008,-0.00247692
4.35e-008,-0.00229706
4.36e-008,-0.00216003
4.37e-008,-0.00199901
4.38e-008,-0.00183628
4.39e-008,-0.00166156
4.4e-008,-0.00152624
4.41e-008,-0.00143888
4.42e-008,-0.0013755
4.43e-008,-0.00138577
4.44e-008,-0.00143202
4.45e-008,-0.00155022
4.46e-008,-0.00173864
4.47e-008,-0.00196989
4.48e-008,-0.00224225
4.49e-008,-0.00249919
4.5e-008,-0.00274071
4.51e-008,-0.00293599
4.52e-008,-0.00308673
4.53e-008,-0.00324603
4.54e-008,-0.00336594
4.55e-008,-0.00347557
4.56e-008,-0.00353381
4.57e-008,-0.00351497
4.58e-008,-0.0034002
4.59e-008,-0.00322377
4.6e-008,-0.00302678
4.61e-008,-0.00284178
4.62e-008,-0.0026996
4.63e-008,-0.00257113
4.64e-008,-0.00246493
4.65e-008,-0.00232618
4.66e-008,-0.00214804
4.67e-008,-0.00194419
4.68e-008,-0.00177461
4.69e-008,-0.00165299
4.7e-008,-0.00159989
4.71e-008,-0.00159475
4.72e-008,-0.00164957
4.73e-008,-0.00171809
4.74e-008,-0.00176605
4.75e-008,-0.00184313
4.76e-008,-0.00190994
4.77e-008,-0.00199901
4.78e-008,-0.00213091
4.79e-008,-0.00226794
4.8e-008,-0.0023947
4.81e-008,-0.00252146
4.82e-008,-0.00260539
4.83e-008,-0.00264993
4.84e-008,-0.00267562
4.85e-008,-0.00265507
4.86e-008,-0.00260539
4.87e-008,-0.00251289
4.88e-008,-0.00239299
4.89e-008,-0.00223368
4.9e-008,-0.0020778
4.91e-008,-0.00191679
4.92e-008,-0.0017592
4.93e-008,-0.00157762
4.94e-008,-0.00139605
4.95e-008,-0.00118879
4.96e-008,-0.00101064
4.97e-008,-0.00087189
4.98e-008,-0.000781104
4.99e-008,-0.000757123
5e-008,-0.000787956
5.01e-008,-0.000853048
5.02e-008,-0.000928417
5.03e-008,-0.000995222
5.04e-008,-0.00102606
5.05e-008,-0.00108943
5.06e-008,-0.00115967
5.07e-008,-0.00125216
5.08e-008,-0.00134124
5.09e-008,-0.00141832
5.1e-008,-0.00147485
5.11e-008,-0.00148512
5.12e-008,-0.00149198
5.13e-008,-0.00149026
5.14e-008,-0.00146457
5.15e-008,-0.00142346
5.16e-008,-0.00133439
5.17e-008,-0.00113397
5.18e-008,-0.00090101
5.19e-008,-0.000649207
5.2e-008,-0.000426524
5.21e-008,-0.000244951
5.22e-008,-0.000121619
5.23e-008,-2.56942e-005
5.24e-008,5.13884e-005
5.25e-008,0.00011648
5.26e-008,0.000195276
5.27e-008,0.000262081
5.28e-008,0.000311756
5.29e-008,0.000335738
5.3e-008,0.000368284
5.31e-008,0.000346015
5.32e-008,0.000282636
5.33e-008,0.000205554
5.34e-008,7.70826e-005
5.35e-008,-4.45366e-005
5.36e-008,-0.000171295
5.37e-008,-0.000226109
5.38e-008,-0.00025009
5.39e-008,-0.000241526
5.4e-008,-0.000214118
5.41e-008,-0.000193563
5.42e-008,-0.000152452
5.43e-008,-8.90732e-005
5.44e-008,1.02777e-005
5.45e-008,0.0001456
5.46e-008,0.000316895
5.47e-008,0.000495042
5.48e-008,0.000666336
5.49e-008,0.000817076
5.5e-008,0.000931843
5.51e-008,0.00102092
5.52e-008,0.001098
5.53e-008,0.00117851
5.54e-008,0.00123675
5.55e-008,0.00127443
5.56e-008,0.00133267
5.57e-008,0.00135494
5.58e-008,0.00136008
5.59e-008,0.00133267
5.6e-008,0.00126415
5.61e-008,0.00118879
5.62e-008,0.00107916
5.63e-008,0.000978093
5.64e-008,0.000863325
5.65e-008,0.00078453
5.66e-008,0.000726289
5.67e-008,0.000714299
5.68e-008,0.000710873
5.69e-008,0.000757123
5.7e-008,0.000856473
5.71e-008,0.000979806
5.72e-008,0.00109629
5.73e-008,0.00125045
5.74e-008,0.00139263
5.75e-008,0.00155022
5.76e-008,0.00167355
5.77e-008,0.00179859
5.78e-008,0.0019048
5.79e-008,0.00201785
5.8e-008,0.00214975
5.81e-008,0.00230734
5.82e-008,0.00244438
5.83e-008,0.00256086
5.84e-008,0.0026328
5.85e-008,0.00263794
5.86e-008,0.00258141
5.87e-008,0.00253345
5.88e-008,0.00250775
5.89e-008,0.00250775
5.9e-008,0.00256257
5.91e-008,0.00260368
5.92e-008,0.0026191
5.93e-008,0.00258655
5.94e-008,0.00254201
5.95e-008,0.00251461
5.96e-008,0.00249062
5.97e-008,0.00249748
5.98e-008,0.00250947
5.99e-008,0.00252317
6e-008,0.00256428
6.01e-008,0.00261738
6.02e-008,0.00270817
6.03e-008,0.00284007
6.04e-008,0.00298224
6.05e-008,0.00311756
6.06e-008,0.00322548
6.07e-008,0.00330427
6.08e-008,0.00336937
6.09e-008,0.00345673
6.1e-008,0.00353895
6.11e-008,0.00359205
6.12e-008,0.00364173
6.13e-008,0.00366057
6.14e-008,0.00366399
6.15e-008,0.00364001
6.16e-008,0.00360575
6.17e-008,0.00357321
6.18e-008,0.00352011
6.19e-008,0.0034533
6.2e-008,0.00335738
6.21e-008,0.00324432
6.22e-008,0.00314497
6.23e-008,0.00307988
6.24e-008,0.0030559
6.25e-008,0.00310557
6.26e-008,0.00313812
6.27e-008,0.00319293
6.28e-008,0.00319978
6.29e-008,0.00321691
6.3e-008,0.00323233
6.31e-008,0.00325631
6.32e-008,0.00329914
6.33e-008,0.00336765
6.34e-008,0.00347214
6.35e-008,0.00355436
6.36e-008,0.0036126
6.37e-008,0.0036383
6.38e-008,0.00365372
6.39e-008,0.00366057
6.4e-008,0.0036383
6.41e-008,0.00360404
6.42e-008,0.00356807
6.43e-008,0.0034927
6.44e-008,0.00340705
6.45e-008,0.00329057
6.46e-008,0.00319807
6.47e-008,0.00310043
6.48e-008,0.00303534
6.49e-008,0.00298224
6.5e-008,0.00294798
6.51e-008,0.00290173
6.52e-008,0.00284692
6.53e-008,0.00281095
6.54e-008,0.00280409
6.55e-008,0.00286747
6.56e-008,0.00292743
6.57e-008,0.0030165
6.58e-008,0.00307817
6.59e-008,0.00310215
6.6e-008,0.00311414
6.61e-008,0.00307645
6.62e-008,0.00308502
6.63e-008,0.00308159
6.64e-008,0.00313298
6.65e-008,0.00317238
6.66e-008,0.00318094
6.67e-008,0.00316039
6.68e-008,0.00309187
6.69e-008,0.00304905
6.7e-008,0.00299423
6.71e-008,0.00300793
6.72e-008,0.00301307
6.73e-008,0.0030165
6.74e-008,0.00299766
6.75e-008,0.0029377
6.76e-008,0.00286233
6.77e-008,0.00276641
6.78e-008,0.00266877
6.79e-008,0.00256428
6.8e-008,0.00248377
6.81e-008,0.00239813
6.82e-008,0.00233303
6.83e-008,0.00228507
6.84e-008,0.00227479
6.85e-008,0.00225595
6.86e-008,0.00225081
6.87e-008,0.00226109
6.88e-008,0.00228336
6.89e-008,0.00230734
6.9e-008,0.00236044
6.91e-008,0.00238613
6.92e-008,0.00237586
6.93e-008,0.00232961
6.94e-008,0.00228165
6.95e-008,0.00222854
6.96e-008,0.00222169
6.97e-008,0.00225253
6.98e-008,0.00223711
6.99e-008,0.00219942
7e-008,0.00207952
7.01e-008,0.00192878
7.02e-008,0.0017729
7.03e-008,0.00167355
7.04e-008,0.00160161
7.05e-008,0.00156221
7.06e-008,0.00154337
7.07e-008,0.00152281
7.08e-008,0.00147999
7.09e-008,0.00140804
7.1e-008,0.00130355
7.11e-008,0.00120249
7.12e-008,0.00109629
7.13e-008,0.000986657
7.14e-008,0.000873603
7.15e-008,0.000774252
7.16e-008,0.000728002
7.17e-008,0.000710873
7.18e-008,0.000739993
7.19e-008,0.000774252
7.2e-008,0.000823927
7.21e-008,0.000870177
7.22e-008,0.000909575
7.23e-008,0.000907862
7.24e-008,0.000907862
7.25e-008,0.000883881
7.26e-008,0.000866751
7.27e-008,0.000851335
7.28e-008,0.000793094
7.29e-008,0.000728002
7.3e-008,0.000657772
7.31e-008,0.000553282
7.32e-008,0.000464209
7.33e-008,0.000376848
7.34e-008,0.000315182
7.35e-008,0.000268933
7.36e-008,0.000203841
7.37e-008,0.000157591
7.38e-008,0.000135323
7.39e-008,0.000138749
7.4e-008,0.000161017
7.41e-008,0.000183285
7.42e-008,0.000181572
7.43e-008,0.000176434
7.44e-008,0.000149026
7.45e-008,0.00010449
7.46e-008,4.28237e-005
7.47e-008,3.2546e-005
7.48e-008,3.76848e-005
7.49e-008,3.93978e-005
7.5e-008,3.93978e-005
7.51e-008,5.31014e-005
7.52e-008,4.28237e-005
7.53e-008,2.22683e-005
7.54e-008,-1.19906e-005
7.55e-008,-1.54165e-005
7.56e-008,3.0833e-005
7.57e-008,8.22214e-005
7.58e-008,0.000102777
7.59e-008,6.16661e-005
7.6e-008,3.0833e-005
7.61e-008,-3.59719e-005
7.62e-008,-6.85179e-005
7.63e-008,-9.7638e-005
7.64e-008,-9.24991e-005
7.65e-008,-5.31014e-005
7.66e-008,-3.2546e-005
7.67e-008,-4.28237e-005
7.68e-008,-4.62496e-005
7.69e-008,-5.82402e-005
7.7e-008,-9.24991e-005
7.71e-008,-0.000113054
7.72e-008,-0.000119906
7.73e-008,-8.22214e-005
7.74e-008,6.85179e-006
7.75e-008,0.000128471
7.76e-008,0.000253516
7.77e-008,0.000366571
7.78e-008,0.000423098
7.79e-008,0.00045907
7.8e-008,0.00044194
7.81e-008,0.000435089
7.82e-008,0.000409394
7.83e-008,0.0003837
7.84e-008,0.000346015
7.85e-008,0.000337451
7.86e-008,0.000313469
7.87e-008,0.000323747
7.88e-008,0.000369997
7.89e-008,0.000405968
7.9e-008,0.000455644
7.91e-008,0.000462496
7.92e-008,0.000467634
7.93e-008,0.000455644
7.94e-008,0.000457357
7.95e-008,0.00048819
7.96e-008,0.000531014
7.97e-008,0.000601244
7.98e-008,0.000652633
7.99e-008,0.000717725
8e-008,0.000719438
8.01e-008,0.000736567
8.02e-008,0.000714299
8.03e-008,0.000717725
8.04e-008,0.000733141
8.05e-008,0.000757123
8.06e-008,0.000799946
8.07e-008,0.000841057
8.08e-008,0.000887306
8.09e-008,0.000967815
8.1e-008,0.00105689
8.11e-008,0.00115281
8.12e-008,0.00126073
8.13e-008,0.0013498
8.14e-008,0.00140804
8.15e-008,0.00140804
8.16e-008,0.00136693
8.17e-008,0.0013104
8.18e-008,0.00126244
8.19e-008,0.00123675
8.2e-008,0.00122133
8.21e-008,0.00125902
8.22e-008,0.00133781
8.23e-008,0.00141832
8.24e-008,0.00152281
8.25e-008,0.00158961
8.26e-008,0.00162387
8.27e-008,0.00163758
8.28e-008,0.00166156
8.29e-008,0.00169239
8.3e-008,0.00176605
8.31e-008,0.00187054
8.32e-008,0.00200586
8.33e-008,0.00213433
8.34e-008,0.00221141
8.35e-008,0.00223197
8.36e-008,0.00224053
8.37e-008,0.00227308
8.38e-008,0.00232104
8.39e-008,0.0024341
8.4e-008,0.0025403
8.41e-008,0.00262252
8.42e-008,0.00267905
8.43e-008,0.00271159
8.44e-008,0.00273729
8.45e-008,0.00280409
8.46e-008,0.00290173
8.47e-008,0.0030302
8.48e-008,0.00312442
8.49e-008,0.00318094
8.5e-008,0.00320321
8.51e-008,0.00320492
8.52e-008,0.00320664
8.53e-008,0.00327002
8.54e-008,0.00333682
8.55e-008,0.00342247
8.56e-008,0.00352182
8.57e-008,0.00358006
8.58e-008,0.00361432
8.59e-008,0.00363659
8.6e-008,0.00367427
8.61e-008,0.00372737
8.62e-008,0.00376677
8.63e-008,0.00384899
8.64e-008,0.00391751
8.65e-008,0.00399802
8.66e-008,0.00405112
8.67e-008,0.00409223
8.68e-008,0.00412649
8.69e-008,0.00419501
8.7e-008,0.00427894
8.71e-008,0.00437144
8.72e-008,0.00443996
8.73e-008,0.00448963
8.74e-008,0.00451533
8.75e-008,0.0045376
8.76e-008,0.00459412
8.77e-008,0.00468148
8.78e-008,0.00479796
8.79e-008,0.0049213
8.8e-008,0.00500009
8.81e-008,0.00508403
8.82e-008,0.00514569
8.83e-008,0.00520565
8.84e-008,0.005305
8.85e-008,0.00541634
8.86e-008,0.00551911
8.87e-008,0.00559791
8.88e-008,0.00564073
8.89e-008,0.00565101
8.9e-008,0.00565615
8.91e-008,0.00566814
8.92e-008,0.0056887
8.93e-008,0.00575036
8.94e-008,0.00580689
8.95e-008,0.00585314
8.96e-008,0.00584115
8.97e-008,0.00580346
8.98e-008,0.00575721
8.99e-008,0.00575721
9e-008,0.00579833
9.01e-008,0.00589768
9.02e-008,0.00605184
9.03e-008,0.00618888
9.04e-008,0.0063105
9.05e-008,0.0063379
9.06e-008,0.00634304
9.07e-008,0.00634989
9.08e-008,0.00637045
9.09e-008,0.00643897
9.1e-008,0.00649378
9.11e-008,0.00656401
9.12e-008,0.00659485
9.13e-008,0.00660855
9.14e-008,0.00660512
9.15e-008,0.00661883
9.16e-008,0.00665651
9.17e-008,0.00673873
9.18e-008,0.00687919
9.19e-008,0.00699225
9.2e-008,0.00705049
9.21e-008,0.00704878
9.22e-008,0.00699225
9.23e-008,0.00692031
9.24e-008,0.0068672
9.25e-008,0.00688433
9.26e-008,0.00696313
9.27e-008,0.00708817
9.28e-008,0.00719266
9.29e-008,0.00728859
9.3e-008,0.00732456
9.31e-008,0.00733826
9.32e-008,0.00733141
9.33e-008,0.00730743
9.34e-008,0.00727489
9.35e-008,0.0072372
9.36e-008,0.00718239
9.37e-008,0.00715498
9.38e-008,0.00716354
9.39e-008,0.00721322
9.4e-008,0.00731257
9.41e-008,0.00738965
9.42e-008,0.00742905
9.43e-008,0.00744618
9.44e-008,0.00742734
9.45e-008,0.00742391
9.46e-008,0.00742562
9.47e-008,0.00747701
9.48e-008,0.00754039
9.49e-008,0.00759863
9.5e-008,0.0076603
9.51e-008,0.00769627
9.52e-008,0.00768599
9.53e-008,0.00765859
9.54e-008,0.00759349
9.55e-008,0.00753011
9.56e-008,0.00747187
9.57e-008,0.00743076
9.58e-008,0.00741877
9.59e-008,0.00742562
9.6e-008,0.00743762
9.61e-008,0.00745303
9.62e-008,0.00745303
9.63e-008,0.00747187
9.64e-008,0.00749414
9.65e-008,0.00754382
9.66e-008,0.00759692
9.67e-008,0.00763289
9.68e-008,0.00760206
9.69e-008,0.00752669
9.7e-008,0.00741192
9.71e-008,0.00727317
9.72e-008,0.00719609
9.73e-008,0.00716183
9.74e-008,0.00717725
9.75e-008,0.00723891
9.76e-008,0.00731428
9.77e-008,0.00734683
9.78e-008,0.00736053
9.79e-008,0.00735711
9.8e-008,0.00732456
9.81e-008,0.00728002
9.82e-008,0.00724234
9.83e-008,0.00722521
9.84e-008,0.00724748
9.85e-008,0.0072766
9.86e-008,0.00729373
9.87e-008,0.0072903
9.88e-008,0.00728002
9.89e-008,0.00724577
9.9e-008,0.00716354
9.91e-008,0.00705734
9.92e-008,0.00696655
9.93e-008,0.00687919
9.94e-008,0.0068398
9.95e-008,0.00683637
9.96e-008,0.00688947
9.97e-008,0.00694771
9.98e-008,0.00700938
9.99e-008,0.00705563
1e-007,0.00710188
1.001e-007,0.0071053
1.002e-007,0.00709674
1.003e-007,0.00705049
1.004e-007,0.00699225
1.005e-007,0.00694771
1.006e-007,0.0068929
1.007e-007,0.00686207
1.008e-007,0.00686207
1.009e-007,0.00685179
1.01e-007,0.00683637
1.011e-007,0.00679869
1.012e-007,0.00674901
1.013e-007,0.00671133
1.014e-007,0.00667193
1.015e-007,0.00667878
1.016e-007,0.00667193
1.017e-007,0.00666336
1.018e-007,0.00659827
1.019e-007,0.00656059
1.02e-007,0.00652975
1.021e-007,0.00649207
1.022e-007,0.00648864
1.023e-007,0.00648864
1.024e-007,0.00649207
1.025e-007,0.00649378
1.026e-007,0.00647837
1.027e-007,0.00642526
1.028e-007,0.00638244
1.029e-007,0.00634133
1.03e-007,0.00630878
1.031e-007,0.00625911
1.032e-007,0.00622485
1.033e-007,0.00620087
1.034e-007,0.00618374
1.035e-007,0.0061923
1.036e-007,0.00619402
1.037e-007,0.00619059
1.038e-007,0.00616661
1.039e-007,0.00609466
1.04e-007,0.00600388
1.041e-007,0.0059268
1.042e-007,0.00585314
1.043e-007,0.00581888
1.044e-007,0.00581888
1.045e-007,0.00582916
1.046e-007,0.00580518
1.047e-007,0.00577606
1.048e-007,0.00570069
1.049e-007,0.00558078
1.05e-007,0.00547972
1.051e-007,0.00536666
1.052e-007,0.00530842
1.053e-007,0.00528273
1.054e-007,0.00526902
1.055e-007,0.00525361
1.056e-007,0.00526217
1.057e-007,0.00524847
1.058e-007,0.00520222
1.059e-007,0.00515768
1.06e-007,0.00511486
1.061e-007,0.00506347
1.062e-007,0.00500694
1.063e-007,0.00494185
1.064e-007,0.00487505
1.065e-007,0.00480995
1.066e-007,0.00475685
1.067e-007,0.00469176
1.068e-007,0.0046044
1.069e-007,0.00447422
1.07e-007,0.00434061
1.071e-007,0.00422927
1.072e-007,0.00417445
1.073e-007,0.00416246
1.074e-007,0.00421214
1.075e-007,0.00427552
1.076e-007,0.00429264
1.077e-007,0.00423783
1.078e-007,0.0040888
1.079e-007,0.00389867
1.08e-007,0.00371881
1.081e-007,0.00360575
1.082e-007,0.00355436
1.083e-007,0.00352867
1.084e-007,0.00353724
1.085e-007,0.00348927
1.086e-007,0.00341904
1.087e-007,0.00332826
1.088e-007,0.00325802
1.089e-007,0.00320835
1.09e-007,0.0031621
1.091e-007,0.00311071
1.092e-007,0.00302849
1.093e-007,0.00293085
1.094e-007,0.00280923
1.095e-007,0.00271673
1.096e-007,0.00266192
1.097e-007,0.0026191
1.098e-007,0.0025934
1.099e-007,0.00257456
1.1e-007,0.00251974
1.101e-007,0.00244266
1.102e-007,0.00233646
1.103e-007,0.00221655
1.104e-007,0.00212919
1.105e-007,0.00207438
1.106e-007,0.00208294
1.107e-007,0.00207095
1.108e-007,0.00206239
1.109e-007,0.00200586
1.11e-007,0.00192364
1.111e-007,0.00184998
1.112e-007,0.00178318
1.113e-007,0.00174892
1.114e-007,0.0017198
1.115e-007,0.00165299
1.116e-007,0.00157934
1.117e-007,0.00146114
1.118e-007,0.00136522
1.119e-007,0.00128471
1.12e-007,0.00121619
1.121e-007,0.00116309
1.122e-007,0.00112541
1.123e-007,0.00106717
1.124e-007,0.0010055
1.125e-007,0.000933556
1.126e-007,0.000859899
1.127e-007,0.0007674
1.128e-007,0.000702308
1.129e-007,0.00063379
1.13e-007,0.000553282
1.131e-007,0.000496755
1.132e-007,0.000440227
1.133e-007,0.000359719
1.134e-007,0.000310043
1.135e-007,0.000231248
1.136e-007,0.000164443
1.137e-007,0.000126758
1.138e-007,0.000113054
1.139e-007,0.0001456
1.14e-007,0.000149026
1.141e-007,0.000130184
1.142e-007,8.39344e-005
1.143e-007,2.05554e-005
1.144e-007,-3.2546e-005
1.145e-007,-7.19438e-005
1.146e-007,-9.07862e-005
1.147e-007,-0.00013361
1.148e-007,-0.000154165
1.149e-007,-0.000226109
1.15e-007,-0.000310043
1.151e-007,-0.000421385
1.152e-007,-0.000529301
1.153e-007,-0.000632077
1.154e-007,-0.000688605
1.155e-007,-0.000729715
1.156e-007,-0.000763974
1.157e-007,-0.000782817
1.158e-007,-0.000787956
1.159e-007,-0.000806798
1.16e-007,-0.000846196
1.161e-007,-0.000878742
1.162e-007,-0.000923278
1.163e-007,-0.000964389
1.164e-007,-0.00097638
1.165e-007,-0.00103462
1.166e-007,-0.00106203
1.167e-007,-0.00107916
1.168e-007,-0.00110314
1.169e-007,-0.0011117
1.17e-007,-0.0011117
1.171e-007,-0.00111342
1.172e-007,-0.00113226
1.173e-007,-0.0011648
1.174e-007,-0.00120249
1.175e-007,-0.00126073
1.176e-007,-0.00127443
1.177e-007,-0.0012967
1.178e-007,-0.00133952
1.179e-007,-0.00138064
1.18e-007,-0.00144059
1.181e-007,-0.00147313
1.182e-007,-0.00151596
1.183e-007,-0.00155193
1.184e-007,-0.00158961
1.185e-007,-0.00161017
1.186e-007,-0.00165985
1.187e-007,-0.00171809
1.188e-007,-0.00174892
1.189e-007,-0.00177804
1.19e-007,-0.00177119
1.191e-007,-0.00175063
1.192e-007,-0.00172836
1.193e-007,-0.00169582
1.194e-007,-0.00167697
1.195e-007,-0.00167355
1.196e-007,-0.00167869
1.197e-007,-0.00170096
1.198e-007,-0.00173693
1.199e-007,-0.00178832
1.2e-007,-0.00186026
1.201e-007,-0.00193392
1.202e-007,-0.00198359
1.203e-007,-0.00200243
1.204e-007,-0.00200929
1.205e-007,-0.00199216
1.206e-007,-0.00197331
1.207e-007,-0.00196304
1.208e-007,-0.00198359
1.209e-007,-0.00202984
1.21e-007,-0.00208637
1.211e-007,-0.00211206
1.212e-007,-0.00213433
1.213e-007,-0.00214804
1.214e-007,-0.00220285
1.215e-007,-0.00225424
1.216e-007,-0.00231077
1.217e-007,-0.0023416
1.218e-007,-0.00232104
1.219e-007,-0.00229364
1.22e-007,-0.00224396
1.221e-007,-0.00222169
1.222e-007,-0.00223197
1.223e-007,-0.00227137
1.224e-007,-0.00232104
1.225e-007,-0.00234674
1.226e-007,-0.00232789
1.227e-007,-0.00229877
1.228e-007,-0.00226965
1.229e-007,-0.00227308
1.23e-007,-0.00227822
1.231e-007,-0.00233646
1.232e-007,-0.00241868
1.233e-007,-0.00248549
1.234e-007,-0.00253859
1.235e-007,-0.00256942
1.236e-007,-0.00258826
1.237e-007,-0.00259169
1.238e-007,-0.00258484
1.239e-007,-0.00256771
1.24e-007,-0.00255572
1.241e-007,-0.00254715
1.242e-007,-0.00252146
1.243e-007,-0.00251974
1.244e-007,-0.00253002
1.245e-007,-0.00253687
1.246e-007,-0.00257627
1.247e-007,-0.00257627
1.248e-007,-0.00254373
1.249e-007,-0.00249576
1.25e-007,-0.00245123
1.251e-007,-0.00242039
1.252e-007,-0.00239127
1.253e-007,-0.0024084
1.254e-007,-0.00242553
1.255e-007,-0.0024735
1.256e-007,-0.00247692
1.257e-007,-0.00248377
1.258e-007,-0.00245637
1.259e-007,-0.00244095
1.26e-007,-0.00243067
1.261e-007,-0.00239813
1.262e-007,-0.00239813
1.263e-007,-0.00239299
1.264e-007,-0.00237072
1.265e-007,-0.00237414
1.266e-007,-0.00233475
1.267e-007,-0.00229364
1.268e-007,-0.00225253
1.269e-007,-0.00220628
1.27e-007,-0.00216688
1.271e-007,-0.00216859
1.272e-007,-0.00217202
1.273e-007,-0.00219942
1.274e-007,-0.00219086
1.275e-007,-0.00217202
1.276e-007,-0.00213776
1.277e-007,-0.0020778
1.278e-007,-0.00202984
1.279e-007,-0.00201271
1.28e-007,-0.00201956
1.281e-007,-0.00205382
1.282e-007,-0.0020778
1.283e-007,-0.00207267
1.284e-007,-0.00203669
1.285e-007,-0.00196304
1.286e-007,-0.00186197
1.287e-007,-0.00177119
1.288e-007,-0.00172322
1.289e-007,-0.00168554
1.29e-007,-0.00170267
1.291e-007,-0.00168897
1.292e-007,-0.0017061
1.293e-007,-0.00170781
1.294e-007,-0.00174378
1.295e-007,-0.00177975
1.296e-007,-0.00181744
1.297e-007,-0.00187054
1.298e-007,-0.00190651
1.299e-007,-0.00192878
1.3e-007,-0.0019322
1.301e-007,-0.00193049
1.302e-007,-0.00191336
1.303e-007,-0.0019048
1.304e-007,-0.00189452
1.305e-007,-0.00190994
1.306e-007,-0.00194933
1.307e-007,-0.00200072
1.308e-007,-0.00201785
1.309e-007,-0.0019973
1.31e-007,-0.00193906
1.311e-007,-0.0018517
1.312e-007,-0.00180031
1.313e-007,-0.00175406
1.314e-007,-0.00177975
1.315e-007,-0.00186369
1.316e-007,-0.00197503
1.317e-007,-0.00208123
1.318e-007,-0.00211378
1.319e-007,-0.00212919
1.32e-007,-0.00213433
1.321e-007,-0.00213091
1.322e-007,-0.00213604
1.323e-007,-0.00213604
1.324e-007,-0.00213776
1.325e-007,-0.00214461
1.326e-007,-0.00213776
1.327e-007,-0.00210521
1.328e-007,-0.0020898
1.329e-007,-0.00208466
1.33e-007,-0.00209493
1.331e-007,-0.00211035
1.332e-007,-0.00214975
1.333e-007,-0.0021566
1.334e-007,-0.00215831
1.335e-007,-0.00216174
1.336e-007,-0.00214461
1.337e-007,-0.00215146
1.338e-007,-0.00217202
1.339e-007,-0.00222683
1.34e-007,-0.00231248
1.341e-007,-0.00237414
1.342e-007,-0.00240155
1.343e-007,-0.00241354
1.344e-007,-0.0023947
1.345e-007,-0.0023947
1.346e-007,-0.00242039
1.347e-007,-0.00245808
1.348e-007,-0.00253516
1.349e-007,-0.00259683
1.35e-007,-0.00263109
1.351e-007,-0.00262766
1.352e-007,-0.00261224
1.353e-007,-0.00260197
1.354e-007,-0.00264308
1.355e-007,-0.00267391
1.356e-007,-0.00270817
1.357e-007,-0.00272359
1.358e-007,-0.00273386
1.359e-007,-0.00271331
1.36e-007,-0.00271845
1.361e-007,-0.00270988
1.362e-007,-0.00274071
1.363e-007,-0.00278183
1.364e-007,-0.00282808
1.365e-007,-0.00289488
1.366e-007,-0.00294969
1.367e-007,-0.00299937
1.368e-007,-0.00303877
1.369e-007,-0.00300793
1.37e-007,-0.00297539
1.371e-007,-0.00292743
1.372e-007,-0.00288118
1.373e-007,-0.00286576
1.374e-007,-0.00287604
1.375e-007,-0.00290687
1.376e-007,-0.00295141
1.377e-007,-0.00296854
1.378e-007,-0.00297368
1.379e-007,-0.00297025
1.38e-007,-0.00297196
1.381e-007,-0.00299594
1.382e-007,-0.00306104
1.383e-007,-0.00312784
1.384e-007,-0.00324432
1.385e-007,-0.00330599
1.386e-007,-0.00333511
1.387e-007,-0.00332312
1.388e-007,-0.00328715
1.389e-007,-0.00325631
1.39e-007,-0.00324432
1.391e-007,-0.00323918
1.392e-007,-0.00327173
1.393e-007,-0.00328543
1.394e-007,-0.00327173
1.395e-007,-0.00328029
1.396e-007,-0.00326488
1.397e-007,-0.00326488
1.398e-007,-0.00326145
1.399e-007,-0.00323747
1.4e-007,-0.0032289
1.401e-007,-0.00321178
1.402e-007,-0.00319122
1.403e-007,-0.00317923
1.404e-007,-0.00320321
1.405e-007,-0.00325802
1.406e-007,-0.00330427
1.407e-007,-0.00337964
1.408e-007,-0.003479
1.409e-007,-0.00357835
1.41e-007,-0.00366571
1.411e-007,-0.00369311
1.412e-007,-0.00368112
1.413e-007,-0.00362802
1.414e-007,-0.00352524
1.415e-007,-0.00342418
1.416e-007,-0.00336594
1.417e-007,-0.00336937
1.418e-007,-0.0034139
1.419e-007,-0.00345501
1.42e-007,-0.00348071
1.421e-007,-0.00350469
1.422e-007,-0.00348927
1.423e-007,-0.00344131
1.424e-007,-0.00340705
1.425e-007,-0.0033608
1.426e-007,-0.00333339
1.427e-007,-0.00332826
1.428e-007,-0.003294
1.429e-007,-0.00332483
1.43e-007,-0.003294
1.431e-007,-0.00325974
1.432e-007,-0.00320321
1.433e-007,-0.00315867
1.434e-007,-0.00313127
1.435e-007,-0.00311756
1.436e-007,-0.00316039
1.437e-007,-0.00321006
1.438e-007,-0.00327344
1.439e-007,-0.00331113
1.44e-007,-0.00331284
1.441e-007,-0.00329571
1.442e-007,-0.00326488
1.443e-007,-0.00323233
1.444e-007,-0.00319293
1.445e-007,-0.0031621
1.446e-007,-0.00310386
1.447e-007,-0.0030696
1.448e-007,-0.00302335
1.449e-007,-0.00297881
1.45e-007,-0.00291372
1.451e-007,-0.00283321
1.452e-007,-0.00276127
1.453e-007,-0.00265849
1.454e-007,-0.00259854
1.455e-007,-0.00255058
1.456e-007,-0.00255743
1.457e-007,-0.00263109
1.458e-007,-0.00266877
1.459e-007,-0.00264993
1.46e-007,-0.00258998
1.461e-007,-0.00247007
1.462e-007,-0.00236044
1.463e-007,-0.00225766
1.464e-007,-0.00218915
1.465e-007,-0.00219257
1.466e-007,-0.00219771
1.467e-007,-0.00221313
1.468e-007,-0.00216859
1.469e-007,-0.00213262
1.47e-007,-0.00210692
1.471e-007,-0.00208808
1.472e-007,-0.00209665
1.473e-007,-0.00214118
1.474e-007,-0.00218572
1.475e-007,-0.00218743
1.476e-007,-0.0021429
1.477e-007,-0.00206924
1.478e-007,-0.00199044
1.479e-007,-0.00193906
1.48e-007,-0.00188767
1.481e-007,-0.00185683
1.482e-007,-0.00182429
1.483e-007,-0.00177975
1.484e-007,-0.00170952
1.485e-007,-0.00161531
1.486e-007,-0.00152452
1.487e-007,-0.00146457
1.488e-007,-0.00140462
1.489e-007,-0.00134809
1.49e-007,-0.0013104
1.491e-007,-0.00129841
1.492e-007,-0.00129327
1.493e-007,-0.00128128
1.494e-007,-0.00127272
1.495e-007,-0.00125902
1.496e-007,-0.00122476
1.497e-007,-0.0011905
1.498e-007,-0.00115281
1.499e-007,-0.00112198
1.5e-007,-0.0010586
1.501e-007,-0.000998648
1.502e-007,-0.000933556
1.503e-007,-0.000892445
1.504e-007,-0.000866751
1.505e-007,-0.000868464
1.506e-007,-0.000856473
1.507e-007,-0.00085476
1.508e-007,-0.000786243
1.509e-007,-0.00070916
1.51e-007,-0.000640642
1.511e-007,-0.00056356
1.512e-007,-0.000525875
1.513e-007,-0.000508745
1.514e-007,-0.000522449
1.515e-007,-0.000489903
1.516e-007,-0.000424811
1.517e-007,-0.000339163
1.518e-007,-0.000256942
1.519e-007,-0.000190137
1.52e-007,-0.000135323
1.521e-007,-0.000113054
1.522e-007,-9.5925e-005
1.523e-007,-5.13884e-005
1.524e-007,3.0833e-005
1.525e-007,0.000131897
1.526e-007,0.000236387
1.527e-007,0.000313469
1.528e-007,0.000402543
1.529e-007,0.000450505
1.53e-007,0.000474486
1.531e-007,0.000503606
1.532e-007,0.000534439
1.533e-007,0.000560134
1.534e-007,0.000573837
1.535e-007,0.000594393
1.536e-007,0.0006218
1.537e-007,0.000656059
1.538e-007,0.000693743
1.539e-007,0.000721151
1.54e-007,0.000743419
1.541e-007,0.000791381
1.542e-007,0.000832492
1.543e-007,0.000890732
1.544e-007,0.000938695
1.545e-007,0.00103119
1.546e-007,0.00109971
1.547e-007,0.00117679
1.548e-007,0.00122133
1.549e-007,0.00125559
1.55e-007,0.00127957
1.551e-007,0.00129156
1.552e-007,0.00130184
1.553e-007,0.00132239
1.554e-007,0.00136864
1.555e-007,0.00143374
1.556e-007,0.00153823
1.557e-007,0.00161188
1.558e-007,0.00169582
1.559e-007,0.00172494
1.56e-007,0.00172665
1.561e-007,0.00171637
1.562e-007,0.00169068
1.563e-007,0.00173008
1.564e-007,0.00179174
1.565e-007,0.00186026
1.566e-007,0.00190822
1.567e-007,0.0019322
1.568e-007,0.00193734
1.569e-007,0.00190822
1.57e-007,0.00190137
1.571e-007,0.00195619
1.572e-007,0.00202813
1.573e-007,0.00212919
1.574e-007,0.00219257
1.575e-007,0.00223882
1.576e-007,0.00226623
1.577e-007,0.00227137
1.578e-007,0.00229535
1.579e-007,0.00235016
1.58e-007,0.00241868
1.581e-007,0.0024735
1.582e-007,0.00249576
1.583e-007,0.00253002
1.584e-007,0.002554
1.585e-007,0.00256428
1.586e-007,0.00260025
1.587e-007,0.00262766
1.588e-007,0.00266192
1.589e-007,0.00267562
1.59e-007,0.00269275
1.591e-007,0.00266192
1.592e-007,0.00264479
1.593e-007,0.00263965
1.594e-007,0.00265335
1.595e-007,0.00265849
1.596e-007,0.00271159
1.597e-007,0.002739
1.598e-007,0.00274414
1.599e-007,0.00272016
1.6e-007,0.00265678
1.601e-007,0.00260368
1.602e-007,0.00257456
1.603e-007,0.00260025
1.604e-007,0.00263451
1.605e-007,0.00270303
1.606e-007,0.00275784
1.607e-007,0.00278525
1.608e-007,0.00282636
1.609e-007,0.00287261
1.61e-007,0.00292229
1.611e-007,0.00296169
1.612e-007,0.00297539
1.613e-007,0.00296169
1.614e-007,0.0029103
1.615e-007,0.00282808
1.616e-007,0.00277669
1.617e-007,0.00277155
1.618e-007,0.00283321
1.619e-007,0.00290858
1.62e-007,0.0030165
1.621e-007,0.00308502
1.622e-007,0.0030833
1.623e-007,0.00303534
1.624e-007,0.00295141
1.625e-007,0.00289831
1.626e-007,0.00288974
1.627e-007,0.00290173
1.628e-007,0.00296169
1.629e-007,0.00296511
1.63e-007,0.00294969
1.631e-007,0.00293257
1.632e-007,0.00292571
1.633e-007,0.00295826
1.634e-007,0.00302849
1.635e-007,0.00311071
1.636e-007,0.00314326
1.637e-007,0.00315696
1.638e-007,0.00311585
1.639e-007,0.00305418
1.64e-007,0.00301479
1.641e-007,0.00302164
1.642e-007,0.0030696
1.643e-007,0.00311928
1.644e-007,0.00317409
1.645e-007,0.00319978
1.646e-007,0.00321006
1.647e-007,0.0032015
1.648e-007,0.00317752
1.649e-007,0.00313641
1.65e-007,0.00311585
1.651e-007,0.00307474
1.652e-007,0.00306275
1.653e-007,0.0030833
1.654e-007,0.00311585
1.655e-007,0.00316039
1.656e-007,0.00318608
1.657e-007,0.00318779
1.658e-007,0.0031621
1.659e-007,0.00310386
1.66e-007,0.00304048
1.661e-007,0.00300965
1.662e-007,0.00301136
1.663e-007,0.00303192
1.664e-007,0.00306446
1.665e-007,0.00311414
1.666e-007,0.00313812
1.667e-007,0.00313812
1.668e-007,0.00310386
1.669e-007,0.00306104
1.67e-007,0.00303705
1.671e-007,0.00301821
1.672e-007,0.00298567
1.673e-007,0.0029634
1.674e-007,0.00294798
1.675e-007,0.00291544
1.676e-007,0.00288803
1.677e-007,0.00287261
1.678e-007,0.00286576
1.679e-007,0.00286747
1.68e-007,0.00286233
1.681e-007,0.00285891
1.682e-007,0.00284178
1.683e-007,0.00279382
1.684e-007,0.00273729
1.685e-007,0.00268247
1.686e-007,0.00265507
1.687e-007,0.0026191
1.688e-007,0.00262766
1.689e-007,0.00265507
1.69e-007,0.00267734
1.691e-007,0.00269447
1.692e-007,0.0026996
1.693e-007,0.00268761
1.694e-007,0.00266021
1.695e-007,0.00265335
1.696e-007,0.00261738
1.697e-007,0.00259854
1.698e-007,0.00258655
1.699e-007,0.00258826
1.7e-007,0.00262766
1.701e-007,0.00267734
1.702e-007,0.00272872
1.703e-007,0.00274585
1.704e-007,0.00272872
1.705e-007,0.00264822
1.706e-007,0.00255058
1.707e-007,0.00244951
1.708e-007,0.00238613
1.709e-007,0.00239641
1.71e-007,0.00242725
1.711e-007,0.00250775
1.712e-007,0.00258655
1.713e-007,0.00263451
1.714e-007,0.00262766
1.715e-007,0.00257799
1.716e-007,0.00250433
1.717e-007,0.00243752
1.718e-007,0.00233132
1.719e-007,0.00227479
1.72e-007,0.00222854
1.721e-007,0.00217202
1.722e-007,0.00213433
1.723e-007,0.00206239
1.724e-007,0.00201443
1.725e-007,0.0019973
1.726e-007,0.00200929
1.727e-007,0.00202984
1.728e-007,0.00205382
1.729e-007,0.0020504
1.73e-007,0.00199901
1.731e-007,0.0019322
1.732e-007,0.00185855
1.733e-007,0.00182943
1.734e-007,0.00182086
1.735e-007,0.00186026
1.736e-007,0.00189966
1.737e-007,0.00192364
1.738e-007,0.00191507
1.739e-007,0.00186197
1.74e-007,0.00181915
1.741e-007,0.00175063
1.742e-007,0.00170267
1.743e-007,0.00165985
1.744e-007,0.00160332
1.745e-007,0.00156563
1.746e-007,0.00154165
1.747e-007,0.00155193
1.748e-007,0.00159133
1.749e-007,0.001641
1.75e-007,0.00165128
1.751e-007,0.00162387
1.752e-007,0.00155364
1.753e-007,0.00145943
1.754e-007,0.0013755
1.755e-007,0.00130698
1.756e-007,0.00126929
