LECROYWM8500,500500138,Waveform
Segments,1,SegmentSize,2002
Segment,TrigTime,TimeSinceSegment1
#1,21-Mar-2024 17:08:11,0                 
Time,Ampl
-2.45e-008,0.000393978
-2.44e-008,0.000448792
-2.43e-008,0.000421385
-2.42e-008,0.000332312
-2.41e-008,0.000205554
-2.4e-008,7.36567e-005
-2.39e-008,1.37036e-005
-2.38e-008,1.71295e-005
-2.37e-008,5.13884e-005
-2.36e-008,0.000125045
-2.35e-008,0.000167869
-2.34e-008,0.000178146
-2.33e-008,0.000174721
-2.32e-008,0.000152452
-2.31e-008,0.000167869
-2.3e-008,0.000222683
-2.29e-008,0.000299766
-2.28e-008,0.000342589
-2.27e-008,0.000364858
-2.26e-008,0.000359719
-2.25e-008,0.000349441
-2.24e-008,0.000301479
-2.23e-008,0.000256942
-2.22e-008,0.000215831
-2.21e-008,0.00020898
-2.2e-008,0.000227822
-2.19e-008,0.000226109
-2.18e-008,0.000231248
-2.17e-008,0.000260368
-2.16e-008,0.0002381
-2.15e-008,0.000190137
-2.14e-008,0.000128471
-2.13e-008,7.53697e-005
-2.12e-008,3.2546e-005
-2.11e-008,5.13884e-005
-2.1e-008,8.73603e-005
-2.09e-008,0.000131897
-2.08e-008,0.000195276
-2.07e-008,0.000239813
-2.06e-008,0.000282636
-2.05e-008,0.000284349
-2.04e-008,0.000282636
-2.03e-008,0.000284349
-2.02e-008,0.000277497
-2.01e-008,0.000260368
-2e-008,0.000277497
-1.99e-008,0.000286062
-1.98e-008,0.00032546
-1.97e-008,0.000330599
-1.96e-008,0.000327173
-1.95e-008,0.000339163
-1.94e-008,0.00032546
-1.93e-008,0.000344302
-1.92e-008,0.00035458
-1.91e-008,0.000349441
-1.9e-008,0.000344302
-1.89e-008,0.000304905
-1.88e-008,0.000251803
-1.87e-008,0.000178146
-1.86e-008,8.39344e-005
-1.85e-008,-2.22683e-005
-1.84e-008,-8.39344e-005
-1.83e-008,-9.93509e-005
-1.82e-008,-3.93978e-005
-1.81e-008,5.31014e-005
-1.8e-008,0.000164443
-1.79e-008,0.000282636
-1.78e-008,0.000363145
-1.77e-008,0.000423098
-1.76e-008,0.000409394
-1.75e-008,0.000385413
-1.74e-008,0.000323747
-1.73e-008,0.000282636
-1.72e-008,0.000251803
-1.71e-008,0.000258655
-1.7e-008,0.000268933
-1.69e-008,0.00029634
-1.68e-008,0.000318608
-1.67e-008,0.00029634
-1.66e-008,0.00025009
-1.65e-008,0.000149026
-1.64e-008,9.07862e-005
-1.63e-008,4.28237e-005
-1.62e-008,3.2546e-005
-1.61e-008,2.91201e-005
-1.6e-008,8.22214e-005
-1.59e-008,0.000147313
-1.58e-008,0.000262081
-1.57e-008,0.000323747
-1.56e-008,0.000346015
-1.55e-008,0.000366571
-1.54e-008,0.000369997
-1.53e-008,0.000363145
-1.52e-008,0.000328886
-1.51e-008,0.000287775
-1.5e-008,0.000227822
-1.49e-008,0.000173008
-1.48e-008,0.000161017
-1.47e-008,0.000123332
-1.46e-008,0.000135323
-1.45e-008,0.000205554
-1.44e-008,0.000272359
-1.43e-008,0.00035458
-1.42e-008,0.000369997
-1.41e-008,0.000373422
-1.4e-008,0.000361432
-1.39e-008,0.000342589
-1.38e-008,0.000361432
-1.37e-008,0.000359719
-1.36e-008,0.000359719
-1.35e-008,0.000335738
-1.34e-008,0.000284349
-1.33e-008,0.000184998
-1.32e-008,0.00010449
-1.31e-008,5.31014e-005
-1.3e-008,3.76848e-005
-1.29e-008,6.16661e-005
-1.28e-008,9.42121e-005
-1.27e-008,0.000143888
-1.26e-008,0.000173008
-1.25e-008,0.000210692
-1.24e-008,0.000215831
-1.23e-008,0.000236387
-1.22e-008,0.000251803
-1.21e-008,0.000301479
-1.2e-008,0.000323747
-1.19e-008,0.000378561
-1.18e-008,0.000414533
-1.17e-008,0.000438514
-1.16e-008,0.000416246
-1.15e-008,0.000397404
-1.14e-008,0.000366571
-1.13e-008,0.000351154
-1.12e-008,0.000346015
-1.11e-008,0.000344302
-1.1e-008,0.000332312
-1.09e-008,0.000316895
-1.08e-008,0.00027921
-1.07e-008,0.000265507
-1.06e-008,0.000301479
-1.05e-008,0.000395691
-1.04e-008,0.000534439
-1.03e-008,0.000652633
-1.02e-008,0.00073828
-1.01e-008,0.000787956
-1e-008,0.000810224
-9.9e-009,0.000805085
-9.8e-009,0.000817076
-9.7e-009,0.000834205
-9.6e-009,0.000875316
-9.5e-009,0.000907862
-9.4e-009,0.000954111
-9.3e-009,0.000960963
-9.2e-009,0.000981519
-9.1e-009,0.00102434
-9e-009,0.00106203
-8.9e-009,0.00108087
-8.8e-009,0.00104661
-8.7e-009,0.0010192
-8.6e-009,0.00095925
-8.5e-009,0.000877029
-8.4e-009,0.000794807
-8.3e-009,0.000734854
-8.2e-009,0.000676614
-8.1e-009,0.000671475
-8e-009,0.000714299
-7.9e-009,0.0007674
-7.8e-009,0.000808511
-7.7e-009,0.000846196
-7.6e-009,0.000815363
-7.5e-009,0.000704021
-7.4e-009,0.000531014
-7.3e-009,0.000347728
-7.2e-009,0.000188424
-7.1e-009,6.68049e-005
-7e-009,5.48143e-005
-6.9e-009,0.000157591
-6.8e-009,0.000344302
-6.7e-009,0.000549856
-6.6e-009,0.000721151
-6.5e-009,0.00081365
-6.4e-009,0.000774252
-6.3e-009,0.000623513
-6.2e-009,0.000440227
-6.1e-009,0.000255229
-6e-009,0.000102777
-5.9e-009,3.59719e-005
-5.8e-009,1.37036e-005
-5.7e-009,-3.76848e-005
-5.6e-009,-0.000125045
-5.5e-009,-0.000260368
-5.4e-009,-0.000349441
-5.3e-009,-0.000311756
-5.2e-009,3.42589e-006
-5.1e-009,0.000654346
-5e-009,0.00165642
-4.9e-009,0.00292914
-4.8e-009,0.00435089
-4.7e-009,0.00576064
-4.6e-009,0.00706077
-4.5e-009,0.00824784
-4.4e-009,0.00934584
-4.3e-009,0.0104164
-4.2e-009,0.0114562
-4.1e-009,0.0124172
-4e-009,0.013188
-3.9e-009,0.0136625
-3.8e-009,0.0137944
-3.7e-009,0.013582
-3.6e-009,0.0130167
-3.5e-009,0.0121893
-3.4e-009,0.0110828
-3.3e-009,0.00980833
-3.2e-009,0.00839344
-3.1e-009,0.00698368
-3e-009,0.00570069
-2.9e-009,0.00468148
-2.8e-009,0.00403228
-2.7e-009,0.00376848
-2.6e-009,0.00382158
-2.5e-009,0.00404769
-2.4e-009,0.00446565
-2.3e-009,0.00491444
-2.2e-009,0.00539921
-2.1e-009,0.00593536
-2e-009,0.00646466
-1.9e-009,0.00704706
-1.8e-009,0.00763803
-1.7e-009,0.00822728
-1.6e-009,0.0087857
-1.5e-009,0.00930815
-1.4e-009,0.00971755
-1.3e-009,0.0100207
-1.2e-009,0.0102229
-1.1e-009,0.0103702
-1e-009,0.0104593
-9e-010,0.0105038
-8e-010,0.0104695
-7e-010,0.0103393
-6e-010,0.0100139
-5e-010,0.00944176
-4e-010,0.00861784
-3e-010,0.00753525
-2e-010,0.00635332
-1e-010,0.00517139
4.138488e-023,0.00411964
1e-010,0.00329742
2e-010,0.00280067
3e-010,0.00266192
4e-010,0.00283493
5e-010,0.00323918
6e-010,0.00375649
7e-010,0.00429436
8e-010,0.00480482
9e-010,0.00532555
1e-009,0.00581374
1.1e-009,0.00634647
1.2e-009,0.00689632
1.3e-009,0.0074616
1.4e-009,0.00796692
1.5e-009,0.00842941
1.6e-009,0.00879256
1.7e-009,0.00903237
1.8e-009,0.00917454
1.9e-009,0.00918482
2e-009,0.00905635
2.1e-009,0.00880283
2.2e-009,0.0083746
2.3e-009,0.00784701
2.4e-009,0.00715669
2.5e-009,0.0063242
2.6e-009,0.0054249
2.7e-009,0.0045119
2.8e-009,0.00360404
2.9e-009,0.00280923
3e-009,0.00212577
3.1e-009,0.00163244
3.2e-009,0.00136179
3.3e-009,0.00132068
3.4e-009,0.00151425
3.5e-009,0.00192364
3.6e-009,0.00247521
3.7e-009,0.00310043
3.8e-009,0.00374621
3.9e-009,0.0044057
4e-009,0.00504292
4.1e-009,0.00570925
4.2e-009,0.006391
4.3e-009,0.00701623
4.4e-009,0.00760377
4.5e-009,0.0079909
4.6e-009,0.00817932
4.7e-009,0.0081502
4.8e-009,0.00786243
4.9e-009,0.00742049
5e-009,0.0068004
5.1e-009,0.00609638
5.2e-009,0.00529301
5.3e-009,0.00450162
5.4e-009,0.00365029
5.5e-009,0.00287261
5.6e-009,0.00214804
5.7e-009,0.00150568
5.8e-009,0.000957537
5.9e-009,0.000616661
6e-009,0.000364858
6.1e-009,0.000284349
6.2e-009,0.000356293
6.3e-009,0.000584115
6.4e-009,0.000966102
6.5e-009,0.00153823
6.6e-009,0.00231762
6.7e-009,0.00323233
6.8e-009,0.00427209
6.9e-009,0.00528958
7e-009,0.00618031
7.1e-009,0.00684836
7.2e-009,0.00724919
7.3e-009,0.00737595
7.4e-009,0.00733655
7.5e-009,0.0071978
7.6e-009,0.00699054
7.7e-009,0.00666679
7.8e-009,0.00619915
7.9e-009,0.00560476
8e-009,0.00487333
8.1e-009,0.00401172
8.2e-009,0.00311585
8.3e-009,0.00224567
8.4e-009,0.00145943
8.5e-009,0.000763974
8.6e-009,0.000190137
8.7e-009,-0.00019185
8.8e-009,-0.000416246
8.9e-009,-0.000399117
9e-009,-0.000198702
9.1e-009,0.000155878
9.2e-009,0.000664623
9.3e-009,0.00122304
9.4e-009,0.00185683
9.5e-009,0.00250947
9.6e-009,0.00315696
9.7e-009,0.00379075
9.8e-009,0.00438001
9.9e-009,0.00491787
1e-008,0.00530671
1.01e-008,0.00552939
1.02e-008,0.00557393
1.03e-008,0.00545745
1.04e-008,0.00520393
1.05e-008,0.00477912
1.06e-008,0.00431149
1.07e-008,0.00380274
1.08e-008,0.00324775
1.09e-008,0.00269618
1.1e-008,0.00211892
1.11e-008,0.00151082
1.12e-008,0.000913001
1.13e-008,0.000390552
1.14e-008,-9.07862e-005
1.15e-008,-0.000433376
1.16e-008,-0.000698882
1.17e-008,-0.000827353
1.18e-008,-0.00087189
1.19e-008,-0.000801659
1.2e-008,-0.000590967
1.21e-008,-0.000256942
1.22e-008,0.000210692
1.23e-008,0.000823927
1.24e-008,0.00151082
1.25e-008,0.00227993
1.26e-008,0.00303877
1.27e-008,0.00378733
1.28e-008,0.00445024
1.29e-008,0.00500866
1.3e-008,0.00536666
1.31e-008,0.00552768
1.32e-008,0.0055037
1.33e-008,0.00528615
1.34e-008,0.00491273
1.35e-008,0.00442283
1.36e-008,0.00382672
1.37e-008,0.0031758
1.38e-008,0.00248206
1.39e-008,0.0017729
1.4e-008,0.00109286
1.41e-008,0.00048819
1.42e-008,-1.88424e-005
1.43e-008,-0.000416246
1.44e-008,-0.000712586
1.45e-008,-0.000861612
1.46e-008,-0.000889019
1.47e-008,-0.000729715
1.48e-008,-0.000388839
1.49e-008,0.000123332
1.5e-008,0.000765687
1.51e-008,0.00146628
1.52e-008,0.00220456
1.53e-008,0.0028846
1.54e-008,0.0035321
1.55e-008,0.00410422
1.56e-008,0.00459926
1.57e-008,0.0050138
1.58e-008,0.00531014
1.59e-008,0.00548657
1.6e-008,0.00550884
1.61e-008,0.00533583
1.62e-008,0.0050138
1.63e-008,0.0045376
1.64e-008,0.0039432
1.65e-008,0.00328715
1.66e-008,0.00257627
1.67e-008,0.00187225
1.68e-008,0.00118022
1.69e-008,0.000551569
1.7e-008,-8.56473e-006
1.71e-008,-0.000491616
1.72e-008,-0.00079652
1.73e-008,-0.000878742
1.74e-008,-0.000786243
1.75e-008,-0.000553282
1.76e-008,-0.000184998
1.77e-008,0.000256942
1.78e-008,0.000731428
1.79e-008,0.00126929
1.8e-008,0.00183114
1.81e-008,0.00248377
1.82e-008,0.00314668
1.83e-008,0.00374621
1.84e-008,0.00421899
1.85e-008,0.00452732
1.86e-008,0.00467121
1.87e-008,0.00473116
1.88e-008,0.00469519
1.89e-008,0.00461639
1.9e-008,0.0044588
1.91e-008,0.00414704
1.92e-008,0.00368626
1.93e-008,0.00310043
1.94e-008,0.0024341
1.95e-008,0.00177633
1.96e-008,0.00117508
1.97e-008,0.000717725
1.98e-008,0.00035458
1.99e-008,0.00011648
2e-008,-0.00010449
2.01e-008,-0.000262081
2.02e-008,-0.000358006
2.03e-008,-0.000361432
2.04e-008,-0.000286062
2.05e-008,-3.93978e-005
2.06e-008,0.000361432
2.07e-008,0.000945547
2.08e-008,0.00156563
2.09e-008,0.00225766
2.1e-008,0.00284178
2.11e-008,0.00337964
2.12e-008,0.00376848
2.13e-008,0.00405283
2.14e-008,0.0042601
2.15e-008,0.004392
2.16e-008,0.00443825
2.17e-008,0.00439371
2.18e-008,0.00425153
2.19e-008,0.00397746
2.2e-008,0.00360747
2.21e-008,0.00318094
2.22e-008,0.00269447
2.23e-008,0.00214975
2.24e-008,0.00160161
2.25e-008,0.00109629
2.26e-008,0.000661197
2.27e-008,0.000351154
2.28e-008,0.000167869
2.29e-008,0.000102777
2.3e-008,0.0001456
2.31e-008,0.000251803
2.32e-008,0.000428237
2.33e-008,0.000649207
2.34e-008,0.000921565
2.35e-008,0.00130013
2.36e-008,0.00176091
2.37e-008,0.00224225
2.38e-008,0.00275442
2.39e-008,0.00327173
2.4e-008,0.00376334
2.41e-008,0.00416246
2.42e-008,0.00444681
2.43e-008,0.00460954
2.44e-008,0.00468491
2.45e-008,0.00467977
2.46e-008,0.00455815
2.47e-008,0.00438343
2.48e-008,0.00414362
2.49e-008,0.00385413
2.5e-008,0.00348242
2.51e-008,0.00303534
2.52e-008,0.00256771
2.53e-008,0.00212234
2.54e-008,0.00170781
2.55e-008,0.00131212
2.56e-008,0.000993509
2.57e-008,0.000731428
2.58e-008,0.00057555
2.59e-008,0.000551569
2.6e-008,0.00068004
2.61e-008,0.000924991
2.62e-008,0.00127957
2.63e-008,0.0016941
2.64e-008,0.00213433
2.65e-008,0.002554
2.66e-008,0.00295141
2.67e-008,0.00330256
2.68e-008,0.00366399
2.69e-008,0.00397404
2.7e-008,0.00428237
2.71e-008,0.00448449
2.72e-008,0.00464037
2.73e-008,0.00465922
2.74e-008,0.00456158
2.75e-008,0.00430464
2.76e-008,0.00390552
2.77e-008,0.00340534
2.78e-008,0.00286405
2.79e-008,0.00233132
2.8e-008,0.00190137
2.81e-008,0.00150568
2.82e-008,0.00118879
2.83e-008,0.000887306
2.84e-008,0.00059268
2.85e-008,0.000306617
2.86e-008,9.07862e-005
2.87e-008,-4.28237e-005
2.88e-008,-5.65272e-005
2.89e-008,6.3379e-005
2.9e-008,0.000318608
2.91e-008,0.000654346
2.92e-008,0.00106374
2.93e-008,0.00152452
2.94e-008,0.0019973
2.95e-008,0.00238442
2.96e-008,0.00271331
2.97e-008,0.00297025
2.98e-008,0.00316724
2.99e-008,0.00329057
3e-008,0.00335566
3.01e-008,0.00335052
3.02e-008,0.003294
3.03e-008,0.00316553
3.04e-008,0.00293942
3.05e-008,0.00257456
3.06e-008,0.00216174
3.07e-008,0.00172665
3.08e-008,0.00128814
3.09e-008,0.000859899
3.1e-008,0.000462496
3.11e-008,0.000138749
3.12e-008,-0.000142175
3.13e-008,-0.000316895
3.14e-008,-0.000443653
3.15e-008,-0.000498468
3.16e-008,-0.000486477
3.17e-008,-0.000397404
3.18e-008,-0.000227822
3.19e-008,-2.39813e-005
3.2e-008,0.000294627
3.21e-008,0.000656059
3.22e-008,0.00103119
3.23e-008,0.00137378
3.24e-008,0.00166498
3.25e-008,0.00190651
3.26e-008,0.00211206
3.27e-008,0.00224396
3.28e-008,0.00233646
3.29e-008,0.00239641
3.3e-008,0.00232789
3.31e-008,0.00216174
3.32e-008,0.00193392
3.33e-008,0.00160503
3.34e-008,0.00123332
3.35e-008,0.000830779
3.36e-008,0.000428237
3.37e-008,2.05554e-005
3.38e-008,-0.000328886
3.39e-008,-0.000668049
3.4e-008,-0.000945547
3.41e-008,-0.00112027
3.42e-008,-0.00123846
3.43e-008,-0.00126415
3.44e-008,-0.00119735
3.45e-008,-0.00112027
3.46e-008,-0.000969528
3.47e-008,-0.000799946
3.48e-008,-0.000578976
3.49e-008,-0.000344302
3.5e-008,-7.70826e-005
3.51e-008,0.000184998
3.52e-008,0.000431663
3.53e-008,0.000601244
3.54e-008,0.000739993
3.55e-008,0.00085476
3.56e-008,0.000933556
3.57e-008,0.00097638
3.58e-008,0.000993509
3.59e-008,0.000950686
3.6e-008,0.000803372
3.61e-008,0.000584115
3.62e-008,0.000292914
3.63e-008,-5.82402e-005
3.64e-008,-0.000421385
3.65e-008,-0.000751984
3.66e-008,-0.00102777
3.67e-008,-0.00125902
3.68e-008,-0.00147827
3.69e-008,-0.00171466
3.7e-008,-0.00192707
3.71e-008,-0.00215831
3.72e-008,-0.00233989
3.73e-008,-0.00241354
3.74e-008,-0.00234674
3.75e-008,-0.0021703
3.76e-008,-0.00189623
3.77e-008,-0.00156906
3.78e-008,-0.00126758
3.79e-008,-0.000996935
3.8e-008,-0.000769113
3.81e-008,-0.000558421
3.82e-008,-0.000339163
3.83e-008,-0.000181572
3.84e-008,-8.05085e-005
3.85e-008,-7.87956e-005
3.86e-008,-0.000173008
3.87e-008,-0.000361432
3.88e-008,-0.000596106
3.89e-008,-0.000849622
3.9e-008,-0.00107744
3.91e-008,-0.00128471
3.92e-008,-0.00149712
3.93e-008,-0.00176605
3.94e-008,-0.00201614
3.95e-008,-0.00231933
3.96e-008,-0.00262252
3.97e-008,-0.00286919
3.98e-008,-0.00304733
3.99e-008,-0.00312099
4e-008,-0.00312613
4.01e-008,-0.0030302
4.02e-008,-0.00291372
4.03e-008,-0.0027784
4.04e-008,-0.00256942
4.05e-008,-0.00236558
4.06e-008,-0.00212063
4.07e-008,-0.00187568
4.08e-008,-0.00159647
4.09e-008,-0.0013498
4.1e-008,-0.00112198
4.11e-008,-0.000940408
4.12e-008,-0.00082564
4.13e-008,-0.000763974
4.14e-008,-0.000774252
4.15e-008,-0.000863325
4.16e-008,-0.00101749
4.17e-008,-0.00124189
4.18e-008,-0.00147313
4.19e-008,-0.00168897
4.2e-008,-0.00188767
4.21e-008,-0.0020504
4.22e-008,-0.00223711
4.23e-008,-0.00242382
4.24e-008,-0.00266535
4.25e-008,-0.00289659
4.26e-008,-0.0031227
4.27e-008,-0.00326659
4.28e-008,-0.00333339
4.29e-008,-0.0033214
4.3e-008,-0.00320492
4.31e-008,-0.00295312
4.32e-008,-0.00267562
4.33e-008,-0.00237414
4.34e-008,-0.0020778
4.35e-008,-0.00183799
4.36e-008,-0.00164957
4.37e-008,-0.00153651
4.38e-008,-0.00144744
4.39e-008,-0.00140462
4.4e-008,-0.00136008
4.41e-008,-0.00135837
4.42e-008,-0.00136351
4.43e-008,-0.00138577
4.44e-008,-0.00143374
4.45e-008,-0.0015485
4.46e-008,-0.00171466
4.47e-008,-0.00191507
4.48e-008,-0.00215146
4.49e-008,-0.00242211
4.5e-008,-0.00267391
4.51e-008,-0.00287946
4.52e-008,-0.00300965
4.53e-008,-0.00307474
4.54e-008,-0.00307131
4.55e-008,-0.00307474
4.56e-008,-0.00311585
4.57e-008,-0.0031621
4.58e-008,-0.00322719
4.59e-008,-0.00320835
4.6e-008,-0.00311585
4.61e-008,-0.002924
4.62e-008,-0.00269447
4.63e-008,-0.00246836
4.64e-008,-0.00227651
4.65e-008,-0.00210007
4.66e-008,-0.0019322
4.67e-008,-0.00174378
4.68e-008,-0.00155364
4.69e-008,-0.00139263
4.7e-008,-0.00125045
4.71e-008,-0.00122133
4.72e-008,-0.00130013
4.73e-008,-0.00144573
4.74e-008,-0.00163586
4.75e-008,-0.00184656
4.76e-008,-0.00201785
4.77e-008,-0.00219771
4.78e-008,-0.00233475
4.79e-008,-0.0024615
4.8e-008,-0.00260711
4.81e-008,-0.00272701
4.82e-008,-0.00282636
4.83e-008,-0.00287775
4.84e-008,-0.00283835
4.85e-008,-0.00274243
4.86e-008,-0.00255743
4.87e-008,-0.00233646
4.88e-008,-0.0021172
4.89e-008,-0.00192364
4.9e-008,-0.00176605
4.91e-008,-0.00165299
4.92e-008,-0.00156221
4.93e-008,-0.00145429
4.94e-008,-0.00130013
4.95e-008,-0.0011117
4.96e-008,-0.000923278
4.97e-008,-0.000748558
4.98e-008,-0.000645781
4.99e-008,-0.000614948
5e-008,-0.000654346
5.01e-008,-0.000770826
5.02e-008,-0.000913001
5.03e-008,-0.00103291
5.04e-008,-0.00110314
5.05e-008,-0.00114767
5.06e-008,-0.00117508
5.07e-008,-0.00117851
5.08e-008,-0.00124189
5.09e-008,-0.00131726
5.1e-008,-0.00142517
5.11e-008,-0.00150739
5.12e-008,-0.00152624
5.13e-008,-0.00150054
5.14e-008,-0.00140462
5.15e-008,-0.00127272
5.16e-008,-0.0011648
5.17e-008,-0.00105518
5.18e-008,-0.000978093
5.19e-008,-0.00087189
5.2e-008,-0.000748558
5.21e-008,-0.000539578
5.22e-008,-0.000310043
5.23e-008,-8.39344e-005
5.24e-008,0.00011648
5.25e-008,0.000239813
5.26e-008,0.000315182
5.27e-008,0.000369997
5.28e-008,0.000381987
5.29e-008,0.000392265
5.3e-008,0.0003837
5.31e-008,0.000298053
5.32e-008,0.000179859
5.33e-008,2.39813e-005
5.34e-008,-0.000155878
5.35e-008,-0.000270646
5.36e-008,-0.000363145
5.37e-008,-0.000402543
5.38e-008,-0.000405968
5.39e-008,-0.000397404
5.4e-008,-0.0003837
5.41e-008,-0.000359719
5.42e-008,-0.000339163
5.43e-008,-0.000262081
5.44e-008,-0.000137036
5.45e-008,-3.42589e-006
5.46e-008,0.000176434
5.47e-008,0.000356293
5.48e-008,0.00056356
5.49e-008,0.000758835
5.5e-008,0.000979806
5.51e-008,0.00113054
5.52e-008,0.00124531
5.53e-008,0.00130355
5.54e-008,0.00132753
5.55e-008,0.00132068
5.56e-008,0.00133267
5.57e-008,0.0013361
5.58e-008,0.00132925
5.59e-008,0.00128471
5.6e-008,0.00119392
5.61e-008,0.00105175
5.62e-008,0.000911288
5.63e-008,0.000799946
5.64e-008,0.000760548
5.65e-008,0.000760548
5.66e-008,0.000808511
5.67e-008,0.000887306
5.68e-008,0.000933556
5.69e-008,0.000996935
5.7e-008,0.00100379
5.71e-008,0.00103291
5.72e-008,0.001098
5.73e-008,0.00119735
5.74e-008,0.00132068
5.75e-008,0.00145258
5.76e-008,0.00156563
5.77e-008,0.00168211
5.78e-008,0.00178832
5.79e-008,0.00189452
5.8e-008,0.00203498
5.81e-008,0.00218743
5.82e-008,0.00233817
5.83e-008,0.00244095
5.84e-008,0.00250604
5.85e-008,0.0025266
5.86e-008,0.00253516
5.87e-008,0.00256428
5.88e-008,0.00262766
5.89e-008,0.00268933
5.9e-008,0.00272016
5.91e-008,0.00269275
5.92e-008,0.00259169
5.93e-008,0.00244438
5.94e-008,0.00229706
5.95e-008,0.00218743
5.96e-008,0.00217544
5.97e-008,0.00222512
5.98e-008,0.00232961
5.99e-008,0.00249405
6e-008,0.00264136
6.01e-008,0.00281608
6.02e-008,0.00295826
6.03e-008,0.00306104
6.04e-008,0.00312784
6.05e-008,0.00319807
6.06e-008,0.00321863
6.07e-008,0.00328543
6.08e-008,0.00337279
6.09e-008,0.00347728
6.1e-008,0.00356636
6.11e-008,0.00360233
6.12e-008,0.0036126
6.13e-008,0.00364001
6.14e-008,0.00364515
6.15e-008,0.00361432
6.16e-008,0.00359376
6.17e-008,0.00354751
6.18e-008,0.003479
6.19e-008,0.00341219
6.2e-008,0.00333339
6.21e-008,0.00327858
6.22e-008,0.00321349
6.23e-008,0.00315182
6.24e-008,0.00307645
6.25e-008,0.00300965
6.26e-008,0.00297881
6.27e-008,0.00296682
6.28e-008,0.00301479
6.29e-008,0.00306446
6.3e-008,0.00314326
6.31e-008,0.00320492
6.32e-008,0.00329742
6.33e-008,0.0033608
6.34e-008,0.00346358
6.35e-008,0.0035595
6.36e-008,0.0036383
6.37e-008,0.00369825
6.38e-008,0.00372395
6.39e-008,0.00372223
6.4e-008,0.00371024
6.41e-008,0.00367598
6.42e-008,0.00360233
6.43e-008,0.0035064
6.44e-008,0.00337451
6.45e-008,0.00320321
6.46e-008,0.00302678
6.47e-008,0.00289145
6.48e-008,0.00282465
6.49e-008,0.00280409
6.5e-008,0.0028572
6.51e-008,0.00290173
6.52e-008,0.00294969
6.53e-008,0.00295997
6.54e-008,0.0029377
6.55e-008,0.00290858
6.56e-008,0.00288803
6.57e-008,0.00291886
6.58e-008,0.00298738
6.59e-008,0.00306104
6.6e-008,0.003109
6.61e-008,0.00310215
6.62e-008,0.00306104
6.63e-008,0.00298567
6.64e-008,0.00295826
6.65e-008,0.00299766
6.66e-008,0.00306789
6.67e-008,0.00315011
6.68e-008,0.00321006
6.69e-008,0.00319465
6.7e-008,0.00313298
6.71e-008,0.00303534
6.72e-008,0.0029634
6.73e-008,0.00289831
6.74e-008,0.0028315
6.75e-008,0.00274243
6.76e-008,0.00262423
6.77e-008,0.00247863
6.78e-008,0.00236387
6.79e-008,0.00228507
6.8e-008,0.00224739
6.81e-008,0.00226109
6.82e-008,0.00226452
6.83e-008,0.00225595
6.84e-008,0.00224225
6.85e-008,0.0022354
6.86e-008,0.00223197
6.87e-008,0.00225424
6.88e-008,0.00229192
6.89e-008,0.00232276
6.9e-008,0.0023416
6.91e-008,0.00235701
6.92e-008,0.00234845
6.93e-008,0.0023416
6.94e-008,0.00236387
6.95e-008,0.00238271
6.96e-008,0.00236558
6.97e-008,0.00231762
6.98e-008,0.0022097
6.99e-008,0.00206924
7e-008,0.00190651
7.01e-008,0.0017729
7.02e-008,0.00165299
7.03e-008,0.00157591
7.04e-008,0.00154165
7.05e-008,0.00151425
7.06e-008,0.00146628
7.07e-008,0.00141489
7.08e-008,0.00133439
7.09e-008,0.0012573
7.1e-008,0.00116823
7.11e-008,0.00108772
7.12e-008,0.00103976
7.13e-008,0.0010055
7.14e-008,0.00100207
7.15e-008,0.00102092
7.16e-008,0.000996935
7.17e-008,0.000969528
7.18e-008,0.000931843
7.19e-008,0.000865038
7.2e-008,0.00081365
7.21e-008,0.000757123
7.22e-008,0.000748558
7.23e-008,0.0007674
7.24e-008,0.000789669
7.25e-008,0.00081365
7.26e-008,0.000830779
7.27e-008,0.000782817
7.28e-008,0.000729715
7.29e-008,0.000659485
7.3e-008,0.000578976
7.31e-008,0.000534439
7.32e-008,0.000505319
7.33e-008,0.000477912
7.34e-008,0.000416246
7.35e-008,0.000316895
7.36e-008,0.000205554
7.37e-008,0.000121619
7.38e-008,5.13884e-005
7.39e-008,4.62496e-005
7.4e-008,7.70826e-005
7.41e-008,0.000114767
7.42e-008,0.000159304
7.43e-008,0.000167869
7.44e-008,0.000171295
7.45e-008,0.000164443
7.46e-008,0.000149026
7.47e-008,0.000159304
7.48e-008,0.000174721
7.49e-008,0.000236387
7.5e-008,0.000270646
7.51e-008,0.000294627
7.52e-008,0.000286062
7.53e-008,0.000202128
7.54e-008,0.000107916
7.55e-008,-4.45366e-005
7.56e-008,-0.000155878
7.57e-008,-0.000210692
7.58e-008,-0.000215831
7.59e-008,-0.000155878
7.6e-008,-3.93978e-005
7.61e-008,3.76848e-005
7.62e-008,7.53697e-005
7.63e-008,1.19906e-005
7.64e-008,-3.76848e-005
7.65e-008,-0.000107916
7.66e-008,-0.000123332
7.67e-008,-6.85179e-005
7.68e-008,1.71295e-005
7.69e-008,6.68049e-005
7.7e-008,8.73603e-005
7.71e-008,5.13884e-005
7.72e-008,3.59719e-005
7.73e-008,4.11107e-005
7.74e-008,8.05085e-005
7.75e-008,0.000169582
7.76e-008,0.0002381
7.77e-008,0.000282636
7.78e-008,0.000291201
7.79e-008,0.000275784
7.8e-008,0.000244951
7.81e-008,0.0002381
7.82e-008,0.000272359
7.83e-008,0.000340876
7.84e-008,0.000452218
7.85e-008,0.00056356
7.86e-008,0.000616661
7.87e-008,0.000637216
7.88e-008,0.000613235
7.89e-008,0.000544717
7.9e-008,0.000481338
7.91e-008,0.000464209
7.92e-008,0.000476199
7.93e-008,0.000513884
7.94e-008,0.00057555
7.95e-008,0.000654346
7.96e-008,0.000704021
7.97e-008,0.000757123
7.98e-008,0.00079652
7.99e-008,0.000818789
8e-008,0.000815363
8.01e-008,0.000817076
8.02e-008,0.000835918
8.03e-008,0.00085476
8.04e-008,0.000875316
8.05e-008,0.000911288
8.06e-008,0.000950686
8.07e-008,0.000996935
8.08e-008,0.00106031
8.09e-008,0.00112883
8.1e-008,0.00113397
8.11e-008,0.00112883
8.12e-008,0.00107744
8.13e-008,0.00104318
8.14e-008,0.00100207
8.15e-008,0.0010055
8.16e-008,0.00105689
8.17e-008,0.00113226
8.18e-008,0.00121791
8.19e-008,0.00127786
8.2e-008,0.00135323
8.21e-008,0.00139263
8.22e-008,0.00141832
8.23e-008,0.00142175
8.24e-008,0.00143545
8.25e-008,0.00143202
8.26e-008,0.00146286
8.27e-008,0.00149369
8.28e-008,0.00155022
8.29e-008,0.00164785
8.3e-008,0.00177119
8.31e-008,0.0018791
8.32e-008,0.00202128
8.33e-008,0.00212748
8.34e-008,0.00222341
8.35e-008,0.00231077
8.36e-008,0.00235873
8.37e-008,0.00238442
8.38e-008,0.0023947
8.39e-008,0.00243752
8.4e-008,0.00244438
8.41e-008,0.0024872
8.42e-008,0.00252488
8.43e-008,0.00258312
8.44e-008,0.00262937
8.45e-008,0.00268419
8.46e-008,0.00272359
8.47e-008,0.00275271
8.48e-008,0.00273044
8.49e-008,0.00274071
8.5e-008,0.00274414
8.51e-008,0.00275271
8.52e-008,0.00281095
8.53e-008,0.00293257
8.54e-008,0.00307303
8.55e-008,0.00321178
8.56e-008,0.00328543
8.57e-008,0.00331113
8.58e-008,0.00329571
8.59e-008,0.00327344
8.6e-008,0.00332826
8.61e-008,0.00346015
8.62e-008,0.00362802
8.63e-008,0.00378047
8.64e-008,0.00385756
8.65e-008,0.00390552
8.66e-008,0.00392265
8.67e-008,0.00397061
8.68e-008,0.00412478
8.69e-008,0.00431491
8.7e-008,0.00449477
8.71e-008,0.00463523
8.72e-008,0.00463352
8.73e-008,0.00456672
8.74e-008,0.00446394
8.75e-008,0.00435089
8.76e-008,0.00434061
8.77e-008,0.00439542
8.78e-008,0.00447764
8.79e-008,0.00457186
8.8e-008,0.00467634
8.81e-008,0.00477912
8.82e-008,0.0048562
8.83e-008,0.00495727
8.84e-008,0.00504805
8.85e-008,0.00517481
8.86e-008,0.00528958
8.87e-008,0.00540777
8.88e-008,0.00548657
8.89e-008,0.00556879
8.9e-008,0.00562189
8.91e-008,0.005663
8.92e-008,0.00566472
8.93e-008,0.00567328
8.94e-008,0.00570925
8.95e-008,0.00576407
8.96e-008,0.00581717
8.97e-008,0.00591823
8.98e-008,0.00600045
8.99e-008,0.00604842
9e-008,0.00602101
9.01e-008,0.00596791
9.02e-008,0.00587027
9.03e-008,0.00581545
9.04e-008,0.00578462
9.05e-008,0.00581203
9.06e-008,0.00591994
9.07e-008,0.00606726
9.08e-008,0.00619744
9.09e-008,0.0063105
9.1e-008,0.00636874
9.11e-008,0.00642355
9.12e-008,0.00645438
9.13e-008,0.00646295
9.14e-008,0.00649549
9.15e-008,0.0065486
9.16e-008,0.00662568
9.17e-008,0.00670105
9.18e-008,0.00676271
9.19e-008,0.00676443
9.2e-008,0.00675244
9.21e-008,0.00666679
9.22e-008,0.00660855
9.23e-008,0.00659485
9.24e-008,0.00667022
9.25e-008,0.00676785
9.26e-008,0.00687234
9.27e-008,0.00693401
9.28e-008,0.00696484
9.29e-008,0.00695456
9.3e-008,0.00693915
9.31e-008,0.00691345
9.32e-008,0.00691345
9.33e-008,0.00691003
9.34e-008,0.00692544
9.35e-008,0.00693572
9.36e-008,0.00696142
9.37e-008,0.00701109
9.38e-008,0.00708304
9.39e-008,0.00718753
9.4e-008,0.00721836
9.41e-008,0.00724063
9.42e-008,0.00724405
9.43e-008,0.00722692
9.44e-008,0.00718239
9.45e-008,0.00713271
9.46e-008,0.0071053
9.47e-008,0.00709845
9.48e-008,0.00710016
9.49e-008,0.00714984
9.5e-008,0.00721836
9.51e-008,0.00730914
9.52e-008,0.00737595
9.53e-008,0.0074085
9.54e-008,0.00738623
9.55e-008,0.00732285
9.56e-008,0.00724919
9.57e-008,0.00718581
9.58e-008,0.00719266
9.59e-008,0.00724405
9.6e-008,0.00730743
9.61e-008,0.00735882
9.62e-008,0.0073828
9.63e-008,0.00734683
9.64e-008,0.00726803
9.65e-008,0.00720637
9.66e-008,0.00718239
9.67e-008,0.00718924
9.68e-008,0.00720123
9.69e-008,0.00717382
9.7e-008,0.00711387
9.71e-008,0.00705049
9.72e-008,0.00696827
9.73e-008,0.00692544
9.74e-008,0.006946
9.75e-008,0.00701623
9.76e-008,0.00712586
9.77e-008,0.00721493
9.78e-008,0.00726632
9.79e-008,0.00730058
9.8e-008,0.00731086
9.81e-008,0.00724063
9.82e-008,0.00724234
9.83e-008,0.00718924
9.84e-008,0.0071584
9.85e-008,0.00711558
9.86e-008,0.00704706
9.87e-008,0.00700595
9.88e-008,0.006946
9.89e-008,0.00690489
9.9e-008,0.00686035
9.91e-008,0.00679697
9.92e-008,0.00671646
9.93e-008,0.00661711
9.94e-008,0.00654003
9.95e-008,0.0065229
9.96e-008,0.00655716
9.97e-008,0.00662568
9.98e-008,0.00669762
9.99e-008,0.00677642
1e-007,0.00680382
1.001e-007,0.00680725
1.002e-007,0.00677128
1.003e-007,0.00668563
1.004e-007,0.0066017
1.005e-007,0.0065092
1.006e-007,0.00645438
1.007e-007,0.00644753
1.008e-007,0.00645952
1.009e-007,0.00651434
1.01e-007,0.00658971
1.011e-007,0.00668906
1.012e-007,0.00677128
1.013e-007,0.00681753
1.014e-007,0.00679012
1.015e-007,0.00672503
1.016e-007,0.00659142
1.017e-007,0.00649207
1.018e-007,0.00642355
1.019e-007,0.0064304
1.02e-007,0.00649207
1.021e-007,0.00656915
1.022e-007,0.00658114
1.023e-007,0.00655545
1.024e-007,0.00646809
1.025e-007,0.00638415
1.026e-007,0.00634476
1.027e-007,0.00631392
1.028e-007,0.00629508
1.029e-007,0.00620601
1.03e-007,0.00609466
1.031e-007,0.0059936
1.032e-007,0.00589939
1.033e-007,0.00588055
1.034e-007,0.00590795
1.035e-007,0.00594906
1.036e-007,0.00595249
1.037e-007,0.00594735
1.038e-007,0.00589082
1.039e-007,0.0058343
1.04e-007,0.00576407
1.041e-007,0.00570069
1.042e-007,0.00565958
1.043e-007,0.00562703
1.044e-007,0.0055962
1.045e-007,0.00558763
1.046e-007,0.00556708
1.047e-007,0.00559448
1.048e-007,0.00556708
1.049e-007,0.00553796
1.05e-007,0.00546601
1.051e-007,0.00541634
1.052e-007,0.00535638
1.053e-007,0.00533412
1.054e-007,0.00535638
1.055e-007,0.00541634
1.056e-007,0.00545231
1.057e-007,0.00544032
1.058e-007,0.00538208
1.059e-007,0.00525875
1.06e-007,0.00508745
1.061e-007,0.00488875
1.062e-007,0.00470375
1.063e-007,0.00453931
1.064e-007,0.00441084
1.065e-007,0.00431663
1.066e-007,0.00424126
1.067e-007,0.00421728
1.068e-007,0.00422584
1.069e-007,0.00423269
1.07e-007,0.00423612
1.071e-007,0.00423783
1.072e-007,0.00422755
1.073e-007,0.00417103
1.074e-007,0.00413334
1.075e-007,0.00410251
1.076e-007,0.00405112
1.077e-007,0.00401686
1.078e-007,0.00396547
1.079e-007,0.00394149
1.08e-007,0.0039432
1.081e-007,0.00393293
1.082e-007,0.00390381
1.083e-007,0.00382672
1.084e-007,0.0037308
1.085e-007,0.00357149
1.086e-007,0.0034002
1.087e-007,0.00326145
1.088e-007,0.00317066
1.089e-007,0.00313812
1.09e-007,0.00311071
1.091e-007,0.00309529
1.092e-007,0.00305247
1.093e-007,0.00297539
1.094e-007,0.00286576
1.095e-007,0.00270646
1.096e-007,0.00259683
1.097e-007,0.00254715
1.098e-007,0.00249234
1.099e-007,0.00248035
1.1e-007,0.00248035
1.101e-007,0.00243238
1.102e-007,0.00232961
1.103e-007,0.00220114
1.104e-007,0.00207609
1.105e-007,0.00194077
1.106e-007,0.00186369
1.107e-007,0.00184142
1.108e-007,0.00182943
1.109e-007,0.00181401
1.11e-007,0.00178489
1.111e-007,0.00174892
1.112e-007,0.00167012
1.113e-007,0.00161702
1.114e-007,0.00155193
1.115e-007,0.00149026
1.116e-007,0.00143545
1.117e-007,0.00138235
1.118e-007,0.00135665
1.119e-007,0.00134124
1.12e-007,0.00131554
1.121e-007,0.00128814
1.122e-007,0.00122476
1.123e-007,0.00116138
1.124e-007,0.00108258
1.125e-007,0.00101406
1.126e-007,0.000948973
1.127e-007,0.000916427
1.128e-007,0.000861612
1.129e-007,0.000775965
1.13e-007,0.000685179
1.131e-007,0.000580689
1.132e-007,0.000508745
1.133e-007,0.000472773
1.134e-007,0.00045907
1.135e-007,0.000465922
1.136e-007,0.000476199
1.137e-007,0.000483051
1.138e-007,0.00048819
1.139e-007,0.000498468
1.14e-007,0.000472773
1.141e-007,0.000416246
1.142e-007,0.000334025
1.143e-007,0.000207267
1.144e-007,0.000106203
1.145e-007,-3.42589e-006
1.146e-007,-5.31014e-005
1.147e-007,-9.24991e-005
1.148e-007,-8.56473e-005
1.149e-007,-8.73603e-005
1.15e-007,-0.000111342
1.151e-007,-0.0001456
1.152e-007,-0.00022097
1.153e-007,-0.000298053
1.154e-007,-0.000402543
1.155e-007,-0.000483051
1.156e-007,-0.000541291
1.157e-007,-0.000553282
1.158e-007,-0.000558421
1.159e-007,-0.000568698
1.16e-007,-0.0006218
1.161e-007,-0.000674901
1.162e-007,-0.000760548
1.163e-007,-0.000858186
1.164e-007,-0.000904436
1.165e-007,-0.000904436
1.166e-007,-0.000895871
1.167e-007,-0.000894158
1.168e-007,-0.000921565
1.169e-007,-0.00102434
1.17e-007,-0.00112541
1.171e-007,-0.00118193
1.172e-007,-0.00116994
1.173e-007,-0.00112541
1.174e-007,-0.00106031
1.175e-007,-0.00101749
1.176e-007,-0.00101406
1.177e-007,-0.00110999
1.178e-007,-0.00123503
1.179e-007,-0.00136008
1.18e-007,-0.00144401
1.181e-007,-0.00144401
1.182e-007,-0.00143202
1.183e-007,-0.00140633
1.184e-007,-0.00139948
1.185e-007,-0.00147485
1.186e-007,-0.00155536
1.187e-007,-0.00168383
1.188e-007,-0.00179688
1.189e-007,-0.00188767
1.19e-007,-0.00193563
1.191e-007,-0.00190308
1.192e-007,-0.00185512
1.193e-007,-0.00179003
1.194e-007,-0.00171809
1.195e-007,-0.00166327
1.196e-007,-0.00166156
1.197e-007,-0.00167869
1.198e-007,-0.00171809
1.199e-007,-0.00176091
1.2e-007,-0.0017866
1.201e-007,-0.00181401
1.202e-007,-0.0018397
1.203e-007,-0.0018654
1.204e-007,-0.00183628
1.205e-007,-0.00182943
1.206e-007,-0.00181744
1.207e-007,-0.00180031
1.208e-007,-0.00181915
1.209e-007,-0.00184998
1.21e-007,-0.00192707
1.211e-007,-0.00200072
1.212e-007,-0.00203669
1.213e-007,-0.00202642
1.214e-007,-0.00201271
1.215e-007,-0.00199044
1.216e-007,-0.00201956
1.217e-007,-0.00204355
1.218e-007,-0.00211892
1.219e-007,-0.00218915
1.22e-007,-0.0022354
1.221e-007,-0.00224053
1.222e-007,-0.00220114
1.223e-007,-0.00214975
1.224e-007,-0.00213091
1.225e-007,-0.00212748
1.226e-007,-0.00221141
1.227e-007,-0.00231077
1.228e-007,-0.00240326
1.229e-007,-0.00242553
1.23e-007,-0.00239813
1.231e-007,-0.00232104
1.232e-007,-0.00223711
1.233e-007,-0.00218058
1.234e-007,-0.00220285
1.235e-007,-0.00227651
1.236e-007,-0.00238956
1.237e-007,-0.00249576
1.238e-007,-0.00257285
1.239e-007,-0.00260025
1.24e-007,-0.00260711
1.241e-007,-0.0025934
1.242e-007,-0.00260882
1.243e-007,-0.00257799
1.244e-007,-0.00254886
1.245e-007,-0.00252831
1.246e-007,-0.00246322
1.247e-007,-0.00242382
1.248e-007,-0.00231762
1.249e-007,-0.00219771
1.25e-007,-0.00211378
1.251e-007,-0.00205382
1.252e-007,-0.00203841
1.253e-007,-0.00207095
1.254e-007,-0.00216174
1.255e-007,-0.0022885
1.256e-007,-0.00240669
1.257e-007,-0.00248891
1.258e-007,-0.00252146
1.259e-007,-0.00250947
1.26e-007,-0.00248549
1.261e-007,-0.00242211
1.262e-007,-0.00236558
1.263e-007,-0.00229192
1.264e-007,-0.00225595
1.265e-007,-0.00218915
1.266e-007,-0.00217202
1.267e-007,-0.00218572
1.268e-007,-0.00221313
1.269e-007,-0.00225424
1.27e-007,-0.00228165
1.271e-007,-0.00225595
1.272e-007,-0.00221655
1.273e-007,-0.00212919
1.274e-007,-0.00205211
1.275e-007,-0.00200929
1.276e-007,-0.00200586
1.277e-007,-0.00205554
1.278e-007,-0.00213604
1.279e-007,-0.00218401
1.28e-007,-0.0022097
1.281e-007,-0.00219257
1.282e-007,-0.0021429
1.283e-007,-0.00208294
1.284e-007,-0.00205382
1.285e-007,-0.00201271
1.286e-007,-0.00194933
1.287e-007,-0.00186711
1.288e-007,-0.00178146
1.289e-007,-0.00170952
1.29e-007,-0.00170096
1.291e-007,-0.00174721
1.292e-007,-0.00180545
1.293e-007,-0.00186883
1.294e-007,-0.00191165
1.295e-007,-0.00190651
1.296e-007,-0.00183457
1.297e-007,-0.00172151
1.298e-007,-0.00161531
1.299e-007,-0.00153651
1.3e-007,-0.00152966
1.301e-007,-0.00157591
1.302e-007,-0.00171123
1.303e-007,-0.00188424
1.304e-007,-0.00201271
1.305e-007,-0.00205382
1.306e-007,-0.00201614
1.307e-007,-0.00190822
1.308e-007,-0.00183799
1.309e-007,-0.00173864
1.31e-007,-0.0017335
1.311e-007,-0.00177804
1.312e-007,-0.00182771
1.313e-007,-0.00186883
1.314e-007,-0.00185683
1.315e-007,-0.00182429
1.316e-007,-0.00179688
1.317e-007,-0.00178318
1.318e-007,-0.00181572
1.319e-007,-0.00181401
1.32e-007,-0.00184313
1.321e-007,-0.00184656
1.322e-007,-0.0018791
1.323e-007,-0.00194762
1.324e-007,-0.00202128
1.325e-007,-0.00209665
1.326e-007,-0.00215831
1.327e-007,-0.00219086
1.328e-007,-0.00219257
1.329e-007,-0.00213091
1.33e-007,-0.00208466
1.331e-007,-0.0020504
1.332e-007,-0.00201956
1.333e-007,-0.00199216
1.334e-007,-0.00198702
1.335e-007,-0.00204183
1.336e-007,-0.00207952
1.337e-007,-0.00213604
1.338e-007,-0.00217887
1.339e-007,-0.00217716
1.34e-007,-0.00212748
1.341e-007,-0.00209322
1.342e-007,-0.00207952
1.343e-007,-0.00209665
1.344e-007,-0.00217716
1.345e-007,-0.00223882
1.346e-007,-0.00228678
1.347e-007,-0.00227822
1.348e-007,-0.00224396
1.349e-007,-0.002196
1.35e-007,-0.00218915
1.351e-007,-0.002196
1.352e-007,-0.00221655
1.353e-007,-0.00222169
1.354e-007,-0.00218572
1.355e-007,-0.00216345
1.356e-007,-0.002196
1.357e-007,-0.00225081
1.358e-007,-0.00234845
1.359e-007,-0.00248891
1.36e-007,-0.00258826
1.361e-007,-0.00266192
1.362e-007,-0.0026465
1.363e-007,-0.00257285
1.364e-007,-0.0024872
1.365e-007,-0.00238613
1.366e-007,-0.00236215
1.367e-007,-0.00236729
1.368e-007,-0.00244951
1.369e-007,-0.0025403
1.37e-007,-0.00263794
1.371e-007,-0.00269104
1.372e-007,-0.00269275
1.373e-007,-0.00264993
1.374e-007,-0.00263794
1.375e-007,-0.00262766
1.376e-007,-0.00270988
1.377e-007,-0.0027784
1.378e-007,-0.00288632
1.379e-007,-0.00293599
1.38e-007,-0.00294627
1.381e-007,-0.00292571
1.382e-007,-0.00286405
1.383e-007,-0.0027921
1.384e-007,-0.00275956
1.385e-007,-0.00274757
1.386e-007,-0.00279382
1.387e-007,-0.00285891
1.388e-007,-0.00294456
1.389e-007,-0.00304391
1.39e-007,-0.003109
1.391e-007,-0.00311756
1.392e-007,-0.00309872
1.393e-007,-0.00305247
1.394e-007,-0.00298909
1.395e-007,-0.00295141
1.396e-007,-0.00294284
1.397e-007,-0.00296169
1.398e-007,-0.00298053
1.399e-007,-0.0030165
1.4e-007,-0.00303534
1.401e-007,-0.00308159
1.402e-007,-0.00314154
1.403e-007,-0.00321006
1.404e-007,-0.00330427
1.405e-007,-0.00335224
1.406e-007,-0.00336594
1.407e-007,-0.00335738
1.408e-007,-0.00326145
1.409e-007,-0.00311928
1.41e-007,-0.00299252
1.411e-007,-0.00290002
1.412e-007,-0.00288118
1.413e-007,-0.00294798
1.414e-007,-0.00302335
1.415e-007,-0.00315182
1.416e-007,-0.00322548
1.417e-007,-0.00327344
1.418e-007,-0.00322034
1.419e-007,-0.0031484
1.42e-007,-0.00308502
1.421e-007,-0.00305761
1.422e-007,-0.00306789
1.423e-007,-0.00310729
1.424e-007,-0.00318094
1.425e-007,-0.00324603
1.426e-007,-0.00325631
1.427e-007,-0.00324946
1.428e-007,-0.00320664
1.429e-007,-0.00312784
1.43e-007,-0.00305247
1.431e-007,-0.00300108
1.432e-007,-0.0030028
1.433e-007,-0.00302678
1.434e-007,-0.00309872
1.435e-007,-0.00312955
1.436e-007,-0.00313469
1.437e-007,-0.00310043
1.438e-007,-0.00302164
1.439e-007,-0.00294798
1.44e-007,-0.00287261
1.441e-007,-0.0028178
1.442e-007,-0.00278354
1.443e-007,-0.00277155
1.444e-007,-0.00279039
1.445e-007,-0.00281266
1.446e-007,-0.00288118
1.447e-007,-0.00292571
1.448e-007,-0.00293428
1.449e-007,-0.00291715
1.45e-007,-0.00282979
1.451e-007,-0.00270817
1.452e-007,-0.00264479
1.453e-007,-0.00256428
1.454e-007,-0.00257627
1.455e-007,-0.00257627
1.456e-007,-0.00257285
1.457e-007,-0.00252317
1.458e-007,-0.00245979
1.459e-007,-0.00240326
1.46e-007,-0.00233817
1.461e-007,-0.00232104
1.462e-007,-0.00231248
1.463e-007,-0.0022628
1.464e-007,-0.00218401
1.465e-007,-0.00209322
1.466e-007,-0.002011
1.467e-007,-0.00199044
1.468e-007,-0.00202642
1.469e-007,-0.00209322
1.47e-007,-0.00216003
1.471e-007,-0.00219086
1.472e-007,-0.0021429
1.473e-007,-0.0020641
1.474e-007,-0.00193906
1.475e-007,-0.00186026
1.476e-007,-0.00181058
1.477e-007,-0.00178489
1.478e-007,-0.00176776
1.479e-007,-0.00169239
1.48e-007,-0.0016136
1.481e-007,-0.00150568
1.482e-007,-0.00144059
1.483e-007,-0.00142346
1.484e-007,-0.00147313
1.485e-007,-0.0015485
1.486e-007,-0.00161017
1.487e-007,-0.00160503
1.488e-007,-0.00155707
1.489e-007,-0.00141832
1.49e-007,-0.00126929
1.491e-007,-0.00114082
1.492e-007,-0.00102606
1.493e-007,-0.000962676
1.494e-007,-0.000906149
1.495e-007,-0.000880455
1.496e-007,-0.000863325
1.497e-007,-0.000847909
1.498e-007,-0.000839344
1.499e-007,-0.000799946
1.5e-007,-0.000745132
1.501e-007,-0.000637216
1.502e-007,-0.000527588
1.503e-007,-0.000417959
1.504e-007,-0.000328886
1.505e-007,-0.000291201
1.506e-007,-0.000286062
1.507e-007,-0.000313469
1.508e-007,-0.000347728
1.509e-007,-0.000364858
1.51e-007,-0.000375135
1.511e-007,-0.000361432
1.512e-007,-0.000347728
1.513e-007,-0.00032546
1.514e-007,-0.000263794
1.515e-007,-0.000224396
1.516e-007,-0.000173008
1.517e-007,-0.000126758
1.518e-007,-7.02308e-005
1.519e-007,-7.36567e-005
1.52e-007,-5.48143e-005
1.521e-007,-3.2546e-005
1.522e-007,8.56473e-006
1.523e-007,7.53697e-005
1.524e-007,0.000205554
1.525e-007,0.000347728
1.526e-007,0.000493329
1.527e-007,0.000625226
1.528e-007,0.000743419
1.529e-007,0.000793094
1.53e-007,0.000781104
1.531e-007,0.000724577
1.532e-007,0.000644068
1.533e-007,0.000587541
1.534e-007,0.000577263
1.535e-007,0.000632077
1.536e-007,0.000714299
1.537e-007,0.000781104
1.538e-007,0.000863325
1.539e-007,0.000892445
1.54e-007,0.000895871
1.541e-007,0.000964389
1.542e-007,0.00106203
1.543e-007,0.00120591
1.544e-007,0.00132582
1.545e-007,0.00138235
1.546e-007,0.00140119
1.547e-007,0.00133952
1.548e-007,0.00127443
1.549e-007,0.00124189
1.55e-007,0.00121791
1.551e-007,0.00126758
1.552e-007,0.00135837
1.553e-007,0.00147485
1.554e-007,0.00153994
1.555e-007,0.00160332
1.556e-007,0.00164443
1.557e-007,0.00164272
1.558e-007,0.001641
1.559e-007,0.00162901
1.56e-007,0.00165985
1.561e-007,0.00173008
1.562e-007,0.00180545
1.563e-007,0.00193563
1.564e-007,0.00206068
1.565e-007,0.00213262
1.566e-007,0.00214975
1.567e-007,0.00214461
1.568e-007,0.00211035
1.569e-007,0.00208123
1.57e-007,0.00208637
1.571e-007,0.00211549
1.572e-007,0.0021703
1.573e-007,0.00220628
1.574e-007,0.00224567
1.575e-007,0.00220799
1.576e-007,0.00218915
1.577e-007,0.00220628
1.578e-007,0.00225595
1.579e-007,0.00232618
1.58e-007,0.00242039
1.581e-007,0.00250262
1.582e-007,0.00254886
1.583e-007,0.00255058
1.584e-007,0.00252146
1.585e-007,0.00250775
1.586e-007,0.00249748
1.587e-007,0.00253345
1.588e-007,0.00257113
1.589e-007,0.0026328
1.59e-007,0.00262766
1.591e-007,0.00259169
1.592e-007,0.002554
1.593e-007,0.00253174
1.594e-007,0.00253687
1.595e-007,0.00260539
1.596e-007,0.00268076
1.597e-007,0.00271845
1.598e-007,0.00273386
1.599e-007,0.00270474
1.6e-007,0.00269618
1.601e-007,0.00269618
1.602e-007,0.00271159
1.603e-007,0.00278011
1.604e-007,0.0028846
1.605e-007,0.00299594
1.606e-007,0.00306446
1.607e-007,0.00312099
1.608e-007,0.00312099
1.609e-007,0.0030833
1.61e-007,0.00303877
1.611e-007,0.00298395
1.612e-007,0.00297025
1.613e-007,0.00294113
1.614e-007,0.00295141
1.615e-007,0.00295826
1.616e-007,0.00295141
1.617e-007,0.0029377
1.618e-007,0.00289317
1.619e-007,0.00286405
1.62e-007,0.0028452
1.621e-007,0.00284863
1.622e-007,0.00283493
1.623e-007,0.00280409
1.624e-007,0.00281437
1.625e-007,0.00281437
1.626e-007,0.0028315
1.627e-007,0.00282465
1.628e-007,0.00283835
1.629e-007,0.00284349
1.63e-007,0.00282979
1.631e-007,0.00279382
1.632e-007,0.00277669
1.633e-007,0.00278354
1.634e-007,0.00279382
1.635e-007,0.0028709
1.636e-007,0.00290858
1.637e-007,0.00298395
1.638e-007,0.00303363
1.639e-007,0.00308159
1.64e-007,0.0030833
1.641e-007,0.00310557
1.642e-007,0.00311756
1.643e-007,0.00313127
1.644e-007,0.00312613
1.645e-007,0.00310386
1.646e-007,0.0030559
1.647e-007,0.00307645
1.648e-007,0.00307645
1.649e-007,0.00309529
1.65e-007,0.00312613
1.651e-007,0.00311928
1.652e-007,0.00310043
1.653e-007,0.0030559
1.654e-007,0.00303363
1.655e-007,0.00301479
1.656e-007,0.00300451
1.657e-007,0.00300622
1.658e-007,0.00301479
1.659e-007,0.00303705
1.66e-007,0.00303705
1.661e-007,0.00303705
1.662e-007,0.0030165
1.663e-007,0.00294284
1.664e-007,0.00286919
1.665e-007,0.00279553
1.666e-007,0.0027647
1.667e-007,0.0027921
1.668e-007,0.00283493
1.669e-007,0.00290344
1.67e-007,0.00292914
1.671e-007,0.00291886
1.672e-007,0.00291372
1.673e-007,0.00290858
1.674e-007,0.00291372
1.675e-007,0.00294113
1.676e-007,0.00297368
1.677e-007,0.00297881
1.678e-007,0.00294969
1.679e-007,0.00291372
1.68e-007,0.00285377
1.681e-007,0.00280409
1.682e-007,0.00277497
1.683e-007,0.002739
1.684e-007,0.0026996
1.685e-007,0.00269275
1.686e-007,0.00268247
1.687e-007,0.0026859
1.688e-007,0.00266706
1.689e-007,0.0026722
1.69e-007,0.00265678
1.691e-007,0.00268761
1.692e-007,0.00269447
1.693e-007,0.00275956
1.694e-007,0.00282294
1.695e-007,0.00284863
1.696e-007,0.00286233
1.697e-007,0.00279724
1.698e-007,0.00271502
1.699e-007,0.00265507
1.7e-007,0.0026328
1.701e-007,0.00267391
1.702e-007,0.00274243
1.703e-007,0.00276812
1.704e-007,0.0027253
1.705e-007,0.00262595
1.706e-007,0.00247863
1.707e-007,0.00235188
1.708e-007,0.00228336
1.709e-007,0.00230734
1.71e-007,0.00233646
1.711e-007,0.00239813
1.712e-007,0.00241012
1.713e-007,0.00235359
1.714e-007,0.00225595
1.715e-007,0.00217373
1.716e-007,0.00212405
1.717e-007,0.0021429
1.718e-007,0.00222169
1.719e-007,0.00232961
1.72e-007,0.00244095
1.721e-007,0.0024615
1.722e-007,0.00242553
1.723e-007,0.00234674
1.724e-007,0.00227479
1.725e-007,0.00218572
1.726e-007,0.00211892
1.727e-007,0.00204183
1.728e-007,0.00201614
1.729e-007,0.00193906
1.73e-007,0.00190308
1.731e-007,0.00188938
1.732e-007,0.00187739
1.733e-007,0.00189795
1.734e-007,0.00188253
1.735e-007,0.00184484
1.736e-007,0.00179688
1.737e-007,0.00174892
1.738e-007,0.00169924
1.739e-007,0.00167184
1.74e-007,0.0016804
1.741e-007,0.00170096
1.742e-007,0.0017866
1.743e-007,0.00186711
1.744e-007,0.00192021
1.745e-007,0.00189623
1.746e-007,0.00180373
1.747e-007,0.00163244
1.748e-007,0.00145429
1.749e-007,0.00132239
1.75e-007,0.00125559
1.751e-007,0.00127957
1.752e-007,0.00131212
1.753e-007,0.00138064
1.754e-007,0.00136008
1.755e-007,0.00127786
1.756e-007,0.0011511
