LECROYWM8500,500500138,Waveform
Segments,1,SegmentSize,2002
Segment,TrigTime,TimeSinceSegment1
#1,21-Mar-2024 16:00:43,0                 
Time,Ampl
-2.45e-008,0.000397404
-2.44e-008,0.00041282
-2.43e-008,0.00040083
-2.42e-008,0.000371709
-2.41e-008,0.00029634
-2.4e-008,0.000227822
-2.39e-008,0.000171295
-2.38e-008,0.000164443
-2.37e-008,0.000188424
-2.36e-008,0.000246664
-2.35e-008,0.000311756
-2.34e-008,0.000328886
-2.33e-008,0.000330599
-2.32e-008,0.000291201
-2.31e-008,0.0002381
-2.3e-008,0.000188424
-2.29e-008,0.000147313
-2.28e-008,0.00010449
-2.27e-008,8.39344e-005
-2.26e-008,6.68049e-005
-2.25e-008,6.5092e-005
-2.24e-008,7.19438e-005
-2.23e-008,0.000121619
-2.22e-008,0.000169582
-2.21e-008,0.000190137
-2.2e-008,0.000214118
-2.19e-008,0.000224396
-2.18e-008,0.000229535
-2.17e-008,0.000255229
-2.16e-008,0.000263794
-2.15e-008,0.000287775
-2.14e-008,0.000282636
-2.13e-008,0.000277497
-2.12e-008,0.00026722
-2.11e-008,0.000263794
-2.1e-008,0.000262081
-2.09e-008,0.000270646
-2.08e-008,0.000284349
-2.07e-008,0.00030833
-2.06e-008,0.000330599
-2.05e-008,0.000322034
-2.04e-008,0.000316895
-2.03e-008,0.000318608
-2.02e-008,0.000304905
-2.01e-008,0.000292914
-2e-008,0.000289488
-1.99e-008,0.000291201
-1.98e-008,0.000298053
-1.97e-008,0.000262081
-1.96e-008,0.000212405
-1.95e-008,0.000169582
-1.94e-008,0.000131897
-1.93e-008,0.000109629
-1.92e-008,0.000118193
-1.91e-008,0.000138749
-1.9e-008,0.000195276
-1.89e-008,0.000262081
-1.88e-008,0.00029634
-1.87e-008,0.000334025
-1.86e-008,0.000363145
-1.85e-008,0.000363145
-1.84e-008,0.000351154
-1.83e-008,0.000323747
-1.82e-008,0.000301479
-1.81e-008,0.000263794
-1.8e-008,0.000232961
-1.79e-008,0.000214118
-1.78e-008,0.00020898
-1.77e-008,0.000183285
-1.76e-008,0.000173008
-1.75e-008,0.000157591
-1.74e-008,0.000178146
-1.73e-008,0.000222683
-1.72e-008,0.000268933
-1.71e-008,0.000349441
-1.7e-008,0.000373422
-1.69e-008,0.000387126
-1.68e-008,0.000359719
-1.67e-008,0.000315182
-1.66e-008,0.000268933
-1.65e-008,0.000282636
-1.64e-008,0.00029634
-1.63e-008,0.000327173
-1.62e-008,0.000315182
-1.61e-008,0.000291201
-1.6e-008,0.000217544
-1.59e-008,0.000173008
-1.58e-008,0.000174721
-1.57e-008,0.000219257
-1.56e-008,0.000289488
-1.55e-008,0.000337451
-1.54e-008,0.000342589
-1.53e-008,0.000292914
-1.52e-008,0.000207267
-1.51e-008,0.000154165
-1.5e-008,0.000171295
-1.49e-008,0.000263794
-1.48e-008,0.000376848
-1.47e-008,0.000450505
-1.46e-008,0.000477912
-1.45e-008,0.000431663
-1.44e-008,0.000337451
-1.43e-008,0.000244951
-1.42e-008,0.000210692
-1.41e-008,0.000229535
-1.4e-008,0.000289488
-1.39e-008,0.000327173
-1.38e-008,0.000342589
-1.37e-008,0.000313469
-1.36e-008,0.000253516
-1.35e-008,0.000200415
-1.34e-008,0.000200415
-1.33e-008,0.000229535
-1.32e-008,0.000277497
-1.31e-008,0.000310043
-1.3e-008,0.000340876
-1.29e-008,0.000328886
-1.28e-008,0.000292914
-1.27e-008,0.000251803
-1.26e-008,0.000234674
-1.25e-008,0.0002381
-1.24e-008,0.000234674
-1.23e-008,0.000258655
-1.22e-008,0.000243238
-1.21e-008,0.000215831
-1.2e-008,0.000210692
-1.19e-008,0.000183285
-1.18e-008,0.000193563
-1.17e-008,0.0002381
-1.16e-008,0.000322034
-1.15e-008,0.000409394
-1.14e-008,0.000498468
-1.13e-008,0.000537865
-1.12e-008,0.000565272
-1.11e-008,0.000565272
-1.1e-008,0.000554995
-1.09e-008,0.000570411
-1.08e-008,0.000620087
-1.07e-008,0.000690318
-1.06e-008,0.000750271
-1.05e-008,0.000786243
-1.04e-008,0.000789669
-1.03e-008,0.000750271
-1.02e-008,0.000716012
-1.01e-008,0.00068004
-1e-008,0.000698882
-9.9e-009,0.000760548
-9.8e-009,0.000853048
-9.7e-009,0.000940408
-9.6e-009,0.00100036
-9.5e-009,0.000991796
-9.4e-009,0.000966102
-9.3e-009,0.00094726
-9.2e-009,0.000954111
-9.1e-009,0.00101064
-9e-009,0.0010723
-8.9e-009,0.00111684
-8.8e-009,0.00111342
-8.7e-009,0.00107573
-8.6e-009,0.00102263
-8.5e-009,0.000954111
-8.4e-009,0.000911288
-8.3e-009,0.000834205
-8.2e-009,0.000743419
-8.1e-009,0.000678327
-8e-009,0.000638929
-7.9e-009,0.000666336
-7.8e-009,0.000762261
-7.7e-009,0.000890732
-7.6e-009,0.000971241
-7.5e-009,0.000936982
-7.4e-009,0.000799946
-7.3e-009,0.000580689
-7.2e-009,0.000361432
-7.1e-009,0.000186711
-7e-009,0.000121619
-6.9e-009,0.000181572
-6.8e-009,0.000340876
-6.7e-009,0.000525875
-6.6e-009,0.000688605
-6.5e-009,0.00078453
-6.4e-009,0.000774252
-6.3e-009,0.000668049
-6.2e-009,0.000529301
-6.1e-009,0.000364858
-6e-009,0.000241526
-5.9e-009,0.000154165
-5.8e-009,0.000142175
-5.7e-009,0.000232961
-5.6e-009,0.000440227
-5.5e-009,0.000853048
-5.4e-009,0.00149198
-5.3e-009,0.00241183
-5.2e-009,0.0035852
-5.1e-009,0.00494528
-5e-009,0.00634304
-4.9e-009,0.00768942
-4.8e-009,0.00885594
-4.7e-009,0.0098169
-4.6e-009,0.0106186
-4.5e-009,0.0113757
-4.4e-009,0.0121756
-4.3e-009,0.0130424
-4.2e-009,0.0138766
-4.1e-009,0.0146234
-4e-009,0.0151562
-3.9e-009,0.0153874
-3.8e-009,0.0153103
-3.7e-009,0.0149352
-3.6e-009,0.0142774
-3.5e-009,0.0133627
-3.4e-009,0.012191
-3.3e-009,0.0107984
-3.2e-009,0.00931329
-3.1e-009,0.00787784
-3e-009,0.00659827
-2.9e-009,0.00561675
-2.8e-009,0.00495898
-2.7e-009,0.00463866
-2.6e-009,0.00460269
-2.5e-009,0.00476713
-2.4e-009,0.00510801
-2.3e-009,0.00552939
-2.2e-009,0.00602443
-2.1e-009,0.00657086
-2e-009,0.00716354
-1.9e-009,0.00784358
-1.8e-009,0.00859043
-1.7e-009,0.00936982
-1.6e-009,0.0101543
-1.5e-009,0.0109012
-1.4e-009,0.0114613
-1.3e-009,0.0118142
-1.2e-009,0.0119564
-1.1e-009,0.0119187
-1e-009,0.0117731
-9e-010,0.0115624
-8e-010,0.0112643
-7e-010,0.0108704
-6e-010,0.0102811
-5e-010,0.00947088
-4e-010,0.00841913
-3e-010,0.00722178
-2e-010,0.00595763
-1e-010,0.00480653
4.138488e-023,0.00388325
1e-010,0.0033077
2e-010,0.00311414
3e-010,0.00329914
4e-010,0.00375307
5e-010,0.00436459
6e-010,0.00503092
7e-010,0.00564759
8e-010,0.00621115
9e-010,0.00669077
1e-009,0.00715498
1.1e-009,0.00760891
1.2e-009,0.00807312
1.3e-009,0.00850821
1.4e-009,0.00889019
1.5e-009,0.00921908
1.6e-009,0.00947774
1.7e-009,0.0096319
1.8e-009,0.00965759
1.9e-009,0.00956681
2e-009,0.00932357
2.1e-009,0.00893302
2.2e-009,0.00840372
2.3e-009,0.00773396
2.4e-009,0.0069323
2.5e-009,0.00603985
2.6e-009,0.0050806
2.7e-009,0.00411792
2.8e-009,0.00320321
2.9e-009,0.00242382
3e-009,0.00183799
3.1e-009,0.00147142
3.2e-009,0.00131554
3.3e-009,0.00140976
3.4e-009,0.00171295
3.5e-009,0.00217373
3.6e-009,0.00281437
3.7e-009,0.00354066
3.8e-009,0.00434917
3.9e-009,0.00520222
4e-009,0.00602101
4.1e-009,0.00677984
4.2e-009,0.00740678
4.3e-009,0.00786414
4.4e-009,0.00813821
4.5e-009,0.00821358
4.6e-009,0.00810738
4.7e-009,0.00785557
4.8e-009,0.00743933
4.9e-009,0.00688776
5e-009,0.00614605
5.1e-009,0.00528615
5.2e-009,0.00430464
5.3e-009,0.00331969
5.4e-009,0.0023416
5.5e-009,0.00150739
5.6e-009,0.000832492
5.7e-009,0.000363145
5.8e-009,4.11107e-005
5.9e-009,-6.85179e-005
6e-009,-1.37036e-005
6.1e-009,0.000215831
6.2e-009,0.000635503
6.3e-009,0.00124017
6.4e-009,0.00198873
6.5e-009,0.00282465
6.6e-009,0.00370339
6.7e-009,0.00457528
6.8e-009,0.00540949
6.9e-009,0.00614091
7e-009,0.00673359
7.1e-009,0.00713271
7.2e-009,0.00738794
7.3e-009,0.00740507
7.4e-009,0.00726118
7.5e-009,0.00693572
7.6e-009,0.00649892
7.7e-009,0.00591481
7.8e-009,0.00518852
7.9e-009,0.00435602
8e-009,0.00346015
8.1e-009,0.00257799
8.2e-009,0.00175234
8.3e-009,0.000984944
8.4e-009,0.000356293
8.5e-009,-0.000142175
8.6e-009,-0.000495042
8.7e-009,-0.000661197
8.8e-009,-0.00063379
8.9e-009,-0.000393978
9e-009,1.37036e-005
9.1e-009,0.000556708
9.2e-009,0.00118879
9.3e-009,0.00189109
9.4e-009,0.00264308
9.5e-009,0.00341048
9.6e-009,0.00414191
9.7e-009,0.0047757
9.8e-009,0.00530157
9.9e-009,0.00563902
1e-008,0.00578633
1.01e-008,0.00576749
1.02e-008,0.00562703
1.03e-008,0.00534268
1.04e-008,0.00492644
1.05e-008,0.00435431
1.06e-008,0.00365372
1.07e-008,0.00284007
1.08e-008,0.00201956
1.09e-008,0.00121448
1.1e-008,0.000513884
1.11e-008,-2.74071e-005
1.12e-008,-0.000448792
1.13e-008,-0.000769113
1.14e-008,-0.000978093
1.15e-008,-0.00113226
1.16e-008,-0.00119392
1.17e-008,-0.00114082
1.18e-008,-0.00094726
1.19e-008,-0.000606383
1.2e-008,-0.000114767
1.21e-008,0.000508745
1.22e-008,0.00120078
1.23e-008,0.00192535
1.24e-008,0.00261053
1.25e-008,0.00329228
1.26e-008,0.00389867
1.27e-008,0.00444338
1.28e-008,0.00485963
1.29e-008,0.00512685
1.3e-008,0.00520222
1.31e-008,0.00505319
1.32e-008,0.00467463
1.33e-008,0.00414533
1.34e-008,0.00350126
1.35e-008,0.00282979
1.36e-008,0.00217887
1.37e-008,0.00156563
1.38e-008,0.000991796
1.39e-008,0.000428237
1.4e-008,-0.000111342
1.41e-008,-0.000582402
1.42e-008,-0.000962676
1.43e-008,-0.00116138
1.44e-008,-0.00117851
1.45e-008,-0.00100893
1.46e-008,-0.000647494
1.47e-008,-0.00016273
1.48e-008,0.000402543
1.49e-008,0.000983232
1.5e-008,0.00158961
1.51e-008,0.0022354
1.52e-008,0.00289488
1.53e-008,0.00355436
1.54e-008,0.00416075
1.55e-008,0.00465065
1.56e-008,0.00499324
1.57e-008,0.00517653
1.58e-008,0.00516796
1.59e-008,0.0050018
1.6e-008,0.0047106
1.61e-008,0.00430806
1.62e-008,0.00373765
1.63e-008,0.00304391
1.64e-008,0.00225766
1.65e-008,0.00147313
1.66e-008,0.000731428
1.67e-008,0.00010449
1.68e-008,-0.000373422
1.69e-008,-0.000697169
1.7e-008,-0.000895871
1.71e-008,-0.000993509
1.72e-008,-0.000971241
1.73e-008,-0.000841057
1.74e-008,-0.000582402
1.75e-008,-0.000202128
1.76e-008,0.000291201
1.77e-008,0.000883881
1.78e-008,0.00154679
1.79e-008,0.00227308
1.8e-008,0.00300793
1.81e-008,0.00366742
1.82e-008,0.00419672
1.83e-008,0.00458385
1.84e-008,0.00478255
1.85e-008,0.00482366
1.86e-008,0.0047363
1.87e-008,0.00449991
1.88e-008,0.00415218
1.89e-008,0.0036777
1.9e-008,0.0031227
1.91e-008,0.00247863
1.92e-008,0.00182771
1.93e-008,0.00121962
1.94e-008,0.000676614
1.95e-008,0.00022097
1.96e-008,-0.000147313
1.97e-008,-0.000385413
1.98e-008,-0.000510458
1.99e-008,-0.000515597
2e-008,-0.000447079
2.01e-008,-0.000260368
2.02e-008,-5.13884e-006
2.03e-008,0.000299766
2.04e-008,0.000678327
2.05e-008,0.00113568
2.06e-008,0.00169239
2.07e-008,0.00228165
2.08e-008,0.0028709
2.09e-008,0.00341562
2.1e-008,0.00386783
2.11e-008,0.00418473
2.12e-008,0.00437144
2.13e-008,0.00446737
2.14e-008,0.00444852
2.15e-008,0.00433376
2.16e-008,0.00409223
2.17e-008,0.00373594
2.18e-008,0.00329228
2.19e-008,0.00275784
2.2e-008,0.00214804
2.21e-008,0.00156563
2.22e-008,0.00103633
2.23e-008,0.000554995
2.24e-008,0.000200415
2.25e-008,-3.42589e-005
2.26e-008,-0.000126758
2.27e-008,-0.000101064
2.28e-008,0
2.29e-008,0.000143888
2.3e-008,0.000347728
2.31e-008,0.000594393
2.32e-008,0.000906149
2.33e-008,0.00130527
2.34e-008,0.00177975
2.35e-008,0.00229877
2.36e-008,0.00284178
2.37e-008,0.00336765
2.38e-008,0.00384728
2.39e-008,0.00424297
2.4e-008,0.00452561
2.41e-008,0.00463866
2.42e-008,0.00465236
2.43e-008,0.00454102
2.44e-008,0.00431663
2.45e-008,0.00405283
2.46e-008,0.00367598
2.47e-008,0.00333168
2.48e-008,0.00291201
2.49e-008,0.00247692
2.5e-008,0.00205896
2.51e-008,0.00166841
2.52e-008,0.00131726
2.53e-008,0.00101064
2.54e-008,0.000763974
2.55e-008,0.000628652
2.56e-008,0.000589254
2.57e-008,0.00070916
2.58e-008,0.000936982
2.59e-008,0.00124189
2.6e-008,0.00157934
2.61e-008,0.0019322
2.62e-008,0.00228678
2.63e-008,0.00270817
2.64e-008,0.00315354
2.65e-008,0.00357492
2.66e-008,0.00398774
2.67e-008,0.00432348
2.68e-008,0.00459755
2.69e-008,0.00474315
2.7e-008,0.00478083
2.71e-008,0.00474486
2.72e-008,0.0046181
2.73e-008,0.0043663
2.74e-008,0.00400487
2.75e-008,0.00352867
2.76e-008,0.00292057
2.77e-008,0.0022885
2.78e-008,0.00164272
2.79e-008,0.00108258
2.8e-008,0.000666336
2.81e-008,0.000364858
2.82e-008,0.000196989
2.83e-008,0.000121619
2.84e-008,0.000102777
2.85e-008,0.000125045
2.86e-008,0.000214118
2.87e-008,0.000419672
2.88e-008,0.000745132
2.89e-008,0.00117166
2.9e-008,0.00165813
2.91e-008,0.00216516
2.92e-008,0.0026328
2.93e-008,0.00299423
2.94e-008,0.00324261
2.95e-008,0.00337451
2.96e-008,0.00338992
2.97e-008,0.00333853
2.98e-008,0.00321178
2.99e-008,0.00301479
3e-008,0.00277155
3.01e-008,0.00246322
3.02e-008,0.0021035
3.03e-008,0.00170267
3.04e-008,0.001283
3.05e-008,0.00087189
3.06e-008,0.000483051
3.07e-008,0.000128471
3.08e-008,-0.000130184
3.09e-008,-0.000340876
3.1e-008,-0.000498468
3.11e-008,-0.000609809
3.12e-008,-0.000657772
3.13e-008,-0.000645781
3.14e-008,-0.000553282
3.15e-008,-0.00040083
3.16e-008,-0.000196989
3.17e-008,0.000106203
3.18e-008,0.000467634
3.19e-008,0.000829066
3.2e-008,0.00116994
3.21e-008,0.00143545
3.22e-008,0.00163929
3.23e-008,0.0017592
3.24e-008,0.00183628
3.25e-008,0.00184998
3.26e-008,0.00178832
3.27e-008,0.0016941
3.28e-008,0.0015485
3.29e-008,0.0013498
3.3e-008,0.00110828
3.31e-008,0.000810224
3.32e-008,0.000453931
3.33e-008,4.11107e-005
3.34e-008,-0.000404255
3.35e-008,-0.000811937
3.36e-008,-0.00114939
3.37e-008,-0.0013498
3.38e-008,-0.0014286
3.39e-008,-0.00143374
3.4e-008,-0.0014286
3.41e-008,-0.00144744
3.42e-008,-0.00144744
3.43e-008,-0.00142346
3.44e-008,-0.00130184
3.45e-008,-0.00107916
3.46e-008,-0.000731428
3.47e-008,-0.000327173
3.48e-008,6.5092e-005
3.49e-008,0.000371709
3.5e-008,0.00057555
3.51e-008,0.000666336
3.52e-008,0.000692031
3.53e-008,0.000659485
3.54e-008,0.00060467
3.55e-008,0.000524162
3.56e-008,0.0003837
3.57e-008,0.000169582
3.58e-008,-9.24991e-005
3.59e-008,-0.000433376
3.6e-008,-0.000806798
3.61e-008,-0.00116823
3.62e-008,-0.00151938
3.63e-008,-0.00182429
3.64e-008,-0.00209836
3.65e-008,-0.00232961
3.66e-008,-0.00252317
3.67e-008,-0.00264822
3.68e-008,-0.00273386
3.69e-008,-0.00274585
3.7e-008,-0.00270303
3.71e-008,-0.00258655
3.72e-008,-0.00241868
3.73e-008,-0.00220114
3.74e-008,-0.00198017
3.75e-008,-0.0017592
3.76e-008,-0.00151082
3.77e-008,-0.00131726
3.78e-008,-0.00115795
3.79e-008,-0.00103291
3.8e-008,-0.000950686
3.81e-008,-0.000897584
3.82e-008,-0.000895871
3.83e-008,-0.000943834
3.84e-008,-0.00103119
3.85e-008,-0.00117337
3.86e-008,-0.00142175
3.87e-008,-0.00172494
3.88e-008,-0.00207267
3.89e-008,-0.00242039
3.9e-008,-0.00279724
3.91e-008,-0.00310215
3.92e-008,-0.00337622
3.93e-008,-0.00358177
3.94e-008,-0.00374108
3.95e-008,-0.00383529
3.96e-008,-0.00384557
3.97e-008,-0.00380445
3.98e-008,-0.00371881
3.99e-008,-0.00359719
4e-008,-0.00342075
4.01e-008,-0.0032289
4.02e-008,-0.00300965
4.03e-008,-0.00277669
4.04e-008,-0.00256257
4.05e-008,-0.00238613
4.06e-008,-0.00226794
4.07e-008,-0.00220628
4.08e-008,-0.00217716
4.09e-008,-0.00218229
4.1e-008,-0.00219771
4.11e-008,-0.00220285
4.12e-008,-0.00221998
4.13e-008,-0.00225595
4.14e-008,-0.00236044
4.15e-008,-0.00254201
4.16e-008,-0.00276984
4.17e-008,-0.00303192
4.18e-008,-0.00333682
4.19e-008,-0.00362802
4.2e-008,-0.00393464
4.21e-008,-0.0041813
4.22e-008,-0.0043663
4.23e-008,-0.00447593
4.24e-008,-0.00446051
4.25e-008,-0.00437315
4.26e-008,-0.00422413
4.27e-008,-0.00406482
4.28e-008,-0.00389524
4.29e-008,-0.0036914
4.3e-008,-0.00350812
4.31e-008,-0.00331284
4.32e-008,-0.00310729
4.33e-008,-0.00291886
4.34e-008,-0.00273558
4.35e-008,-0.00258655
4.36e-008,-0.0024735
4.37e-008,-0.00239984
4.38e-008,-0.00238785
4.39e-008,-0.00242725
4.4e-008,-0.00257799
4.41e-008,-0.00276641
4.42e-008,-0.00299252
4.43e-008,-0.00323062
4.44e-008,-0.00347043
4.45e-008,-0.00365885
4.46e-008,-0.00383529
4.47e-008,-0.00400144
4.48e-008,-0.00414876
4.49e-008,-0.00425667
4.5e-008,-0.00431663
4.51e-008,-0.00436116
4.52e-008,-0.00436801
4.53e-008,-0.00433547
4.54e-008,-0.00428237
4.55e-008,-0.00418987
4.56e-008,-0.00408538
4.57e-008,-0.00396376
4.58e-008,-0.0037839
4.59e-008,-0.00358691
4.6e-008,-0.00337108
4.61e-008,-0.00315011
4.62e-008,-0.0029634
4.63e-008,-0.00278868
4.64e-008,-0.00268076
4.65e-008,-0.00261224
4.66e-008,-0.00261738
4.67e-008,-0.00263109
4.68e-008,-0.00269789
4.69e-008,-0.00278183
4.7e-008,-0.00290687
4.71e-008,-0.00306617
4.72e-008,-0.00323576
4.73e-008,-0.00345501
4.74e-008,-0.00361774
4.75e-008,-0.00375478
4.76e-008,-0.00382158
4.77e-008,-0.00382844
4.78e-008,-0.00379418
4.79e-008,-0.00373422
4.8e-008,-0.00366742
4.81e-008,-0.0035852
4.82e-008,-0.00350298
4.83e-008,-0.00337964
4.84e-008,-0.00322377
4.85e-008,-0.00306275
4.86e-008,-0.00286233
4.87e-008,-0.0026722
4.88e-008,-0.00247863
4.89e-008,-0.00229535
4.9e-008,-0.00214118
4.91e-008,-0.00198017
4.92e-008,-0.00181744
4.93e-008,-0.00169068
4.94e-008,-0.00163073
4.95e-008,-0.00160674
4.96e-008,-0.0016273
4.97e-008,-0.0017335
4.98e-008,-0.0018517
4.99e-008,-0.0019579
5e-008,-0.00204526
5.01e-008,-0.00210521
5.02e-008,-0.00217716
5.03e-008,-0.00223711
5.04e-008,-0.00233646
5.05e-008,-0.00238956
5.06e-008,-0.00245808
5.07e-008,-0.00244095
5.08e-008,-0.00234845
5.09e-008,-0.0022097
5.1e-008,-0.00205554
5.11e-008,-0.00190651
5.12e-008,-0.00179003
5.13e-008,-0.00167012
5.14e-008,-0.00157077
5.15e-008,-0.0014286
5.16e-008,-0.00123503
5.17e-008,-0.00101578
5.18e-008,-0.000811937
5.19e-008,-0.0006218
5.2e-008,-0.000476199
5.21e-008,-0.000376848
5.22e-008,-0.000332312
5.23e-008,-0.000306617
5.24e-008,-0.000313469
5.25e-008,-0.000330599
5.26e-008,-0.000387126
5.27e-008,-0.000486477
5.28e-008,-0.000578976
5.29e-008,-0.000685179
5.3e-008,-0.000808511
5.31e-008,-0.000899297
5.32e-008,-0.000966102
5.33e-008,-0.000983232
5.34e-008,-0.00097638
5.35e-008,-0.00097638
5.36e-008,-0.000935269
5.37e-008,-0.000851335
5.38e-008,-0.000731428
5.39e-008,-0.00057555
5.4e-008,-0.000416246
5.41e-008,-0.000222683
5.42e-008,-3.76848e-005
5.43e-008,0.000125045
5.44e-008,0.000294627
5.45e-008,0.000477912
5.46e-008,0.000681753
5.47e-008,0.000841057
5.48e-008,0.000950686
5.49e-008,0.000978093
5.5e-008,0.000945547
5.51e-008,0.00085476
5.52e-008,0.000777678
5.53e-008,0.000741706
5.54e-008,0.000750271
5.55e-008,0.000808511
5.56e-008,0.000849622
5.57e-008,0.000870177
5.58e-008,0.000844483
5.59e-008,0.000770826
5.6e-008,0.000695456
5.61e-008,0.000608096
5.62e-008,0.000560134
5.63e-008,0.00056356
5.64e-008,0.000642355
5.65e-008,0.000762261
5.66e-008,0.000935269
5.67e-008,0.00112198
5.68e-008,0.001283
5.69e-008,0.00142346
5.7e-008,0.0015485
5.71e-008,0.00166498
5.72e-008,0.00176434
5.73e-008,0.00188767
5.74e-008,0.00201443
5.75e-008,0.00211549
5.76e-008,0.0021703
5.77e-008,0.00221313
5.78e-008,0.00223711
5.79e-008,0.00224567
5.8e-008,0.00229535
5.81e-008,0.00235701
5.82e-008,0.00242553
5.83e-008,0.00248035
5.84e-008,0.00249576
5.85e-008,0.00247521
5.86e-008,0.00244438
5.87e-008,0.00240155
5.88e-008,0.00237757
5.89e-008,0.00236387
5.9e-008,0.00241868
5.91e-008,0.00248377
5.92e-008,0.00253859
5.93e-008,0.00260025
5.94e-008,0.00265164
5.95e-008,0.002739
5.96e-008,0.00285206
5.97e-008,0.00299937
5.98e-008,0.00313469
5.99e-008,0.00327515
6e-008,0.00336765
6.01e-008,0.00341904
6.02e-008,0.00341733
6.03e-008,0.00340363
6.04e-008,0.00339163
6.05e-008,0.00340705
6.06e-008,0.00346015
6.07e-008,0.00349955
6.08e-008,0.00350126
6.09e-008,0.00350298
6.1e-008,0.00345673
6.11e-008,0.0034139
6.12e-008,0.00337108
6.13e-008,0.00336423
6.14e-008,0.0033865
6.15e-008,0.00343446
6.16e-008,0.003479
6.17e-008,0.00348585
6.18e-008,0.00348071
6.19e-008,0.00346872
6.2e-008,0.00344816
6.21e-008,0.00346015
6.22e-008,0.003467
6.23e-008,0.0035064
6.24e-008,0.0035321
6.25e-008,0.00356807
6.26e-008,0.0035852
6.27e-008,0.00363316
6.28e-008,0.00372909
6.29e-008,0.00384043
6.3e-008,0.00395348
6.31e-008,0.00402371
6.32e-008,0.00406311
6.33e-008,0.0040614
6.34e-008,0.00402543
6.35e-008,0.00395519
6.36e-008,0.00392265
6.37e-008,0.00390209
6.38e-008,0.0038764
6.39e-008,0.00380103
6.4e-008,0.00371024
6.41e-008,0.00360233
6.42e-008,0.00350983
6.43e-008,0.00341904
6.44e-008,0.00337279
6.45e-008,0.00337108
6.46e-008,0.00335395
6.47e-008,0.00332997
6.48e-008,0.00329742
6.49e-008,0.00331284
6.5e-008,0.00332312
6.51e-008,0.0033608
6.52e-008,0.00338478
6.53e-008,0.00339506
6.54e-008,0.0033865
6.55e-008,0.00334196
6.56e-008,0.00329571
6.57e-008,0.00328715
6.58e-008,0.00332654
6.59e-008,0.00337793
6.6e-008,0.0034533
6.61e-008,0.00351497
6.62e-008,0.0035321
6.63e-008,0.0035064
6.64e-008,0.00344131
6.65e-008,0.00337108
6.66e-008,0.00327515
6.67e-008,0.00320492
6.68e-008,0.00313127
6.69e-008,0.00308673
6.7e-008,0.00304733
6.71e-008,0.00303877
6.72e-008,0.00299766
6.73e-008,0.00293085
6.74e-008,0.00285206
6.75e-008,0.00276641
6.76e-008,0.00267905
6.77e-008,0.00261396
6.78e-008,0.00257799
6.79e-008,0.00257799
6.8e-008,0.00259511
6.81e-008,0.00257799
6.82e-008,0.00257456
6.83e-008,0.002554
6.84e-008,0.00255229
6.85e-008,0.00254544
6.86e-008,0.00255914
6.87e-008,0.00258312
6.88e-008,0.00258312
6.89e-008,0.00255572
6.9e-008,0.00248891
6.91e-008,0.00242896
6.92e-008,0.00236215
6.93e-008,0.00226965
6.94e-008,0.00218572
6.95e-008,0.00211206
6.96e-008,0.00204012
6.97e-008,0.00195619
6.98e-008,0.00187396
6.99e-008,0.00180716
7e-008,0.00171637
7.01e-008,0.00163244
7.02e-008,0.00152795
7.03e-008,0.0014286
7.04e-008,0.00138064
7.05e-008,0.00136351
7.06e-008,0.00138406
7.07e-008,0.00140462
7.08e-008,0.00139434
7.09e-008,0.00132068
7.1e-008,0.00122818
7.11e-008,0.00111855
7.12e-008,0.00102263
7.13e-008,0.000948973
7.14e-008,0.000923278
7.15e-008,0.00090101
7.16e-008,0.000897584
7.17e-008,0.000880455
7.18e-008,0.000873603
7.19e-008,0.000837631
7.2e-008,0.000793094
7.21e-008,0.000739993
7.22e-008,0.000685179
7.23e-008,0.000635503
7.24e-008,0.000589254
7.25e-008,0.000585828
7.26e-008,0.000572124
7.27e-008,0.000561847
7.28e-008,0.000496755
7.29e-008,0.000378561
7.3e-008,0.000219257
7.31e-008,4.96755e-005
7.32e-008,-7.87956e-005
7.33e-008,-0.000149026
7.34e-008,-0.000130184
7.35e-008,-3.93978e-005
7.36e-008,5.48143e-005
7.37e-008,0.00011648
7.38e-008,0.000126758
7.39e-008,9.07862e-005
7.4e-008,6.3379e-005
7.41e-008,4.11107e-005
7.42e-008,3.93978e-005
7.43e-008,5.82402e-005
7.44e-008,5.65272e-005
7.45e-008,2.22683e-005
7.46e-008,-3.93978e-005
7.47e-008,-5.31014e-005
7.48e-008,-4.79625e-005
7.49e-008,5.13884e-006
7.5e-008,7.87956e-005
7.51e-008,0.000147313
7.52e-008,0.000178146
7.53e-008,0.000149026
7.54e-008,9.5925e-005
7.55e-008,-1.71295e-006
7.56e-008,-8.22214e-005
7.57e-008,-0.000147313
7.58e-008,-0.00019185
7.59e-008,-0.000183285
7.6e-008,-0.000164443
7.61e-008,-0.000150739
7.62e-008,-0.000143888
7.63e-008,-0.000188424
7.64e-008,-0.000236387
7.65e-008,-0.000286062
7.66e-008,-0.000280923
7.67e-008,-0.000246664
7.68e-008,-0.000159304
7.69e-008,-8.56473e-005
7.7e-008,-3.76848e-005
7.71e-008,0
7.72e-008,2.91201e-005
7.73e-008,7.02308e-005
7.74e-008,0.000131897
7.75e-008,0.00019185
7.76e-008,0.000227822
7.77e-008,0.000253516
7.78e-008,0.000217544
7.79e-008,0.000183285
7.8e-008,0.000169582
7.81e-008,0.000186711
7.82e-008,0.000231248
7.83e-008,0.000282636
7.84e-008,0.00030833
7.85e-008,0.000320321
7.86e-008,0.000298053
7.87e-008,0.000265507
7.88e-008,0.000274071
7.89e-008,0.000277497
7.9e-008,0.000310043
7.91e-008,0.000392265
7.92e-008,0.000479625
7.93e-008,0.000548143
7.94e-008,0.00057555
7.95e-008,0.000597818
7.96e-008,0.000609809
7.97e-008,0.000590967
7.98e-008,0.000620087
7.99e-008,0.000654346
8e-008,0.000695456
8.01e-008,0.000770826
8.02e-008,0.000782817
8.03e-008,0.000806798
8.04e-008,0.000808511
8.05e-008,0.00081365
8.06e-008,0.000841057
8.07e-008,0.000924991
8.08e-008,0.00101235
8.09e-008,0.00110999
8.1e-008,0.00115967
8.11e-008,0.00122304
8.12e-008,0.00126244
8.13e-008,0.00132582
8.14e-008,0.00134809
8.15e-008,0.00141661
8.16e-008,0.00147999
8.17e-008,0.00150911
8.18e-008,0.0014817
8.19e-008,0.00145943
8.2e-008,0.00143545
8.21e-008,0.001456
8.22e-008,0.00153651
8.23e-008,0.00165642
8.24e-008,0.00182258
8.25e-008,0.002011
8.26e-008,0.0021566
8.27e-008,0.0022628
8.28e-008,0.0023416
8.29e-008,0.00236729
8.3e-008,0.00237757
8.31e-008,0.00242553
8.32e-008,0.00246493
8.33e-008,0.00254373
8.34e-008,0.00263451
8.35e-008,0.00271673
8.36e-008,0.00278354
8.37e-008,0.00282979
8.38e-008,0.0028572
8.39e-008,0.00292743
8.4e-008,0.0030302
8.41e-008,0.00318608
8.42e-008,0.00333339
8.43e-008,0.003467
8.44e-008,0.00354066
8.45e-008,0.00360233
8.46e-008,0.00358862
8.47e-008,0.0035458
8.48e-008,0.00355265
8.49e-008,0.00361432
8.5e-008,0.0036914
8.51e-008,0.00377533
8.52e-008,0.00384899
8.53e-008,0.00390209
8.54e-008,0.00393464
8.55e-008,0.00398431
8.56e-008,0.00408367
8.57e-008,0.00419843
8.58e-008,0.00434232
8.59e-008,0.00443996
8.6e-008,0.00448792
8.61e-008,0.00451875
8.62e-008,0.00449306
8.63e-008,0.00452561
8.64e-008,0.00458042
8.65e-008,0.00471403
8.66e-008,0.0048956
8.67e-008,0.00507889
8.68e-008,0.00524504
8.69e-008,0.00538722
8.7e-008,0.0054506
8.71e-008,0.00547629
8.72e-008,0.00545745
8.73e-008,0.00546259
8.74e-008,0.0055037
8.75e-008,0.00557736
8.76e-008,0.00568698
8.77e-008,0.00580004
8.78e-008,0.00587712
8.79e-008,0.00594393
8.8e-008,0.00597818
8.81e-008,0.00601758
8.82e-008,0.00606726
8.83e-008,0.0061255
8.84e-008,0.006218
8.85e-008,0.00631735
8.86e-008,0.00643725
8.87e-008,0.00656573
8.88e-008,0.00671475
8.89e-008,0.0068535
8.9e-008,0.00697855
8.91e-008,0.00706248
8.92e-008,0.00707276
8.93e-008,0.00706933
8.94e-008,0.00706419
8.95e-008,0.00707104
8.96e-008,0.00711387
8.97e-008,0.00718753
8.98e-008,0.00730743
8.99e-008,0.00741535
9e-008,0.00748386
9.01e-008,0.00754896
9.02e-008,0.00759178
9.03e-008,0.00763974
9.04e-008,0.0077134
9.05e-008,0.00781446
9.06e-008,0.00790868
9.07e-008,0.00798405
9.08e-008,0.00803201
9.09e-008,0.00801488
9.1e-008,0.00801488
9.11e-008,0.00803029
9.12e-008,0.00809881
9.13e-008,0.00824441
9.14e-008,0.00840886
9.15e-008,0.00855103
9.16e-008,0.00861955
9.17e-008,0.00862983
9.18e-008,0.00858529
9.19e-008,0.00852362
9.2e-008,0.0084945
9.21e-008,0.00850992
9.22e-008,0.00857844
9.23e-008,0.00864353
9.24e-008,0.00874117
9.25e-008,0.00879427
9.26e-008,0.00884737
9.27e-008,0.00889533
9.28e-008,0.0089176
9.29e-008,0.00895186
9.3e-008,0.00898955
9.31e-008,0.00899297
9.32e-008,0.0089707
9.33e-008,0.00891931
9.34e-008,0.00889705
9.35e-008,0.00890218
9.36e-008,0.00895529
9.37e-008,0.00904779
9.38e-008,0.00914028
9.39e-008,0.00919852
9.4e-008,0.00918825
9.41e-008,0.00914028
9.42e-008,0.00910089
9.43e-008,0.00912144
9.44e-008,0.00922079
9.45e-008,0.00937496
9.46e-008,0.00953769
9.47e-008,0.00963704
9.48e-008,0.00966102
9.49e-008,0.00958736
9.5e-008,0.00945204
9.51e-008,0.00933385
9.52e-008,0.0092619
9.53e-008,0.00923107
9.54e-008,0.00926704
9.55e-008,0.00930815
9.56e-008,0.00931329
9.57e-008,0.00928417
9.58e-008,0.00923107
9.59e-008,0.00919852
9.6e-008,0.00919681
9.61e-008,0.00923964
9.62e-008,0.00930987
9.63e-008,0.00941093
9.64e-008,0.00947088
9.65e-008,0.00947945
9.66e-008,0.00944005
9.67e-008,0.00934926
9.68e-008,0.00924991
9.69e-008,0.00915228
9.7e-008,0.00909917
9.71e-008,0.0090495
9.72e-008,0.00905806
9.73e-008,0.00910089
9.74e-008,0.0091557
9.75e-008,0.00921737
9.76e-008,0.00926876
9.77e-008,0.00926876
9.78e-008,0.00924477
9.79e-008,0.00916598
9.8e-008,0.00905121
9.81e-008,0.00895186
9.82e-008,0.00890561
9.83e-008,0.0088508
9.84e-008,0.00887135
9.85e-008,0.00888506
9.86e-008,0.00886793
9.87e-008,0.0088508
9.88e-008,0.00883709
9.89e-008,0.00881996
9.9e-008,0.00881654
9.91e-008,0.0088251
9.92e-008,0.0088508
9.93e-008,0.00888677
9.94e-008,0.00891589
9.95e-008,0.00890047
9.96e-008,0.00885422
9.97e-008,0.00875487
9.98e-008,0.00864353
9.99e-008,0.0085339
1e-007,0.00845168
1.001e-007,0.00843798
1.002e-007,0.00846196
1.003e-007,0.00849622
1.004e-007,0.00851335
1.005e-007,0.00853219
1.006e-007,0.00848594
1.007e-007,0.00841571
1.008e-007,0.00835918
1.009e-007,0.00833177
1.01e-007,0.0083352
1.011e-007,0.00834719
1.012e-007,0.00837288
1.013e-007,0.00836946
1.014e-007,0.00832492
1.015e-007,0.00824613
1.016e-007,0.00813307
1.017e-007,0.00804057
1.018e-007,0.00799775
1.019e-007,0.00798576
1.02e-007,0.00801145
1.021e-007,0.00805256
1.022e-007,0.00808511
1.023e-007,0.00804914
1.024e-007,0.00799604
1.025e-007,0.00791553
1.026e-007,0.0078727
1.027e-007,0.00784187
1.028e-007,0.00784701
1.029e-007,0.00786756
1.03e-007,0.00790525
1.031e-007,0.00789669
1.032e-007,0.00783844
1.033e-007,0.00773396
1.034e-007,0.00757294
1.035e-007,0.00741021
1.036e-007,0.00727489
1.037e-007,0.00719438
1.038e-007,0.00714128
1.039e-007,0.00710016
1.04e-007,0.00704706
1.041e-007,0.00698882
1.042e-007,0.00691517
1.043e-007,0.00684322
1.044e-007,0.00677642
1.045e-007,0.00672332
1.046e-007,0.00665309
1.047e-007,0.00655031
1.048e-007,0.00641499
1.049e-007,0.00631735
1.05e-007,0.00623341
1.051e-007,0.00620772
1.052e-007,0.00620601
1.053e-007,0.00621115
1.054e-007,0.00618888
1.055e-007,0.00615291
1.056e-007,0.00610323
1.057e-007,0.006033
1.058e-007,0.00597647
1.059e-007,0.0059542
1.06e-007,0.00589939
1.061e-007,0.00582573
1.062e-007,0.00571439
1.063e-007,0.0056099
1.064e-007,0.00550712
1.065e-007,0.00544888
1.066e-007,0.00541805
1.067e-007,0.00540435
1.068e-007,0.00539407
1.069e-007,0.00537694
1.07e-007,0.00533754
1.071e-007,0.00528273
1.072e-007,0.00520051
1.073e-007,0.00509944
1.074e-007,0.00499495
1.075e-007,0.00487847
1.076e-007,0.00477398
1.077e-007,0.0046832
1.078e-007,0.0045907
1.079e-007,0.00449477
1.08e-007,0.00438514
1.081e-007,0.00426181
1.082e-007,0.00413848
1.083e-007,0.00404598
1.084e-007,0.00396376
1.085e-007,0.00387811
1.086e-007,0.0037976
1.087e-007,0.00367941
1.088e-007,0.00355094
1.089e-007,0.0034396
1.09e-007,0.00334025
1.091e-007,0.00327173
1.092e-007,0.00320664
1.093e-007,0.00316039
1.094e-007,0.00308673
1.095e-007,0.00297025
1.096e-007,0.00284178
1.097e-007,0.00273558
1.098e-007,0.00266535
1.099e-007,0.00261567
1.1e-007,0.00255743
1.101e-007,0.00250947
1.102e-007,0.00241868
1.103e-007,0.00232447
1.104e-007,0.00222341
1.105e-007,0.00214975
1.106e-007,0.00211549
1.107e-007,0.00210007
1.108e-007,0.00206068
1.109e-007,0.00199044
1.11e-007,0.00187225
1.111e-007,0.00170952
1.112e-007,0.00154337
1.113e-007,0.0013892
1.114e-007,0.00130355
1.115e-007,0.00127443
1.116e-007,0.00127443
1.117e-007,0.00129841
1.118e-007,0.00132753
1.119e-007,0.0013104
1.12e-007,0.00125216
1.121e-007,0.00117508
1.122e-007,0.00107402
1.123e-007,0.000945547
1.124e-007,0.000787956
1.125e-007,0.000628652
1.126e-007,0.00048819
1.127e-007,0.000368284
1.128e-007,0.000274071
1.129e-007,0.000243238
1.13e-007,0.000224396
1.131e-007,0.000224396
1.132e-007,0.000217544
1.133e-007,0.000184998
1.134e-007,0.000125045
1.135e-007,4.45366e-005
1.136e-007,-6.5092e-005
1.137e-007,-0.000193563
1.138e-007,-0.000330599
1.139e-007,-0.000436801
1.14e-007,-0.000495042
1.141e-007,-0.000529301
1.142e-007,-0.000503606
1.143e-007,-0.000498468
1.144e-007,-0.000527588
1.145e-007,-0.000618374
1.146e-007,-0.000726289
1.147e-007,-0.000832492
1.148e-007,-0.000914714
1.149e-007,-0.000940408
1.15e-007,-0.000945547
1.151e-007,-0.000955824
1.152e-007,-0.00101406
1.153e-007,-0.00113226
1.154e-007,-0.00126415
1.155e-007,-0.00138064
1.156e-007,-0.00145429
1.157e-007,-0.0014954
1.158e-007,-0.00152281
1.159e-007,-0.00152966
1.16e-007,-0.00156392
1.161e-007,-0.00159475
1.162e-007,-0.00163758
1.163e-007,-0.00167869
1.164e-007,-0.00170438
1.165e-007,-0.0017198
1.166e-007,-0.00172665
1.167e-007,-0.00174549
1.168e-007,-0.00176605
1.169e-007,-0.00181401
1.17e-007,-0.00185341
1.171e-007,-0.00191336
1.172e-007,-0.00196818
1.173e-007,-0.00201785
1.174e-007,-0.00207952
1.175e-007,-0.00212063
1.176e-007,-0.00212063
1.177e-007,-0.00213433
1.178e-007,-0.00215489
1.179e-007,-0.00217544
1.18e-007,-0.0022097
1.181e-007,-0.00225938
1.182e-007,-0.00233989
1.183e-007,-0.00240498
1.184e-007,-0.00245294
1.185e-007,-0.00247007
1.186e-007,-0.00243752
1.187e-007,-0.00242896
1.188e-007,-0.00239984
1.189e-007,-0.00240155
1.19e-007,-0.00244438
1.191e-007,-0.00251974
1.192e-007,-0.00262595
1.193e-007,-0.00272359
1.194e-007,-0.00280067
1.195e-007,-0.00285034
1.196e-007,-0.00286405
1.197e-007,-0.00286919
1.198e-007,-0.0028572
1.199e-007,-0.0028709
1.2e-007,-0.00287261
1.201e-007,-0.00288118
1.202e-007,-0.00290516
1.203e-007,-0.00291201
1.204e-007,-0.00294113
1.205e-007,-0.00295997
1.206e-007,-0.00297025
1.207e-007,-0.00301821
1.208e-007,-0.00310557
1.209e-007,-0.00319807
1.21e-007,-0.00328715
1.211e-007,-0.0033471
1.212e-007,-0.00334367
1.213e-007,-0.00327344
1.214e-007,-0.00317409
1.215e-007,-0.0030833
1.216e-007,-0.00302849
1.217e-007,-0.00303705
1.218e-007,-0.00310043
1.219e-007,-0.00320835
1.22e-007,-0.00333682
1.221e-007,-0.00342418
1.222e-007,-0.00346358
1.223e-007,-0.00346872
1.224e-007,-0.00342075
1.225e-007,-0.00337793
1.226e-007,-0.00332312
1.227e-007,-0.00330599
1.228e-007,-0.00334025
1.229e-007,-0.00338821
1.23e-007,-0.00342761
1.231e-007,-0.00346015
1.232e-007,-0.00346358
1.233e-007,-0.00342932
1.234e-007,-0.00340191
1.235e-007,-0.00339677
1.236e-007,-0.00340191
1.237e-007,-0.00342589
1.238e-007,-0.00346015
1.239e-007,-0.00346872
1.24e-007,-0.00347386
1.241e-007,-0.00344645
1.242e-007,-0.00342418
1.243e-007,-0.00339163
1.244e-007,-0.00341048
1.245e-007,-0.00342075
1.246e-007,-0.003479
1.247e-007,-0.00351325
1.248e-007,-0.00353724
1.249e-007,-0.00353552
1.25e-007,-0.00348756
1.251e-007,-0.0033865
1.252e-007,-0.00328543
1.253e-007,-0.00319465
1.254e-007,-0.00319636
1.255e-007,-0.00323062
1.256e-007,-0.0033471
1.257e-007,-0.00349441
1.258e-007,-0.00361089
1.259e-007,-0.00366913
1.26e-007,-0.00364173
1.261e-007,-0.00358177
1.262e-007,-0.00349099
1.263e-007,-0.00342247
1.264e-007,-0.00340876
1.265e-007,-0.00342761
1.266e-007,-0.00344131
1.267e-007,-0.00339849
1.268e-007,-0.00329057
1.269e-007,-0.00315525
1.27e-007,-0.00301479
1.271e-007,-0.00290858
1.272e-007,-0.00280752
1.273e-007,-0.00278868
1.274e-007,-0.00280238
1.275e-007,-0.00282808
1.276e-007,-0.00285034
1.277e-007,-0.0029103
1.278e-007,-0.00295655
1.279e-007,-0.0030028
1.28e-007,-0.00301821
1.281e-007,-0.00302335
1.282e-007,-0.00301993
1.283e-007,-0.00303534
1.284e-007,-0.00304733
1.285e-007,-0.00305761
1.286e-007,-0.00307474
1.287e-007,-0.00306789
1.288e-007,-0.00303705
1.289e-007,-0.00298053
1.29e-007,-0.00295141
1.291e-007,-0.00294456
1.292e-007,-0.00294969
1.293e-007,-0.00292914
1.294e-007,-0.00290002
1.295e-007,-0.00282808
1.296e-007,-0.00273729
1.297e-007,-0.00265507
1.298e-007,-0.00263794
1.299e-007,-0.00267562
1.3e-007,-0.00277669
1.301e-007,-0.00286062
1.302e-007,-0.00293257
1.303e-007,-0.00291201
1.304e-007,-0.00282636
1.305e-007,-0.00272187
1.306e-007,-0.00267048
1.307e-007,-0.00269789
1.308e-007,-0.0027647
1.309e-007,-0.00287946
1.31e-007,-0.00300793
1.311e-007,-0.00304391
1.312e-007,-0.00305418
1.313e-007,-0.00300793
1.314e-007,-0.00296682
1.315e-007,-0.00295826
1.316e-007,-0.00298909
1.317e-007,-0.00303192
1.318e-007,-0.00308502
1.319e-007,-0.00310215
1.32e-007,-0.00307988
1.321e-007,-0.0030028
1.322e-007,-0.00291544
1.323e-007,-0.00286747
1.324e-007,-0.00286405
1.325e-007,-0.00289488
1.326e-007,-0.00294969
1.327e-007,-0.00303192
1.328e-007,-0.00306789
1.329e-007,-0.00310557
1.33e-007,-0.00311585
1.331e-007,-0.00312955
1.332e-007,-0.00315525
1.333e-007,-0.00318094
1.334e-007,-0.00320835
1.335e-007,-0.00319465
1.336e-007,-0.00320664
1.337e-007,-0.00319465
1.338e-007,-0.00315354
1.339e-007,-0.00315525
1.34e-007,-0.00314668
1.341e-007,-0.00314497
1.342e-007,-0.00315696
1.343e-007,-0.00317066
1.344e-007,-0.00321691
1.345e-007,-0.00326145
1.346e-007,-0.00331798
1.347e-007,-0.00338307
1.348e-007,-0.00343275
1.349e-007,-0.00345673
1.35e-007,-0.00342247
1.351e-007,-0.00340876
1.352e-007,-0.00341562
1.353e-007,-0.00342589
1.354e-007,-0.00348071
1.355e-007,-0.00354237
1.356e-007,-0.00361774
1.357e-007,-0.00366742
1.358e-007,-0.00368455
1.359e-007,-0.00371367
1.36e-007,-0.00375992
1.361e-007,-0.00380103
1.362e-007,-0.00386098
1.363e-007,-0.00393121
1.364e-007,-0.00399288
1.365e-007,-0.00405112
1.366e-007,-0.0040614
1.367e-007,-0.00404255
1.368e-007,-0.00401172
1.369e-007,-0.00396718
1.37e-007,-0.00394492
1.371e-007,-0.00391751
1.372e-007,-0.00393464
1.373e-007,-0.00397746
1.374e-007,-0.00405283
1.375e-007,-0.00412306
1.376e-007,-0.00418473
1.377e-007,-0.00426866
1.378e-007,-0.00430977
1.379e-007,-0.00434061
1.38e-007,-0.00433718
1.381e-007,-0.00430806
1.382e-007,-0.00425496
1.383e-007,-0.004207
1.384e-007,-0.00418302
1.385e-007,-0.00420528
1.386e-007,-0.00422584
1.387e-007,-0.00426181
1.388e-007,-0.00431491
1.389e-007,-0.00436288
1.39e-007,-0.00442454
1.391e-007,-0.0044725
1.392e-007,-0.00449649
1.393e-007,-0.00448621
1.394e-007,-0.00446737
1.395e-007,-0.00440913
1.396e-007,-0.00438686
1.397e-007,-0.00438172
1.398e-007,-0.00440399
1.399e-007,-0.0044451
1.4e-007,-0.00449306
1.401e-007,-0.00453417
1.402e-007,-0.00458898
1.403e-007,-0.0046438
1.404e-007,-0.00471403
1.405e-007,-0.00476542
1.406e-007,-0.0047757
1.407e-007,-0.00476713
1.408e-007,-0.00474658
1.409e-007,-0.00472431
1.41e-007,-0.00471403
1.411e-007,-0.00470547
1.412e-007,-0.00470204
1.413e-007,-0.00472602
1.414e-007,-0.00475514
1.415e-007,-0.00478255
1.416e-007,-0.00477398
1.417e-007,-0.00478255
1.418e-007,-0.00475685
1.419e-007,-0.00469347
1.42e-007,-0.00462496
1.421e-007,-0.00458898
1.422e-007,-0.00456843
1.423e-007,-0.00460098
1.424e-007,-0.00461125
1.425e-007,-0.00464894
1.426e-007,-0.0046438
1.427e-007,-0.00462667
1.428e-007,-0.00456158
1.429e-007,-0.00454274
1.43e-007,-0.00454787
1.431e-007,-0.00458385
1.432e-007,-0.00461639
1.433e-007,-0.00462838
1.434e-007,-0.00459926
1.435e-007,-0.00453588
1.436e-007,-0.00443996
1.437e-007,-0.00434403
1.438e-007,-0.00429436
1.439e-007,-0.00426695
1.44e-007,-0.00425496
1.441e-007,-0.00425667
1.442e-007,-0.00425325
1.443e-007,-0.00421214
1.444e-007,-0.00416589
1.445e-007,-0.00408538
1.446e-007,-0.00399973
1.447e-007,-0.00392436
1.448e-007,-0.0038627
1.449e-007,-0.00380959
1.45e-007,-0.0037839
1.451e-007,-0.00376848
1.452e-007,-0.0037445
1.453e-007,-0.00370853
1.454e-007,-0.00364344
1.455e-007,-0.00359205
1.456e-007,-0.00353895
1.457e-007,-0.00348927
1.458e-007,-0.00347557
1.459e-007,-0.00348071
1.46e-007,-0.00350126
1.461e-007,-0.00352011
1.462e-007,-0.00349955
1.463e-007,-0.00343103
1.464e-007,-0.00335052
1.465e-007,-0.00327173
1.466e-007,-0.0032015
1.467e-007,-0.00317066
1.468e-007,-0.00316895
1.469e-007,-0.0032015
1.47e-007,-0.00321006
1.471e-007,-0.00318608
1.472e-007,-0.00310386
1.473e-007,-0.00299766
1.474e-007,-0.00290002
1.475e-007,-0.00281951
1.476e-007,-0.00275784
1.477e-007,-0.00269789
1.478e-007,-0.00265849
1.479e-007,-0.00260025
1.48e-007,-0.00256428
1.481e-007,-0.00252831
1.482e-007,-0.00251632
1.483e-007,-0.00255229
1.484e-007,-0.00257456
1.485e-007,-0.0025797
1.486e-007,-0.00254886
1.487e-007,-0.00247863
1.488e-007,-0.00239641
1.489e-007,-0.00232789
1.49e-007,-0.00225253
1.491e-007,-0.00218915
1.492e-007,-0.00214461
1.493e-007,-0.00209493
1.494e-007,-0.00203669
1.495e-007,-0.00196818
1.496e-007,-0.00189109
1.497e-007,-0.00179517
1.498e-007,-0.0016804
1.499e-007,-0.00158961
1.5e-007,-0.00150054
1.501e-007,-0.00144915
1.502e-007,-0.00147485
1.503e-007,-0.00150225
1.504e-007,-0.0015485
1.505e-007,-0.00158276
1.506e-007,-0.00155193
1.507e-007,-0.00150911
1.508e-007,-0.00141489
1.509e-007,-0.00130355
1.51e-007,-0.00117337
1.511e-007,-0.00106374
1.512e-007,-0.00095925
1.513e-007,-0.000914714
1.514e-007,-0.000892445
1.515e-007,-0.00091814
1.516e-007,-0.000921565
1.517e-007,-0.000882168
1.518e-007,-0.000789669
1.519e-007,-0.000642355
1.52e-007,-0.000465922
1.521e-007,-0.000327173
1.522e-007,-0.000219257
1.523e-007,-0.000178146
1.524e-007,-0.000176434
1.525e-007,-0.000193563
1.526e-007,-0.00020898
1.527e-007,-0.000195276
1.528e-007,-0.000130184
1.529e-007,-3.2546e-005
1.53e-007,8.22214e-005
1.531e-007,0.000203841
1.532e-007,0.000292914
1.533e-007,0.000330599
1.534e-007,0.000373422
1.535e-007,0.000380274
1.536e-007,0.000438514
1.537e-007,0.000510458
1.538e-007,0.000618374
1.539e-007,0.000719438
1.54e-007,0.00078453
1.541e-007,0.000834205
1.542e-007,0.00087189
1.543e-007,0.000904436
1.544e-007,0.000948973
1.545e-007,0.00103462
1.546e-007,0.00112883
1.547e-007,0.00120078
1.548e-007,0.001283
1.549e-007,0.00131383
1.55e-007,0.00135665
1.551e-007,0.00141147
1.552e-007,0.00145772
1.553e-007,0.00151767
1.554e-007,0.00157762
1.555e-007,0.00161702
1.556e-007,0.00163758
1.557e-007,0.00165471
1.558e-007,0.00165128
1.559e-007,0.00169582
1.56e-007,0.00177633
1.561e-007,0.0018791
1.562e-007,0.00197845
1.563e-007,0.00210692
1.564e-007,0.00218743
1.565e-007,0.00223711
1.566e-007,0.00226109
1.567e-007,0.00226452
1.568e-007,0.00227651
1.569e-007,0.00231077
1.57e-007,0.00233646
1.571e-007,0.00237586
1.572e-007,0.0024084
1.573e-007,0.00243238
1.574e-007,0.00245123
1.575e-007,0.00250604
1.576e-007,0.00259683
1.577e-007,0.00274757
1.578e-007,0.00290858
1.579e-007,0.00301993
1.58e-007,0.00305932
1.581e-007,0.00301307
1.582e-007,0.00291201
1.583e-007,0.00280752
1.584e-007,0.00278868
1.585e-007,0.00283664
1.586e-007,0.00295655
1.587e-007,0.00309701
1.588e-007,0.00321178
1.589e-007,0.00325974
1.59e-007,0.00325289
1.591e-007,0.00323062
1.592e-007,0.0032015
1.593e-007,0.0031758
1.594e-007,0.00317066
1.595e-007,0.00317238
1.596e-007,0.00316895
1.597e-007,0.00314154
1.598e-007,0.00314154
1.599e-007,0.0031758
1.6e-007,0.00326145
1.601e-007,0.00337793
1.602e-007,0.0034927
1.603e-007,0.00360404
1.604e-007,0.00367256
1.605e-007,0.0036914
1.606e-007,0.00367256
1.607e-007,0.00364001
1.608e-007,0.00360918
1.609e-007,0.00359205
1.61e-007,0.00360918
1.611e-007,0.00364344
1.612e-007,0.00368455
1.613e-007,0.00373594
1.614e-007,0.00380617
1.615e-007,0.00382844
1.616e-007,0.00383015
1.617e-007,0.00381473
1.618e-007,0.00380103
1.619e-007,0.00377705
1.62e-007,0.0037445
1.621e-007,0.00372395
1.622e-007,0.00372223
1.623e-007,0.0037308
1.624e-007,0.00377191
1.625e-007,0.0038507
1.626e-007,0.00394492
1.627e-007,0.00404255
1.628e-007,0.00410251
1.629e-007,0.00413677
1.63e-007,0.00414362
1.631e-007,0.00413334
1.632e-007,0.00414019
1.633e-007,0.00414704
1.634e-007,0.00416417
1.635e-007,0.00416417
1.636e-007,0.00414362
1.637e-007,0.00413677
1.638e-007,0.00410422
1.639e-007,0.00412306
1.64e-007,0.00412649
1.641e-007,0.00416246
1.642e-007,0.00415903
1.643e-007,0.0040888
1.644e-007,0.00399973
1.645e-007,0.0038764
1.646e-007,0.00377533
1.647e-007,0.00376506
1.648e-007,0.00380445
1.649e-007,0.00388154
1.65e-007,0.00396718
1.651e-007,0.00402029
1.652e-007,0.00404255
1.653e-007,0.00402029
1.654e-007,0.004022
1.655e-007,0.00410079
1.656e-007,0.00420871
1.657e-007,0.00431491
1.658e-007,0.00437829
1.659e-007,0.00438857
1.66e-007,0.00436459
1.661e-007,0.00427894
1.662e-007,0.00417616
1.663e-007,0.00410593
1.664e-007,0.00405455
1.665e-007,0.00404255
1.666e-007,0.00405455
1.667e-007,0.00411279
1.668e-007,0.00417274
1.669e-007,0.00423783
1.67e-007,0.00426695
1.671e-007,0.00428922
1.672e-007,0.0042738
1.673e-007,0.00428237
1.674e-007,0.00429607
1.675e-007,0.00428065
1.676e-007,0.00423612
1.677e-007,0.00416589
1.678e-007,0.00409566
1.679e-007,0.00404084
1.68e-007,0.00401001
1.681e-007,0.00401515
1.682e-007,0.00402714
1.683e-007,0.0040357
1.684e-007,0.00400487
1.685e-007,0.0039689
1.686e-007,0.00395691
1.687e-007,0.00395862
1.688e-007,0.00398945
1.689e-007,0.004022
1.69e-007,0.00401343
1.691e-007,0.00396033
1.692e-007,0.00387811
1.693e-007,0.00378219
1.694e-007,0.00374279
1.695e-007,0.00374108
1.696e-007,0.00379075
1.697e-007,0.00386783
1.698e-007,0.00392607
1.699e-007,0.00395006
1.7e-007,0.00391066
1.701e-007,0.00381302
1.702e-007,0.00369997
1.703e-007,0.00358006
1.704e-007,0.00349784
1.705e-007,0.00340705
1.706e-007,0.00335395
1.707e-007,0.00334367
1.708e-007,0.00335395
1.709e-007,0.00336937
1.71e-007,0.00337793
1.711e-007,0.00336423
1.712e-007,0.00333853
1.713e-007,0.00329571
1.714e-007,0.00328543
1.715e-007,0.00329057
1.716e-007,0.00333168
1.717e-007,0.00333853
1.718e-007,0.00328201
1.719e-007,0.00316039
1.72e-007,0.00304219
1.721e-007,0.0029377
1.722e-007,0.00291201
1.723e-007,0.0029634
1.724e-007,0.00306446
1.725e-007,0.00314326
1.726e-007,0.00316039
1.727e-007,0.00307817
1.728e-007,0.00294456
1.729e-007,0.00280581
1.73e-007,0.00271159
1.731e-007,0.00266877
1.732e-007,0.00267734
1.733e-007,0.00268076
1.734e-007,0.00268933
1.735e-007,0.00264479
1.736e-007,0.0025797
1.737e-007,0.002554
1.738e-007,0.00254544
1.739e-007,0.00253859
1.74e-007,0.00256942
1.741e-007,0.00257456
1.742e-007,0.00253859
1.743e-007,0.0024872
1.744e-007,0.00241354
1.745e-007,0.00234502
1.746e-007,0.00230905
1.747e-007,0.00225253
1.748e-007,0.00222341
1.749e-007,0.00217544
1.75e-007,0.00212234
1.751e-007,0.00206239
1.752e-007,0.00203498
1.753e-007,0.00202984
1.754e-007,0.00204183
1.755e-007,0.00206239
1.756e-007,0.00206239
