LECROYWM8500,500500138,Waveform
Segments,1,SegmentSize,2002
Segment,TrigTime,TimeSinceSegment1
#1,21-Mar-2024 17:12:49,0                 
Time,Ampl
-2.45e-008,0.000203841
-2.44e-008,0.000184998
-2.43e-008,0.000173008
-2.42e-008,0.000210692
-2.41e-008,0.00026722
-2.4e-008,0.000335738
-2.39e-008,0.000366571
-2.38e-008,0.00035458
-2.37e-008,0.000291201
-2.36e-008,0.000179859
-2.35e-008,7.19438e-005
-2.34e-008,-3.42589e-006
-2.33e-008,-3.59719e-005
-2.32e-008,-1.37036e-005
-2.31e-008,6.16661e-005
-2.3e-008,0.000157591
-2.29e-008,0.000251803
-2.28e-008,0.000334025
-2.27e-008,0.000399117
-2.26e-008,0.000433376
-2.25e-008,0.000443653
-2.24e-008,0.000423098
-2.23e-008,0.000337451
-2.22e-008,0.000244951
-2.21e-008,0.000155878
-2.2e-008,0.000126758
-2.19e-008,0.000161017
-2.18e-008,0.000268933
-2.17e-008,0.000375135
-2.16e-008,0.000465922
-2.15e-008,0.000519023
-2.14e-008,0.000491616
-2.13e-008,0.000419672
-2.12e-008,0.00035458
-2.11e-008,0.00030833
-2.1e-008,0.000287775
-2.09e-008,0.000303192
-2.08e-008,0.000349441
-2.07e-008,0.000351154
-2.06e-008,0.000292914
-2.05e-008,0.000226109
-2.04e-008,0.000181572
-2.03e-008,0.000171295
-2.02e-008,0.000212405
-2.01e-008,0.000332312
-2e-008,0.000416246
-1.99e-008,0.000445366
-1.98e-008,0.000378561
-1.97e-008,0.000227822
-1.96e-008,9.7638e-005
-1.95e-008,6.85179e-006
-1.94e-008,3.59719e-005
-1.93e-008,0.000118193
-1.92e-008,0.000244951
-1.91e-008,0.000298053
-1.9e-008,0.000291201
-1.89e-008,0.000214118
-1.88e-008,0.000107916
-1.87e-008,2.05554e-005
-1.86e-008,2.91201e-005
-1.85e-008,5.82402e-005
-1.84e-008,0.000159304
-1.83e-008,0.000219257
-1.82e-008,0.000260368
-1.81e-008,0.000284349
-1.8e-008,0.000277497
-1.79e-008,0.000265507
-1.78e-008,0.000217544
-1.77e-008,0.000169582
-1.76e-008,0.000109629
-1.75e-008,7.02308e-005
-1.74e-008,4.62496e-005
-1.73e-008,5.82402e-005
-1.72e-008,0.000125045
-1.71e-008,0.000231248
-1.7e-008,0.000313469
-1.69e-008,0.000356293
-1.68e-008,0.000371709
-1.67e-008,0.000346015
-1.66e-008,0.000286062
-1.65e-008,0.0002381
-1.64e-008,0.000183285
-1.63e-008,0.000205554
-1.62e-008,0.000262081
-1.61e-008,0.000339163
-1.6e-008,0.000373422
-1.59e-008,0.000387126
-1.58e-008,0.000351154
-1.57e-008,0.000328886
-1.56e-008,0.00027921
-1.55e-008,0.000277497
-1.54e-008,0.000303192
-1.53e-008,0.000328886
-1.52e-008,0.000315182
-1.51e-008,0.00029634
-1.5e-008,0.000256942
-1.49e-008,0.000202128
-1.48e-008,0.000188424
-1.47e-008,0.000244951
-1.46e-008,0.000322034
-1.45e-008,0.000428237
-1.44e-008,0.000539578
-1.43e-008,0.000558421
-1.42e-008,0.00054643
-1.41e-008,0.000450505
-1.4e-008,0.000347728
-1.39e-008,0.000234674
-1.38e-008,0.000190137
-1.37e-008,0.000212405
-1.36e-008,0.000277497
-1.35e-008,0.000356293
-1.34e-008,0.000426524
-1.33e-008,0.00044194
-1.32e-008,0.000397404
-1.31e-008,0.000347728
-1.3e-008,0.000265507
-1.29e-008,0.000190137
-1.28e-008,0.000109629
-1.27e-008,6.68049e-005
-1.26e-008,3.2546e-005
-1.25e-008,2.56942e-005
-1.24e-008,6.5092e-005
-1.23e-008,0.000111342
-1.22e-008,0.000176434
-1.21e-008,0.000231248
-1.2e-008,0.000282636
-1.19e-008,0.00029634
-1.18e-008,0.00032546
-1.17e-008,0.000347728
-1.16e-008,0.000346015
-1.15e-008,0.000342589
-1.14e-008,0.000334025
-1.13e-008,0.000328886
-1.12e-008,0.000344302
-1.11e-008,0.000385413
-1.1e-008,0.000450505
-1.09e-008,0.000484764
-1.08e-008,0.000513884
-1.07e-008,0.000522449
-1.06e-008,0.000544717
-1.05e-008,0.000585828
-1.04e-008,0.000659485
-1.03e-008,0.000736567
-1.02e-008,0.00078453
-1.01e-008,0.000787956
-1e-008,0.000714299
-9.9e-009,0.0006218
-9.8e-009,0.000551569
-9.7e-009,0.000515597
-9.6e-009,0.000573837
-9.5e-009,0.000664623
-9.4e-009,0.000794807
-9.3e-009,0.000885594
-9.2e-009,0.000902723
-9.1e-009,0.000820502
-9e-009,0.000705734
-8.9e-009,0.000578976
-8.8e-009,0.000537865
-8.7e-009,0.000572124
-8.6e-009,0.000659485
-8.5e-009,0.000770826
-8.4e-009,0.000839344
-8.3e-009,0.000873603
-8.2e-009,0.000877029
-8.1e-009,0.000849622
-8e-009,0.000820502
-7.9e-009,0.000820502
-7.8e-009,0.000839344
-7.7e-009,0.000846196
-7.6e-009,0.000818789
-7.5e-009,0.000774252
-7.4e-009,0.000635503
-7.3e-009,0.000460783
-7.2e-009,0.000277497
-7.1e-009,0.000121619
-7e-009,1.71295e-006
-6.9e-009,3.59719e-005
-6.8e-009,0.000164443
-6.7e-009,0.000366571
-6.6e-009,0.000578976
-6.5e-009,0.000734854
-6.4e-009,0.000782817
-6.3e-009,0.000745132
-6.2e-009,0.00057555
-6.1e-009,0.000380274
-6e-009,0.000203841
-5.9e-009,8.39344e-005
-5.8e-009,4.79625e-005
-5.7e-009,7.87956e-005
-5.6e-009,0.000147313
-5.5e-009,0.00027921
-5.4e-009,0.000483051
-5.3e-009,0.000789669
-5.2e-009,0.00128985
-5.1e-009,0.00200929
-5e-009,0.00294969
-4.9e-009,0.00402714
-4.8e-009,0.00514398
-4.7e-009,0.00619402
-4.6e-009,0.00717896
-4.5e-009,0.00810566
-4.4e-009,0.00904265
-4.3e-009,0.0100173
-4.2e-009,0.0109954
-4.1e-009,0.011929
-4e-009,0.0126467
-3.9e-009,0.0130646
-3.8e-009,0.0131315
-3.7e-009,0.0128762
-3.6e-009,0.0123007
-3.5e-009,0.0114408
-3.4e-009,0.0102743
-3.3e-009,0.00888677
-3.2e-009,0.00738451
-3.1e-009,0.00591823
-3e-009,0.00460783
-2.9e-009,0.00358691
-2.8e-009,0.00295141
-2.7e-009,0.00267562
-2.6e-009,0.00268247
-2.5e-009,0.00291886
-2.4e-009,0.00331969
-2.3e-009,0.00382672
-2.2e-009,0.00442454
-2.1e-009,0.00502236
-2e-009,0.00556365
-1.9e-009,0.00611008
-1.8e-009,0.00665651
-1.7e-009,0.00718239
-1.6e-009,0.00769113
-1.5e-009,0.0081639
-1.4e-009,0.00855103
-1.3e-009,0.00887649
-1.2e-009,0.00912829
-1.1e-009,0.00932528
-1e-009,0.00950857
-9e-010,0.00960449
-8e-010,0.00962847
-7e-010,0.00947431
-6e-010,0.00914885
-5e-010,0.00858872
-4e-010,0.00777678
-3e-010,0.00674558
-2e-010,0.00558592
-1e-010,0.00437315
4.138488e-023,0.00327173
1e-010,0.00235359
2e-010,0.00178489
3e-010,0.00159133
4e-010,0.00175063
5e-010,0.00211892
6e-010,0.0026465
7e-010,0.00319978
8e-010,0.00377876
9e-010,0.0043526
1e-009,0.00496583
1.1e-009,0.00561675
1.2e-009,0.00626596
1.3e-009,0.00686549
1.4e-009,0.0073828
1.5e-009,0.00776821
1.6e-009,0.0080834
1.7e-009,0.00827182
1.8e-009,0.00839344
1.9e-009,0.00842941
2e-009,0.00834719
2.1e-009,0.00812622
2.2e-009,0.00773053
2.3e-009,0.00714641
2.4e-009,0.00640813
2.5e-009,0.00554823
2.6e-009,0.0046044
2.7e-009,0.00366057
2.8e-009,0.00276812
2.9e-009,0.00199387
3e-009,0.00134466
3.1e-009,0.000866751
3.2e-009,0.000541291
3.3e-009,0.000404255
3.4e-009,0.000489903
3.5e-009,0.000817076
3.6e-009,0.00133781
3.7e-009,0.00201785
3.8e-009,0.00276641
3.9e-009,0.00355436
4e-009,0.00430806
4.1e-009,0.00501551
4.2e-009,0.00566472
4.3e-009,0.00621286
4.4e-009,0.00665309
4.5e-009,0.00691688
4.6e-009,0.0070248
4.7e-009,0.00694257
4.8e-009,0.00675072
4.9e-009,0.00647151
5e-009,0.00608781
5.1e-009,0.00558592
5.2e-009,0.00494699
5.3e-009,0.00415732
5.4e-009,0.00328543
5.5e-009,0.00240498
5.6e-009,0.00156563
5.7e-009,0.00081365
5.8e-009,0.000178146
5.9e-009,-0.000299766
6e-009,-0.000659485
6.1e-009,-0.000811937
6.2e-009,-0.000734854
6.3e-009,-0.000349441
6.4e-009,0.000236387
6.5e-009,0.000993509
6.6e-009,0.00182429
6.7e-009,0.00265678
6.8e-009,0.00348585
6.9e-009,0.00427209
7e-009,0.00501208
7.1e-009,0.00568013
7.2e-009,0.00624369
7.3e-009,0.00661026
7.4e-009,0.0068004
7.5e-009,0.00681924
7.6e-009,0.00661883
7.7e-009,0.00627966
7.8e-009,0.0057949
7.9e-009,0.00520393
8e-009,0.00450848
8.1e-009,0.00369654
8.2e-009,0.00282979
8.3e-009,0.00195276
8.4e-009,0.00112712
8.5e-009,0.00040083
8.6e-009,-0.000214118
8.7e-009,-0.000644068
8.8e-009,-0.000894158
8.9e-009,-0.000984944
9e-009,-0.000894158
9.1e-009,-0.00066291
9.2e-009,-0.000322034
9.3e-009,0.000179859
9.4e-009,0.000815363
9.5e-009,0.00150397
9.6e-009,0.00223711
9.7e-009,0.00292914
9.8e-009,0.00357835
9.9e-009,0.00411792
1e-008,0.00454616
1.01e-008,0.00484421
1.02e-008,0.00499324
1.03e-008,0.00501551
1.04e-008,0.00490245
1.05e-008,0.00463866
1.06e-008,0.00424982
1.07e-008,0.00375992
1.08e-008,0.00316553
1.09e-008,0.00255229
1.1e-008,0.00188595
1.11e-008,0.00124017
1.12e-008,0.000623513
1.13e-008,3.0833e-005
1.14e-008,-0.000467634
1.15e-008,-0.000880455
1.16e-008,-0.00116652
1.17e-008,-0.00131383
1.18e-008,-0.00134466
1.19e-008,-0.00122304
1.2e-008,-0.00102777
1.21e-008,-0.000704021
1.22e-008,-0.000332312
1.23e-008,0.000137036
1.24e-008,0.000739993
1.25e-008,0.00141318
1.26e-008,0.00216003
1.27e-008,0.00292743
1.28e-008,0.00369483
1.29e-008,0.00435774
1.3e-008,0.0048425
1.31e-008,0.00513884
1.32e-008,0.00519365
1.33e-008,0.00507375
1.34e-008,0.00471746
1.35e-008,0.00423954
1.36e-008,0.00366228
1.37e-008,0.00298053
1.38e-008,0.00229192
1.39e-008,0.00158276
1.4e-008,0.000895871
1.41e-008,0.00026722
1.42e-008,-0.00030833
1.43e-008,-0.000803372
1.44e-008,-0.00113911
1.45e-008,-0.00134124
1.46e-008,-0.00139605
1.47e-008,-0.00122818
1.48e-008,-0.000942121
1.49e-008,-0.000512171
1.5e-008,-1.88424e-005
1.51e-008,0.000573837
1.52e-008,0.00126244
1.53e-008,0.00197331
1.54e-008,0.00265849
1.55e-008,0.00331284
1.56e-008,0.00386783
1.57e-008,0.00432348
1.58e-008,0.00465065
1.59e-008,0.00483051
1.6e-008,0.00488361
1.61e-008,0.00479968
1.62e-008,0.00455301
1.63e-008,0.00418302
1.64e-008,0.00370853
1.65e-008,0.00313983
1.66e-008,0.00250604
1.67e-008,0.0018123
1.68e-008,0.0011374
1.69e-008,0.000479625
1.7e-008,-8.73603e-005
1.71e-008,-0.000578976
1.72e-008,-0.000940408
1.73e-008,-0.00115967
1.74e-008,-0.00126073
1.75e-008,-0.00120763
1.76e-008,-0.00102434
1.77e-008,-0.000693743
1.78e-008,-0.000222683
1.79e-008,0.000347728
1.8e-008,0.000981519
1.81e-008,0.00165985
1.82e-008,0.0023159
1.83e-008,0.00294284
1.84e-008,0.00348756
1.85e-008,0.00396205
1.86e-008,0.00431663
1.87e-008,0.004565
1.88e-008,0.00469347
1.89e-008,0.00467121
1.9e-008,0.00449649
1.91e-008,0.00417616
1.92e-008,0.00371196
1.93e-008,0.00313641
1.94e-008,0.00252317
1.95e-008,0.00185341
1.96e-008,0.00121105
1.97e-008,0.000606383
1.98e-008,0.000121619
1.99e-008,-0.00025009
2e-008,-0.000536152
2.01e-008,-0.000695456
2.02e-008,-0.000789669
2.03e-008,-0.000794807
2.04e-008,-0.000693743
2.05e-008,-0.000465922
2.06e-008,-0.000128471
2.07e-008,0.000359719
2.08e-008,0.000909575
2.09e-008,0.00151253
2.1e-008,0.00209322
2.11e-008,0.00262766
2.12e-008,0.00307988
2.13e-008,0.00344474
2.14e-008,0.00371538
2.15e-008,0.00391237
2.16e-008,0.00401001
2.17e-008,0.00405112
2.18e-008,0.00400316
2.19e-008,0.00380103
2.2e-008,0.00347557
2.21e-008,0.00304391
2.22e-008,0.00252831
2.23e-008,0.0019579
2.24e-008,0.0014029
2.25e-008,0.000887306
2.26e-008,0.000467634
2.27e-008,0.000142175
2.28e-008,-0.000113054
2.29e-008,-0.000280923
2.3e-008,-0.000344302
2.31e-008,-0.000334025
2.32e-008,-0.000256942
2.33e-008,-8.22214e-005
2.34e-008,0.000186711
2.35e-008,0.000532726
2.36e-008,0.000928417
2.37e-008,0.00136179
2.38e-008,0.00181744
2.39e-008,0.00230563
2.4e-008,0.00285206
2.41e-008,0.00334196
2.42e-008,0.00376848
2.43e-008,0.00407681
2.44e-008,0.00425839
2.45e-008,0.00429436
2.46e-008,0.00420528
2.47e-008,0.00405112
2.48e-008,0.00381302
2.49e-008,0.00355779
2.5e-008,0.00325117
2.51e-008,0.00289659
2.52e-008,0.00249234
2.53e-008,0.00204012
2.54e-008,0.00155536
2.55e-008,0.00108087
2.56e-008,0.000671475
2.57e-008,0.000323747
2.58e-008,9.7638e-005
2.59e-008,0
2.6e-008,3.59719e-005
2.61e-008,0.000190137
2.62e-008,0.000455644
2.63e-008,0.000803372
2.64e-008,0.0012042
2.65e-008,0.00166498
2.66e-008,0.00210864
2.67e-008,0.00257113
2.68e-008,0.0030028
2.69e-008,0.00341048
2.7e-008,0.00376163
2.71e-008,0.00403228
2.72e-008,0.00421556
2.73e-008,0.00426695
2.74e-008,0.00421385
2.75e-008,0.00401172
2.76e-008,0.00367085
2.77e-008,0.00323918
2.78e-008,0.00278183
2.79e-008,0.00227993
2.8e-008,0.0017866
2.81e-008,0.00127615
2.82e-008,0.000798233
2.83e-008,0.000351154
2.84e-008,-2.39813e-005
2.85e-008,-0.00030833
2.86e-008,-0.000469347
2.87e-008,-0.000481338
2.88e-008,-0.000378561
2.89e-008,-0.00022097
2.9e-008,-1.19906e-005
2.91e-008,0.000236387
2.92e-008,0.000510458
2.93e-008,0.000799946
2.94e-008,0.00110999
2.95e-008,0.00143888
2.96e-008,0.0017866
2.97e-008,0.00214461
2.98e-008,0.00246322
2.99e-008,0.00271673
3e-008,0.00286576
3.01e-008,0.00288632
3.02e-008,0.00281608
3.03e-008,0.00264136
3.04e-008,0.0024341
3.05e-008,0.00218572
3.06e-008,0.0019048
3.07e-008,0.00156563
3.08e-008,0.00118193
3.09e-008,0.000757123
3.1e-008,0.000335738
3.11e-008,-6.68049e-005
3.12e-008,-0.000404255
3.13e-008,-0.000693743
3.14e-008,-0.000882168
3.15e-008,-0.00101406
3.16e-008,-0.00106031
3.17e-008,-0.00102606
3.18e-008,-0.00090101
3.19e-008,-0.000726289
3.2e-008,-0.000477912
3.21e-008,-0.000188424
3.22e-008,0.00011648
3.23e-008,0.000440227
3.24e-008,0.000757123
3.25e-008,0.00106888
3.26e-008,0.00132068
3.27e-008,0.0015211
3.28e-008,0.00163929
3.29e-008,0.00169068
3.3e-008,0.00163586
3.31e-008,0.00151596
3.32e-008,0.00132239
3.33e-008,0.0011117
3.34e-008,0.000935269
3.35e-008,0.000716012
3.36e-008,0.000491616
3.37e-008,0.000167869
3.38e-008,-0.000196989
3.39e-008,-0.000611522
3.4e-008,-0.00103462
3.41e-008,-0.00138406
3.42e-008,-0.00163415
3.43e-008,-0.00175748
3.44e-008,-0.0017335
3.45e-008,-0.00168211
3.46e-008,-0.00157591
3.47e-008,-0.001456
3.48e-008,-0.00130698
3.49e-008,-0.00114425
3.5e-008,-0.00091814
3.51e-008,-0.000625226
3.52e-008,-0.000275784
3.53e-008,0.000111342
3.54e-008,0.000464209
3.55e-008,0.000733141
3.56e-008,0.000870177
3.57e-008,0.000849622
3.58e-008,0.000712586
3.59e-008,0.000495042
3.6e-008,0.00026722
3.61e-008,5.31014e-005
3.62e-008,-0.00016273
3.63e-008,-0.000393978
3.64e-008,-0.00066291
3.65e-008,-0.000940408
3.66e-008,-0.00121791
3.67e-008,-0.00150397
3.68e-008,-0.00179174
3.69e-008,-0.00204183
3.7e-008,-0.00226965
3.71e-008,-0.00249062
3.72e-008,-0.00263794
3.73e-008,-0.00273386
3.74e-008,-0.00271159
3.75e-008,-0.00260539
3.76e-008,-0.00242382
3.77e-008,-0.0022097
3.78e-008,-0.00194248
3.79e-008,-0.00165471
3.8e-008,-0.00139605
3.81e-008,-0.00112883
3.82e-008,-0.000909575
3.83e-008,-0.000731428
3.84e-008,-0.000584115
3.85e-008,-0.00048819
3.86e-008,-0.000404255
3.87e-008,-0.000417959
3.88e-008,-0.000476199
3.89e-008,-0.000630364
3.9e-008,-0.00091814
3.91e-008,-0.00127957
3.92e-008,-0.00170096
3.93e-008,-0.00213604
3.94e-008,-0.00251632
3.95e-008,-0.00282636
3.96e-008,-0.00301821
3.97e-008,-0.00316553
3.98e-008,-0.00326659
3.99e-008,-0.00339163
4e-008,-0.00352696
4.01e-008,-0.00361432
4.02e-008,-0.00362802
4.03e-008,-0.00350298
4.04e-008,-0.00327002
4.05e-008,-0.00292914
4.06e-008,-0.00259683
4.07e-008,-0.0023022
4.08e-008,-0.00210179
4.09e-008,-0.00197331
4.1e-008,-0.00186369
4.11e-008,-0.00175577
4.12e-008,-0.00166156
4.13e-008,-0.0015348
4.14e-008,-0.00138064
4.15e-008,-0.00127957
4.16e-008,-0.00128642
4.17e-008,-0.00136351
4.18e-008,-0.00154337
4.19e-008,-0.00178146
4.2e-008,-0.00207095
4.21e-008,-0.00236729
4.22e-008,-0.00263109
4.23e-008,-0.00287432
4.24e-008,-0.00306617
4.25e-008,-0.00321349
4.26e-008,-0.00328715
4.27e-008,-0.00327344
4.28e-008,-0.00321178
4.29e-008,-0.00317409
4.3e-008,-0.00313127
4.31e-008,-0.00313983
4.32e-008,-0.00312613
4.33e-008,-0.00309872
4.34e-008,-0.00301136
4.35e-008,-0.00284863
4.36e-008,-0.00267562
4.37e-008,-0.00247178
4.38e-008,-0.00229877
4.39e-008,-0.00219771
4.4e-008,-0.00220114
4.41e-008,-0.00218915
4.42e-008,-0.00219942
4.43e-008,-0.00214975
4.44e-008,-0.00210692
4.45e-008,-0.00208123
4.46e-008,-0.00211206
4.47e-008,-0.00224053
4.48e-008,-0.0024341
4.49e-008,-0.00262766
4.5e-008,-0.00282636
4.51e-008,-0.00298738
4.52e-008,-0.00314154
4.53e-008,-0.00330256
4.54e-008,-0.00344131
4.55e-008,-0.00356636
4.56e-008,-0.00364173
4.57e-008,-0.00369311
4.58e-008,-0.00371881
4.59e-008,-0.00367427
4.6e-008,-0.0035989
4.61e-008,-0.0034533
4.62e-008,-0.00326659
4.63e-008,-0.00301136
4.64e-008,-0.00275613
4.65e-008,-0.00251118
4.66e-008,-0.00233989
4.67e-008,-0.00220628
4.68e-008,-0.00209322
4.69e-008,-0.00200243
4.7e-008,-0.00193563
4.71e-008,-0.00190822
4.72e-008,-0.00190651
4.73e-008,-0.00192364
4.74e-008,-0.00199901
4.75e-008,-0.00210521
4.76e-008,-0.00222341
4.77e-008,-0.00232618
4.78e-008,-0.0023947
4.79e-008,-0.00245808
4.8e-008,-0.00251974
4.81e-008,-0.00263623
4.82e-008,-0.00279724
4.83e-008,-0.00301136
4.84e-008,-0.0032015
4.85e-008,-0.00333339
4.86e-008,-0.00333339
4.87e-008,-0.00322377
4.88e-008,-0.00301479
4.89e-008,-0.00274243
4.9e-008,-0.00246493
4.91e-008,-0.00222169
4.92e-008,-0.00207267
4.93e-008,-0.00194248
4.94e-008,-0.00180545
4.95e-008,-0.00169924
4.96e-008,-0.0015879
4.97e-008,-0.00144915
4.98e-008,-0.00134295
4.99e-008,-0.00126415
5e-008,-0.00119221
5.01e-008,-0.00116652
5.02e-008,-0.00117166
5.03e-008,-0.00121105
5.04e-008,-0.00128985
5.05e-008,-0.00138577
5.06e-008,-0.00150397
5.07e-008,-0.00158105
5.08e-008,-0.00163244
5.09e-008,-0.00166498
5.1e-008,-0.00173179
5.11e-008,-0.00180887
5.12e-008,-0.00187739
5.13e-008,-0.00193563
5.14e-008,-0.00195961
5.15e-008,-0.00191336
5.16e-008,-0.00180202
5.17e-008,-0.0016273
5.18e-008,-0.00144573
5.19e-008,-0.00127615
5.2e-008,-0.00111342
5.21e-008,-0.000952398
5.22e-008,-0.000789669
5.23e-008,-0.000630364
5.24e-008,-0.000476199
5.25e-008,-0.000334025
5.26e-008,-0.000244951
5.27e-008,-0.000200415
5.28e-008,-0.000188424
5.29e-008,-0.000173008
5.3e-008,-0.000155878
5.31e-008,-0.000131897
5.32e-008,-9.93509e-005
5.33e-008,-6.68049e-005
5.34e-008,-8.73603e-005
5.35e-008,-0.000140462
5.36e-008,-0.000244951
5.37e-008,-0.000387126
5.38e-008,-0.000513884
5.39e-008,-0.000608096
5.4e-008,-0.000666336
5.41e-008,-0.000661197
5.42e-008,-0.000597818
5.43e-008,-0.000512171
5.44e-008,-0.000421385
5.45e-008,-0.000298053
5.46e-008,-0.000164443
5.47e-008,-2.22683e-005
5.48e-008,0.000140462
5.49e-008,0.000262081
5.5e-008,0.000375135
5.51e-008,0.000462496
5.52e-008,0.00051731
5.53e-008,0.000580689
5.54e-008,0.000671475
5.55e-008,0.00078453
5.56e-008,0.000911288
5.57e-008,0.000979806
5.58e-008,0.00100721
5.59e-008,0.000990083
5.6e-008,0.000942121
5.61e-008,0.000870177
5.62e-008,0.000751984
5.63e-008,0.000654346
5.64e-008,0.000558421
5.65e-008,0.00050018
5.66e-008,0.000440227
5.67e-008,0.000440227
5.68e-008,0.000469347
5.69e-008,0.000495042
5.7e-008,0.000539578
5.71e-008,0.000590967
5.72e-008,0.000671475
5.73e-008,0.000811937
5.74e-008,0.000979806
5.75e-008,0.00118193
5.76e-008,0.00141489
5.77e-008,0.00164957
5.78e-008,0.00183457
5.79e-008,0.00198359
5.8e-008,0.00204526
5.81e-008,0.00209836
5.82e-008,0.00213091
5.83e-008,0.00213604
5.84e-008,0.00218743
5.85e-008,0.00220628
5.86e-008,0.00222512
5.87e-008,0.00221313
5.88e-008,0.00219771
5.89e-008,0.00216003
5.9e-008,0.00210179
5.91e-008,0.00206068
5.92e-008,0.00203327
5.93e-008,0.00204183
5.94e-008,0.00207438
5.95e-008,0.00211549
5.96e-008,0.00212748
5.97e-008,0.00217887
5.98e-008,0.00218058
5.99e-008,0.00217544
6e-008,0.00221998
6.01e-008,0.00225081
6.02e-008,0.00230734
6.03e-008,0.00236215
6.04e-008,0.00242039
6.05e-008,0.00246493
6.06e-008,0.00253516
6.07e-008,0.00262252
6.08e-008,0.00274243
6.09e-008,0.0029103
6.1e-008,0.00308673
6.11e-008,0.00322719
6.12e-008,0.00332654
6.13e-008,0.00332654
6.14e-008,0.00327344
6.15e-008,0.00319465
6.16e-008,0.00313298
6.17e-008,0.00306789
6.18e-008,0.00304391
6.19e-008,0.00303534
6.2e-008,0.00300965
6.21e-008,0.00302335
6.22e-008,0.00300793
6.23e-008,0.0029771
6.24e-008,0.00295997
6.25e-008,0.00291886
6.26e-008,0.00289145
6.27e-008,0.00283664
6.28e-008,0.00280581
6.29e-008,0.00277155
6.3e-008,0.00276984
6.31e-008,0.0027921
6.32e-008,0.00286233
6.33e-008,0.00295141
6.34e-008,0.00307988
6.35e-008,0.00320835
6.36e-008,0.00330599
6.37e-008,0.0033608
6.38e-008,0.00337279
6.39e-008,0.00335052
6.4e-008,0.00330941
6.41e-008,0.0032546
6.42e-008,0.00326488
6.43e-008,0.00324261
6.44e-008,0.00322719
6.45e-008,0.00322205
6.46e-008,0.00319122
6.47e-008,0.00315182
6.48e-008,0.00311414
6.49e-008,0.00304048
6.5e-008,0.00293599
6.51e-008,0.00280409
6.52e-008,0.00265678
6.53e-008,0.00252146
6.54e-008,0.00242896
6.55e-008,0.00235016
6.56e-008,0.00233303
6.57e-008,0.00236215
6.58e-008,0.00242725
6.59e-008,0.00248891
6.6e-008,0.00249405
6.61e-008,0.00251974
6.62e-008,0.00247863
6.63e-008,0.00243924
6.64e-008,0.00245637
6.65e-008,0.00253516
6.66e-008,0.00267562
6.67e-008,0.00279724
6.68e-008,0.00285206
6.69e-008,0.00283664
6.7e-008,0.00274071
6.71e-008,0.00261396
6.72e-008,0.00249405
6.73e-008,0.00241697
6.74e-008,0.00239813
6.75e-008,0.00235016
6.76e-008,0.00227993
6.77e-008,0.0021703
6.78e-008,0.00207609
6.79e-008,0.00198531
6.8e-008,0.00196646
6.81e-008,0.00196818
6.82e-008,0.00198702
6.83e-008,0.00201443
6.84e-008,0.00203841
6.85e-008,0.00204868
6.86e-008,0.00204183
6.87e-008,0.00201614
6.88e-008,0.00195961
6.89e-008,0.00191165
6.9e-008,0.00184313
6.91e-008,0.00182086
6.92e-008,0.0018123
6.93e-008,0.00184484
6.94e-008,0.00192021
6.95e-008,0.0019322
6.96e-008,0.00190308
6.97e-008,0.00181401
6.98e-008,0.00170438
6.99e-008,0.00159647
7e-008,0.00149883
7.01e-008,0.00141147
7.02e-008,0.00138064
7.03e-008,0.0013104
7.04e-008,0.0012573
7.05e-008,0.00117508
7.06e-008,0.00104318
7.07e-008,0.000931843
7.08e-008,0.000765687
7.09e-008,0.000661197
7.1e-008,0.000609809
7.11e-008,0.000565272
7.12e-008,0.000565272
7.13e-008,0.000548143
7.14e-008,0.000498468
7.15e-008,0.000435089
7.16e-008,0.000399117
7.17e-008,0.00040083
7.18e-008,0.000462496
7.19e-008,0.000520736
7.2e-008,0.000570411
7.21e-008,0.000601244
7.22e-008,0.000572124
7.23e-008,0.000508745
7.24e-008,0.000447079
7.25e-008,0.000381987
7.26e-008,0.000310043
7.27e-008,0.000262081
7.28e-008,0.000207267
7.29e-008,0.000179859
7.3e-008,0.000155878
7.31e-008,0.000137036
7.32e-008,0.000102777
7.33e-008,6.85179e-005
7.34e-008,1.19906e-005
7.35e-008,-7.19438e-005
7.36e-008,-0.000174721
7.37e-008,-0.000291201
7.38e-008,-0.000423098
7.39e-008,-0.000524162
7.4e-008,-0.000565272
7.41e-008,-0.000529301
7.42e-008,-0.000407681
7.43e-008,-0.000263794
7.44e-008,-0.000111342
7.45e-008,-4.79625e-005
7.46e-008,-4.45366e-005
7.47e-008,-0.000131897
7.48e-008,-0.000232961
7.49e-008,-0.000316895
7.5e-008,-0.000381987
7.51e-008,-0.000369997
7.52e-008,-0.000334025
7.53e-008,-0.000316895
7.54e-008,-0.000315182
7.55e-008,-0.000363145
7.56e-008,-0.000428237
7.57e-008,-0.000452218
7.58e-008,-0.000452218
7.59e-008,-0.000404255
7.6e-008,-0.000334025
7.61e-008,-0.000268933
7.62e-008,-0.000198702
7.63e-008,-0.000154165
7.64e-008,-0.000150739
7.65e-008,-0.000181572
7.66e-008,-0.000214118
7.67e-008,-0.000256942
7.68e-008,-0.000301479
7.69e-008,-0.000310043
7.7e-008,-0.000334025
7.71e-008,-0.000340876
7.72e-008,-0.00035458
7.73e-008,-0.000351154
7.74e-008,-0.000339163
7.75e-008,-0.000299766
7.76e-008,-0.000210692
7.77e-008,-0.000101064
7.78e-008,6.85179e-006
7.79e-008,9.42121e-005
7.8e-008,0.000152452
7.81e-008,0.00019185
7.82e-008,0.00020898
7.83e-008,0.0002381
7.84e-008,0.000236387
7.85e-008,0.000246664
7.86e-008,0.000234674
7.87e-008,0.000186711
7.88e-008,0.000101064
7.89e-008,5.65272e-005
7.9e-008,1.19906e-005
7.91e-008,1.19906e-005
7.92e-008,5.65272e-005
7.93e-008,0.000147313
7.94e-008,0.000275784
7.95e-008,0.000376848
7.96e-008,0.000423098
7.97e-008,0.000440227
7.98e-008,0.000414533
7.99e-008,0.000390552
8e-008,0.000359719
8.01e-008,0.000344302
8.02e-008,0.000361432
8.03e-008,0.000378561
8.04e-008,0.000424811
8.05e-008,0.000469347
8.06e-008,0.000532726
8.07e-008,0.000578976
8.08e-008,0.000628652
8.09e-008,0.000656059
8.1e-008,0.000697169
8.11e-008,0.000760548
8.12e-008,0.000858186
8.13e-008,0.000957537
8.14e-008,0.00107402
8.15e-008,0.00118707
8.16e-008,0.00122304
8.17e-008,0.00123161
8.18e-008,0.00120249
8.19e-008,0.00115281
8.2e-008,0.00110142
8.21e-008,0.00107059
8.22e-008,0.00106203
8.23e-008,0.00109457
8.24e-008,0.00114254
8.25e-008,0.0012299
8.26e-008,0.00132411
8.27e-008,0.00142688
8.28e-008,0.00150397
8.29e-008,0.00155364
8.3e-008,0.00157934
8.31e-008,0.00161017
8.32e-008,0.00164614
8.33e-008,0.0017061
8.34e-008,0.00180716
8.35e-008,0.00189623
8.36e-008,0.00200929
8.37e-008,0.00213091
8.38e-008,0.00220628
8.39e-008,0.00228165
8.4e-008,0.00232789
8.41e-008,0.00234674
8.42e-008,0.00235016
8.43e-008,0.00234674
8.44e-008,0.00232618
8.45e-008,0.00236215
8.46e-008,0.00240155
8.47e-008,0.00245294
8.48e-008,0.00249919
8.49e-008,0.00250947
8.5e-008,0.00251974
8.51e-008,0.00255572
8.52e-008,0.0025797
8.53e-008,0.00264308
8.54e-008,0.00271331
8.55e-008,0.00278868
8.56e-008,0.00288974
8.57e-008,0.00300965
8.58e-008,0.00312784
8.59e-008,0.00326145
8.6e-008,0.00333511
8.61e-008,0.00339677
8.62e-008,0.00340363
8.63e-008,0.00343103
8.64e-008,0.00348242
8.65e-008,0.00356807
8.66e-008,0.00366228
8.67e-008,0.00373594
8.68e-008,0.00378047
8.69e-008,0.00377705
8.7e-008,0.00376334
8.71e-008,0.00378219
8.72e-008,0.00380959
8.73e-008,0.00387982
8.74e-008,0.0039689
8.75e-008,0.00404941
8.76e-008,0.00412135
8.77e-008,0.00421556
8.78e-008,0.00433547
8.79e-008,0.00446565
8.8e-008,0.00457357
8.81e-008,0.00467806
8.82e-008,0.00473972
8.83e-008,0.00476199
8.84e-008,0.00473972
8.85e-008,0.00468148
8.86e-008,0.00468148
8.87e-008,0.00472773
8.88e-008,0.00484935
8.89e-008,0.00497954
8.9e-008,0.00510801
8.91e-008,0.0052125
8.92e-008,0.00525703
8.93e-008,0.00525703
8.94e-008,0.0052656
8.95e-008,0.00530328
8.96e-008,0.00541805
8.97e-008,0.00553282
8.98e-008,0.00563388
8.99e-008,0.00568356
9e-008,0.00567499
9.01e-008,0.00561504
9.02e-008,0.00557907
9.03e-008,0.00557736
9.04e-008,0.00560134
9.05e-008,0.00566814
9.06e-008,0.00572638
9.07e-008,0.00576235
9.08e-008,0.00577092
9.09e-008,0.00576921
9.1e-008,0.00580175
9.11e-008,0.00588055
9.12e-008,0.00602786
9.13e-008,0.00619573
9.14e-008,0.00632077
9.15e-008,0.00637045
9.16e-008,0.00636017
9.17e-008,0.0063105
9.18e-008,0.00625911
9.19e-008,0.00625054
9.2e-008,0.00628994
9.21e-008,0.00635503
9.22e-008,0.0064304
9.23e-008,0.00648008
9.24e-008,0.00651262
9.25e-008,0.00648693
9.26e-008,0.00646295
9.27e-008,0.00644582
9.28e-008,0.00647323
9.29e-008,0.00654346
9.3e-008,0.00664623
9.31e-008,0.00676614
9.32e-008,0.00685864
9.33e-008,0.00685521
9.34e-008,0.00681068
9.35e-008,0.00673702
9.36e-008,0.00667878
9.37e-008,0.00665309
9.38e-008,0.00669934
9.39e-008,0.0068004
9.4e-008,0.00690831
9.41e-008,0.00698882
9.42e-008,0.0069991
9.43e-008,0.006946
9.44e-008,0.00688605
9.45e-008,0.00683466
9.46e-008,0.00684322
9.47e-008,0.00686035
9.48e-008,0.00693915
9.49e-008,0.00698711
9.5e-008,0.00701794
9.51e-008,0.00700424
9.52e-008,0.00696313
9.53e-008,0.00692202
9.54e-008,0.00692031
9.55e-008,0.00694086
9.56e-008,0.00697855
9.57e-008,0.00700595
9.58e-008,0.00699739
9.59e-008,0.00692544
9.6e-008,0.0068535
9.61e-008,0.00677299
9.62e-008,0.00671989
9.63e-008,0.00672332
9.64e-008,0.00676785
9.65e-008,0.00685864
9.66e-008,0.00691517
9.67e-008,0.00695114
9.68e-008,0.00697855
9.69e-008,0.00692544
9.7e-008,0.0068535
9.71e-008,0.00676785
9.72e-008,0.00669934
9.73e-008,0.00667193
9.74e-008,0.00667364
9.75e-008,0.00672674
9.76e-008,0.00682267
9.77e-008,0.00691003
9.78e-008,0.00696655
9.79e-008,0.00691174
9.8e-008,0.00679355
9.81e-008,0.00660684
9.82e-008,0.0064835
9.83e-008,0.006403
9.84e-008,0.00644068
9.85e-008,0.00653661
9.86e-008,0.00666165
9.87e-008,0.0067473
9.88e-008,0.00678327
9.89e-008,0.00673702
9.9e-008,0.00664281
9.91e-008,0.00654003
9.92e-008,0.00646466
9.93e-008,0.00643383
9.94e-008,0.00642698
9.95e-008,0.00644411
9.96e-008,0.00644411
9.97e-008,0.00644411
9.98e-008,0.00640813
9.99e-008,0.00634989
1e-007,0.00629851
1.001e-007,0.00626596
1.002e-007,0.00623684
1.003e-007,0.00624712
1.004e-007,0.00627624
1.005e-007,0.00631906
1.006e-007,0.00634133
1.007e-007,0.00639443
1.008e-007,0.00640642
1.009e-007,0.00638758
1.01e-007,0.00634304
1.011e-007,0.00626082
1.012e-007,0.00622314
1.013e-007,0.00620429
1.014e-007,0.00622656
1.015e-007,0.00625739
1.016e-007,0.00627281
1.017e-007,0.00624198
1.018e-007,0.00617517
1.019e-007,0.00612892
1.02e-007,0.00606383
1.021e-007,0.00607582
1.022e-007,0.00606897
1.023e-007,0.00606726
1.024e-007,0.006033
1.025e-007,0.00594906
1.026e-007,0.00590624
1.027e-007,0.00587883
1.028e-007,0.00587541
1.029e-007,0.00589425
1.03e-007,0.00589596
1.031e-007,0.00584971
1.032e-007,0.00581717
1.033e-007,0.00577092
1.034e-007,0.00573323
1.035e-007,0.00576064
1.036e-007,0.00577948
1.037e-007,0.00581374
1.038e-007,0.00578462
1.039e-007,0.00574865
1.04e-007,0.00567157
1.041e-007,0.00558763
1.042e-007,0.0054643
1.043e-007,0.00535125
1.044e-007,0.00528444
1.045e-007,0.00524504
1.046e-007,0.00519537
1.047e-007,0.00518852
1.048e-007,0.00517481
1.049e-007,0.00515254
1.05e-007,0.00508231
1.051e-007,0.0049881
1.052e-007,0.00489903
1.053e-007,0.00480995
1.054e-007,0.00473287
1.055e-007,0.00468148
1.056e-007,0.00465922
1.057e-007,0.00466435
1.058e-007,0.00469519
1.059e-007,0.00470889
1.06e-007,0.00471232
1.061e-007,0.00468491
1.062e-007,0.00464894
1.063e-007,0.00457699
1.064e-007,0.00446051
1.065e-007,0.0043132
1.066e-007,0.00418644
1.067e-007,0.00408367
1.068e-007,0.00402371
1.069e-007,0.00402885
1.07e-007,0.00404427
1.071e-007,0.00404769
1.072e-007,0.00403742
1.073e-007,0.00399459
1.074e-007,0.00390723
1.075e-007,0.00384899
1.076e-007,0.00378561
1.077e-007,0.00379075
1.078e-007,0.0037976
1.079e-007,0.00383529
1.08e-007,0.00385584
1.081e-007,0.00381131
1.082e-007,0.00366913
1.083e-007,0.00349441
1.084e-007,0.00328543
1.085e-007,0.00310386
1.086e-007,0.00301821
1.087e-007,0.00296854
1.088e-007,0.00296854
1.089e-007,0.00292914
1.09e-007,0.00281266
1.091e-007,0.00272016
1.092e-007,0.00261396
1.093e-007,0.00252831
1.094e-007,0.0025009
1.095e-007,0.00250433
1.096e-007,0.00250775
1.097e-007,0.00247692
1.098e-007,0.00239813
1.099e-007,0.00228165
1.1e-007,0.00219428
1.101e-007,0.00212234
1.102e-007,0.00206239
1.103e-007,0.00201271
1.104e-007,0.00195105
1.105e-007,0.00187568
1.106e-007,0.00178832
1.107e-007,0.00168725
1.108e-007,0.00158105
1.109e-007,0.00149712
1.11e-007,0.00141489
1.111e-007,0.00140119
1.112e-007,0.00138749
1.113e-007,0.00140633
1.114e-007,0.00141661
1.115e-007,0.00137378
1.116e-007,0.00131897
1.117e-007,0.0012299
1.118e-007,0.00114425
1.119e-007,0.00105689
1.12e-007,0.000983232
1.121e-007,0.000906149
1.122e-007,0.000801659
1.123e-007,0.000693743
1.124e-007,0.00059268
1.125e-007,0.000522449
1.126e-007,0.000452218
1.127e-007,0.000380274
1.128e-007,0.000299766
1.129e-007,0.000195276
1.13e-007,9.5925e-005
1.131e-007,1.37036e-005
1.132e-007,-1.71295e-006
1.133e-007,1.54165e-005
1.134e-007,7.36567e-005
1.135e-007,9.24991e-005
1.136e-007,9.42121e-005
1.137e-007,8.73603e-005
1.138e-007,5.13884e-005
1.139e-007,-1.54165e-005
1.14e-007,-6.5092e-005
1.141e-007,-0.000173008
1.142e-007,-0.000256942
1.143e-007,-0.000356293
1.144e-007,-0.000431663
1.145e-007,-0.000484764
1.146e-007,-0.000515597
1.147e-007,-0.000577263
1.148e-007,-0.000578976
1.149e-007,-0.000637216
1.15e-007,-0.000683466
1.151e-007,-0.000704021
1.152e-007,-0.000683466
1.153e-007,-0.000707447
1.154e-007,-0.000712586
1.155e-007,-0.000728002
1.156e-007,-0.000798233
1.157e-007,-0.000897584
1.158e-007,-0.000986657
1.159e-007,-0.00105346
1.16e-007,-0.00108601
1.161e-007,-0.00107744
1.162e-007,-0.00105004
1.163e-007,-0.00104661
1.164e-007,-0.0010843
1.165e-007,-0.00112712
1.166e-007,-0.00120249
1.167e-007,-0.00127443
1.168e-007,-0.00132239
1.169e-007,-0.00136522
1.17e-007,-0.00136693
1.171e-007,-0.0013755
1.172e-007,-0.00139776
1.173e-007,-0.00141832
1.174e-007,-0.00144401
1.175e-007,-0.00147999
1.176e-007,-0.00153651
1.177e-007,-0.00160332
1.178e-007,-0.00168383
1.179e-007,-0.00174207
1.18e-007,-0.00177975
1.181e-007,-0.00180202
1.182e-007,-0.00184998
1.183e-007,-0.00190994
1.184e-007,-0.00195961
1.185e-007,-0.00199901
1.186e-007,-0.00198702
1.187e-007,-0.00196132
1.188e-007,-0.00190822
1.189e-007,-0.00186883
1.19e-007,-0.00185512
1.191e-007,-0.0019185
1.192e-007,-0.002011
1.193e-007,-0.00211206
1.194e-007,-0.00216174
1.195e-007,-0.00216859
1.196e-007,-0.0021172
1.197e-007,-0.00204697
1.198e-007,-0.00198531
1.199e-007,-0.00195961
1.2e-007,-0.00200243
1.201e-007,-0.0020641
1.202e-007,-0.00212405
1.203e-007,-0.00219428
1.204e-007,-0.00223882
1.205e-007,-0.00229364
1.206e-007,-0.00233132
1.207e-007,-0.00234674
1.208e-007,-0.00236558
1.209e-007,-0.00236901
1.21e-007,-0.00238271
1.211e-007,-0.00238956
1.212e-007,-0.00239984
1.213e-007,-0.00240669
1.214e-007,-0.00244095
1.215e-007,-0.00249062
1.216e-007,-0.00251803
1.217e-007,-0.00253859
1.218e-007,-0.00252146
1.219e-007,-0.00246664
1.22e-007,-0.00238956
1.221e-007,-0.00232104
1.222e-007,-0.00230563
1.223e-007,-0.00233132
1.224e-007,-0.00238271
1.225e-007,-0.00246493
1.226e-007,-0.00249576
1.227e-007,-0.00255058
1.228e-007,-0.00256428
1.229e-007,-0.00256942
1.23e-007,-0.00256942
1.231e-007,-0.00257799
1.232e-007,-0.00258141
1.233e-007,-0.00260882
1.234e-007,-0.00266535
1.235e-007,-0.00274071
1.236e-007,-0.00284007
1.237e-007,-0.00290344
1.238e-007,-0.00292914
1.239e-007,-0.00289488
1.24e-007,-0.00282294
1.241e-007,-0.00273386
1.242e-007,-0.00266706
1.243e-007,-0.00265335
1.244e-007,-0.00269275
1.245e-007,-0.00277155
1.246e-007,-0.0028709
1.247e-007,-0.00291544
1.248e-007,-0.00294798
1.249e-007,-0.0028846
1.25e-007,-0.00275956
1.251e-007,-0.00263451
1.252e-007,-0.00252488
1.253e-007,-0.00246664
1.254e-007,-0.00244609
1.255e-007,-0.0025009
1.256e-007,-0.00256599
1.257e-007,-0.00258998
1.258e-007,-0.00258826
1.259e-007,-0.00250604
1.26e-007,-0.00243067
1.261e-007,-0.00237072
1.262e-007,-0.00237757
1.263e-007,-0.00237757
1.264e-007,-0.00242553
1.265e-007,-0.0024341
1.266e-007,-0.00242382
1.267e-007,-0.00240498
1.268e-007,-0.00235188
1.269e-007,-0.00235873
1.27e-007,-0.0024084
1.271e-007,-0.00249405
1.272e-007,-0.00257285
1.273e-007,-0.00263451
1.274e-007,-0.00262081
1.275e-007,-0.00255743
1.276e-007,-0.00242725
1.277e-007,-0.00228165
1.278e-007,-0.00216345
1.279e-007,-0.0020898
1.28e-007,-0.00209151
1.281e-007,-0.00213262
1.282e-007,-0.00218572
1.283e-007,-0.00221484
1.284e-007,-0.00221484
1.285e-007,-0.00218401
1.286e-007,-0.0021429
1.287e-007,-0.00214461
1.288e-007,-0.00217716
1.289e-007,-0.00221827
1.29e-007,-0.00227651
1.291e-007,-0.00227479
1.292e-007,-0.0022097
1.293e-007,-0.00208466
1.294e-007,-0.00193392
1.295e-007,-0.00182943
1.296e-007,-0.00180031
1.297e-007,-0.00182429
1.298e-007,-0.00187568
1.299e-007,-0.00192878
1.3e-007,-0.00195105
1.301e-007,-0.00192364
1.302e-007,-0.00189281
1.303e-007,-0.00190137
1.304e-007,-0.00190822
1.305e-007,-0.0019973
1.306e-007,-0.00207952
1.307e-007,-0.00217373
1.308e-007,-0.00223711
1.309e-007,-0.00231077
1.31e-007,-0.00231933
1.311e-007,-0.00229364
1.312e-007,-0.00223026
1.313e-007,-0.0021566
1.314e-007,-0.00208294
1.315e-007,-0.0020641
1.316e-007,-0.00210864
1.317e-007,-0.00215489
1.318e-007,-0.00223882
1.319e-007,-0.00226623
1.32e-007,-0.00228165
1.321e-007,-0.00226794
1.322e-007,-0.00227479
1.323e-007,-0.00230905
1.324e-007,-0.00238442
1.325e-007,-0.00242039
1.326e-007,-0.00245637
1.327e-007,-0.0024615
1.328e-007,-0.0024478
1.329e-007,-0.00244609
1.33e-007,-0.00245294
1.331e-007,-0.0024478
1.332e-007,-0.0024341
1.333e-007,-0.00243238
1.334e-007,-0.00239299
1.335e-007,-0.00235016
1.336e-007,-0.0023553
1.337e-007,-0.0024084
1.338e-007,-0.00247007
1.339e-007,-0.00254715
1.34e-007,-0.00263451
1.341e-007,-0.00270303
1.342e-007,-0.00270817
1.343e-007,-0.00267734
1.344e-007,-0.00260368
1.345e-007,-0.00254373
1.346e-007,-0.00250947
1.347e-007,-0.00251974
1.348e-007,-0.00258312
1.349e-007,-0.00267734
1.35e-007,-0.00274928
1.351e-007,-0.0027921
1.352e-007,-0.0027784
1.353e-007,-0.002739
1.354e-007,-0.00268933
1.355e-007,-0.00267391
1.356e-007,-0.00267048
1.357e-007,-0.00267905
1.358e-007,-0.00268933
1.359e-007,-0.00266706
1.36e-007,-0.0026722
1.361e-007,-0.00264822
1.362e-007,-0.00264993
1.363e-007,-0.00265335
1.364e-007,-0.00267562
1.365e-007,-0.00275956
1.366e-007,-0.00287775
1.367e-007,-0.00298909
1.368e-007,-0.0030833
1.369e-007,-0.00312442
1.37e-007,-0.00313983
1.371e-007,-0.00312442
1.372e-007,-0.00313469
1.373e-007,-0.0031758
1.374e-007,-0.00319122
1.375e-007,-0.00324603
1.376e-007,-0.00325631
1.377e-007,-0.00325802
1.378e-007,-0.00325289
1.379e-007,-0.00323404
1.38e-007,-0.00324775
1.381e-007,-0.00326316
1.382e-007,-0.00328201
1.383e-007,-0.00329228
1.384e-007,-0.00329228
1.385e-007,-0.00328543
1.386e-007,-0.00326659
1.387e-007,-0.00331627
1.388e-007,-0.00337451
1.389e-007,-0.00341733
1.39e-007,-0.00344474
1.391e-007,-0.00343788
1.392e-007,-0.00341048
1.393e-007,-0.00334881
1.394e-007,-0.00328715
1.395e-007,-0.00324946
1.396e-007,-0.00327687
1.397e-007,-0.00335224
1.398e-007,-0.00345501
1.399e-007,-0.00356293
1.4e-007,-0.00365372
1.401e-007,-0.00369654
1.402e-007,-0.00368455
1.403e-007,-0.00359376
1.404e-007,-0.00348756
1.405e-007,-0.00338821
1.406e-007,-0.00330256
1.407e-007,-0.00326316
1.408e-007,-0.0032683
1.409e-007,-0.00327515
1.41e-007,-0.00329914
1.411e-007,-0.00337279
1.412e-007,-0.00342418
1.413e-007,-0.00349099
1.414e-007,-0.00355436
1.415e-007,-0.00359034
1.416e-007,-0.00359376
1.417e-007,-0.00357321
1.418e-007,-0.00355779
1.419e-007,-0.00354751
1.42e-007,-0.00356293
1.421e-007,-0.00358177
1.422e-007,-0.00358006
1.423e-007,-0.00356293
1.424e-007,-0.00349441
1.425e-007,-0.00342761
1.426e-007,-0.00337108
1.427e-007,-0.00334539
1.428e-007,-0.00333339
1.429e-007,-0.00337108
1.43e-007,-0.00342761
1.431e-007,-0.00348242
1.432e-007,-0.00353381
1.433e-007,-0.00355094
1.434e-007,-0.0035458
1.435e-007,-0.00351154
1.436e-007,-0.00344645
1.437e-007,-0.00334881
1.438e-007,-0.00328543
1.439e-007,-0.0032546
1.44e-007,-0.00320321
1.441e-007,-0.00315182
1.442e-007,-0.00307817
1.443e-007,-0.00299937
1.444e-007,-0.00291544
1.445e-007,-0.00283835
1.446e-007,-0.00283321
1.447e-007,-0.00288632
1.448e-007,-0.00294627
1.449e-007,-0.00299937
1.45e-007,-0.00302849
1.451e-007,-0.00298909
1.452e-007,-0.0029377
1.453e-007,-0.0029103
1.454e-007,-0.00292229
1.455e-007,-0.00295141
1.456e-007,-0.00296854
1.457e-007,-0.00296511
1.458e-007,-0.00293599
1.459e-007,-0.00285206
1.46e-007,-0.00279039
1.461e-007,-0.00274243
1.462e-007,-0.00266535
1.463e-007,-0.00257285
1.464e-007,-0.00244095
1.465e-007,-0.0022885
1.466e-007,-0.00216859
1.467e-007,-0.00211035
1.468e-007,-0.00213433
1.469e-007,-0.00219257
1.47e-007,-0.00231762
1.471e-007,-0.00240155
1.472e-007,-0.00241183
1.473e-007,-0.00238442
1.474e-007,-0.00230391
1.475e-007,-0.0021703
1.476e-007,-0.00204526
1.477e-007,-0.00194591
1.478e-007,-0.00188938
1.479e-007,-0.00188595
1.48e-007,-0.00190137
1.481e-007,-0.00190994
1.482e-007,-0.00190822
1.483e-007,-0.0018654
1.484e-007,-0.00179859
1.485e-007,-0.00167012
1.486e-007,-0.00157591
1.487e-007,-0.00149883
1.488e-007,-0.00145943
1.489e-007,-0.00145772
1.49e-007,-0.00144744
1.491e-007,-0.001468
1.492e-007,-0.00147313
1.493e-007,-0.00144744
1.494e-007,-0.00141832
1.495e-007,-0.00139776
1.496e-007,-0.00136522
1.497e-007,-0.00135323
1.498e-007,-0.00131212
1.499e-007,-0.00121962
1.5e-007,-0.00110828
1.501e-007,-0.000981519
1.502e-007,-0.000931843
1.503e-007,-0.000921565
1.504e-007,-0.000942121
1.505e-007,-0.000955824
1.506e-007,-0.000931843
1.507e-007,-0.000856473
1.508e-007,-0.000736567
1.509e-007,-0.000599531
1.51e-007,-0.000486477
1.511e-007,-0.000445366
1.512e-007,-0.000426524
1.513e-007,-0.000438514
1.514e-007,-0.00044194
1.515e-007,-0.000419672
1.516e-007,-0.00041282
1.517e-007,-0.000363145
1.518e-007,-0.000315182
1.519e-007,-0.000258655
1.52e-007,-0.000188424
1.521e-007,-0.000106203
1.522e-007,-8.39344e-005
1.523e-007,-6.5092e-005
1.524e-007,-2.05554e-005
1.525e-007,2.91201e-005
1.526e-007,5.82402e-005
1.527e-007,0.000125045
1.528e-007,0.000205554
1.529e-007,0.000258655
1.53e-007,0.000277497
1.531e-007,0.000275784
1.532e-007,0.00027921
1.533e-007,0.000289488
1.534e-007,0.000315182
1.535e-007,0.000334025
1.536e-007,0.000375135
1.537e-007,0.000462496
1.538e-007,0.000536152
1.539e-007,0.000596106
1.54e-007,0.000623513
1.541e-007,0.000654346
1.542e-007,0.000683466
1.543e-007,0.000697169
1.544e-007,0.000698882
1.545e-007,0.000714299
1.546e-007,0.000734854
1.547e-007,0.000779391
1.548e-007,0.000863325
1.549e-007,0.00093013
1.55e-007,0.00100036
1.551e-007,0.00109286
1.552e-007,0.00115624
1.553e-007,0.00125559
1.554e-007,0.00132068
1.555e-007,0.00139605
1.556e-007,0.00144744
1.557e-007,0.0014817
1.558e-007,0.0014954
1.559e-007,0.0014954
1.56e-007,0.0015211
1.561e-007,0.00154337
1.562e-007,0.00161017
1.563e-007,0.00171295
1.564e-007,0.00177633
1.565e-007,0.00180545
1.566e-007,0.00180202
1.567e-007,0.00173693
1.568e-007,0.0016667
1.569e-007,0.00160161
1.57e-007,0.00162387
1.571e-007,0.00167697
1.572e-007,0.00181058
1.573e-007,0.00196818
1.574e-007,0.00212063
1.575e-007,0.00223026
1.576e-007,0.00227308
1.577e-007,0.00225766
1.578e-007,0.00218743
1.579e-007,0.00212234
1.58e-007,0.00210007
1.581e-007,0.00208294
1.582e-007,0.00211378
1.583e-007,0.00215317
1.584e-007,0.00217373
1.585e-007,0.00218915
1.586e-007,0.0022097
1.587e-007,0.00224396
1.588e-007,0.0023159
1.589e-007,0.00237586
1.59e-007,0.00242211
1.591e-007,0.00245808
1.592e-007,0.00248206
1.593e-007,0.0024872
1.594e-007,0.00245979
1.595e-007,0.00242039
1.596e-007,0.00236729
1.597e-007,0.00233475
1.598e-007,0.00229877
1.599e-007,0.00233989
1.6e-007,0.00239984
1.601e-007,0.00249748
1.602e-007,0.00258655
1.603e-007,0.00265849
1.604e-007,0.00264993
1.605e-007,0.00264136
1.606e-007,0.00262252
1.607e-007,0.00261738
1.608e-007,0.00262081
1.609e-007,0.00262252
1.61e-007,0.00263965
1.611e-007,0.00263623
1.612e-007,0.00263794
1.613e-007,0.00266021
1.614e-007,0.00262937
1.615e-007,0.00257799
1.616e-007,0.00251632
1.617e-007,0.00246664
1.618e-007,0.00243924
1.619e-007,0.0024615
1.62e-007,0.00255058
1.621e-007,0.00266535
1.622e-007,0.00279553
1.623e-007,0.00286576
1.624e-007,0.00289317
1.625e-007,0.00289488
1.626e-007,0.0028709
1.627e-007,0.00286919
1.628e-007,0.0028572
1.629e-007,0.00285377
1.63e-007,0.00282808
1.631e-007,0.00278183
1.632e-007,0.00275099
1.633e-007,0.00270988
1.634e-007,0.00267734
1.635e-007,0.00262252
1.636e-007,0.00256086
1.637e-007,0.00252831
1.638e-007,0.00249234
1.639e-007,0.00248035
1.64e-007,0.00247863
1.641e-007,0.00252146
1.642e-007,0.00256428
1.643e-007,0.00261224
1.644e-007,0.00266021
1.645e-007,0.00272701
1.646e-007,0.00278868
1.647e-007,0.00282636
1.648e-007,0.0028178
1.649e-007,0.00272701
1.65e-007,0.00258312
1.651e-007,0.00242382
1.652e-007,0.00227822
1.653e-007,0.00221141
1.654e-007,0.0022491
1.655e-007,0.00233646
1.656e-007,0.00247007
1.657e-007,0.00259854
1.658e-007,0.00266535
1.659e-007,0.0027253
1.66e-007,0.00274585
1.661e-007,0.00278183
1.662e-007,0.00278696
1.663e-007,0.00280581
1.664e-007,0.00280752
1.665e-007,0.00279724
1.666e-007,0.00276812
1.667e-007,0.00273386
1.668e-007,0.00269447
1.669e-007,0.0026328
1.67e-007,0.0025797
1.671e-007,0.00255229
1.672e-007,0.00251461
1.673e-007,0.00254373
1.674e-007,0.00259511
1.675e-007,0.00263623
1.676e-007,0.00262937
1.677e-007,0.00260025
1.678e-007,0.00251118
1.679e-007,0.00242039
1.68e-007,0.00234331
1.681e-007,0.00229877
1.682e-007,0.0023159
1.683e-007,0.00242382
1.684e-007,0.00251803
1.685e-007,0.0025934
1.686e-007,0.00258312
1.687e-007,0.00251289
1.688e-007,0.00239641
1.689e-007,0.00225766
1.69e-007,0.00216345
1.691e-007,0.00217716
1.692e-007,0.00228678
1.693e-007,0.0023947
1.694e-007,0.00247178
1.695e-007,0.00249234
1.696e-007,0.0024735
1.697e-007,0.00240155
1.698e-007,0.00231933
1.699e-007,0.00230563
1.7e-007,0.00227479
1.701e-007,0.00224053
1.702e-007,0.00218743
1.703e-007,0.00212748
1.704e-007,0.00203841
1.705e-007,0.00196475
1.706e-007,0.00193563
1.707e-007,0.00197331
1.708e-007,0.00202813
1.709e-007,0.00213433
1.71e-007,0.00224053
1.711e-007,0.00233132
1.712e-007,0.00237414
1.713e-007,0.0023553
1.714e-007,0.00227651
1.715e-007,0.00216859
1.716e-007,0.00203841
1.717e-007,0.00193563
1.718e-007,0.00189966
1.719e-007,0.00189623
1.72e-007,0.00192535
1.721e-007,0.00193049
1.722e-007,0.00190822
1.723e-007,0.00185341
1.724e-007,0.00180373
1.725e-007,0.00176947
1.726e-007,0.00178832
1.727e-007,0.00182258
1.728e-007,0.00188767
1.729e-007,0.00191165
1.73e-007,0.00186026
1.731e-007,0.00178318
1.732e-007,0.00169068
1.733e-007,0.00162901
1.734e-007,0.00156906
1.735e-007,0.00155707
1.736e-007,0.00156221
1.737e-007,0.0015348
1.738e-007,0.00147313
1.739e-007,0.00140804
1.74e-007,0.00135837
1.741e-007,0.00133781
1.742e-007,0.00134809
1.743e-007,0.00134638
1.744e-007,0.00133439
1.745e-007,0.00128985
1.746e-007,0.00124703
1.747e-007,0.00122304
1.748e-007,0.00123846
1.749e-007,0.00127615
1.75e-007,0.0012967
1.751e-007,0.00126073
1.752e-007,0.00121277
1.753e-007,0.00113397
1.754e-007,0.00108087
1.755e-007,0.00108258
1.756e-007,0.00113568
