LECROYWM8500,500500138,Waveform
Segments,1,SegmentSize,2002
Segment,TrigTime,TimeSinceSegment1
#1,21-Mar-2024 17:19:37,0                 
Time,Ampl
-2.45e-008,0.000131897
-2.44e-008,8.56473e-005
-2.43e-008,4.28237e-005
-2.42e-008,2.39813e-005
-2.41e-008,3.76848e-005
-2.4e-008,7.36567e-005
-2.39e-008,0.000126758
-2.38e-008,0.000178146
-2.37e-008,0.000219257
-2.36e-008,0.000277497
-2.35e-008,0.000270646
-2.34e-008,0.000306617
-2.33e-008,0.000328886
-2.32e-008,0.000332312
-2.31e-008,0.000358006
-2.3e-008,0.000351154
-2.29e-008,0.000294627
-2.28e-008,0.000244951
-2.27e-008,0.00019185
-2.26e-008,9.93509e-005
-2.25e-008,8.39344e-005
-2.24e-008,9.07862e-005
-2.23e-008,0.000140462
-2.22e-008,0.000207267
-2.21e-008,0.000292914
-2.2e-008,0.000340876
-2.19e-008,0.000378561
-2.18e-008,0.000375135
-2.17e-008,0.000358006
-2.16e-008,0.000337451
-2.15e-008,0.000274071
-2.14e-008,0.000215831
-2.13e-008,0.000164443
-2.12e-008,0.0001456
-2.11e-008,0.00011648
-2.1e-008,0.000142175
-2.09e-008,0.000161017
-2.08e-008,0.000200415
-2.07e-008,0.000212405
-2.06e-008,0.000239813
-2.05e-008,0.000251803
-2.04e-008,0.000277497
-2.03e-008,0.000318608
-2.02e-008,0.000322034
-2.01e-008,0.00030833
-2e-008,0.000280923
-1.99e-008,0.000241526
-1.98e-008,0.000195276
-1.97e-008,0.0001456
-1.96e-008,0.000138749
-1.95e-008,0.000140462
-1.94e-008,0.000157591
-1.93e-008,0.000195276
-1.92e-008,0.000234674
-1.91e-008,0.000258655
-1.9e-008,0.00026722
-1.89e-008,0.000263794
-1.88e-008,0.000226109
-1.87e-008,0.000222683
-1.86e-008,0.000188424
-1.85e-008,0.000167869
-1.84e-008,0.000137036
-1.83e-008,0.000121619
-1.82e-008,0.000106203
-1.81e-008,0.000113054
-1.8e-008,0.000154165
-1.79e-008,0.000214118
-1.78e-008,0.000275784
-1.77e-008,0.000304905
-1.76e-008,0.000277497
-1.75e-008,0.000239813
-1.74e-008,0.00016273
-1.73e-008,9.5925e-005
-1.72e-008,6.68049e-005
-1.71e-008,8.90732e-005
-1.7e-008,0.000142175
-1.69e-008,0.00019185
-1.68e-008,0.000256942
-1.67e-008,0.000306617
-1.66e-008,0.000286062
-1.65e-008,0.000291201
-1.64e-008,0.000274071
-1.63e-008,0.00027921
-1.62e-008,0.00029634
-1.61e-008,0.000328886
-1.6e-008,0.000349441
-1.59e-008,0.000378561
-1.58e-008,0.000411107
-1.57e-008,0.000438514
-1.56e-008,0.000438514
-1.55e-008,0.000436801
-1.54e-008,0.000363145
-1.53e-008,0.000272359
-1.52e-008,0.000155878
-1.51e-008,9.5925e-005
-1.5e-008,0.000107916
-1.49e-008,0.000178146
-1.48e-008,0.00029634
-1.47e-008,0.0003837
-1.46e-008,0.000447079
-1.45e-008,0.000423098
-1.44e-008,0.000373422
-1.43e-008,0.000311756
-1.42e-008,0.000243238
-1.41e-008,0.000219257
-1.4e-008,0.000210692
-1.39e-008,0.000234674
-1.38e-008,0.000280923
-1.37e-008,0.000286062
-1.36e-008,0.000272359
-1.35e-008,0.000241526
-1.34e-008,0.000232961
-1.33e-008,0.000232961
-1.32e-008,0.000258655
-1.31e-008,0.000320321
-1.3e-008,0.000387126
-1.29e-008,0.000440227
-1.28e-008,0.000438514
-1.27e-008,0.000371709
-1.26e-008,0.000262081
-1.25e-008,0.000166156
-1.24e-008,0.000111342
-1.23e-008,7.36567e-005
-1.22e-008,9.5925e-005
-1.21e-008,0.000137036
-1.2e-008,0.000203841
-1.19e-008,0.000234674
-1.18e-008,0.000258655
-1.17e-008,0.000311756
-1.16e-008,0.000368284
-1.15e-008,0.000452218
-1.14e-008,0.000539578
-1.13e-008,0.000594393
-1.12e-008,0.000630364
-1.11e-008,0.000618374
-1.1e-008,0.000570411
-1.09e-008,0.000498468
-1.08e-008,0.000438514
-1.07e-008,0.000392265
-1.06e-008,0.000352867
-1.05e-008,0.000373422
-1.04e-008,0.000426524
-1.03e-008,0.000539578
-1.02e-008,0.000685179
-1.01e-008,0.000861612
-1e-008,0.000972954
-9.9e-009,0.00103805
-9.8e-009,0.0010449
-9.7e-009,0.00103976
-9.6e-009,0.0010192
-9.5e-009,0.00101064
-9.4e-009,0.00100893
-9.3e-009,0.00100893
-9.2e-009,0.000967815
-9.1e-009,0.000919852
-9e-009,0.000859899
-8.9e-009,0.00084277
-8.8e-009,0.000856473
-8.7e-009,0.000885594
-8.6e-009,0.000880455
-8.5e-009,0.000883881
-8.4e-009,0.000877029
-8.3e-009,0.000811937
-8.2e-009,0.000758835
-8.1e-009,0.000733141
-8e-009,0.000751984
-7.9e-009,0.000770826
-7.8e-009,0.000820502
-7.7e-009,0.000889019
-7.6e-009,0.000919852
-7.5e-009,0.000892445
-7.4e-009,0.000763974
-7.3e-009,0.000536152
-7.2e-009,0.000286062
-7.1e-009,8.56473e-005
-7e-009,-1.02777e-005
-6.9e-009,5.82402e-005
-6.8e-009,0.000274071
-6.7e-009,0.00057555
-6.6e-009,0.000799946
-6.5e-009,0.000892445
-6.4e-009,0.000817076
-6.3e-009,0.000616661
-6.2e-009,0.000387126
-6.1e-009,0.000195276
-6e-009,7.02308e-005
-5.9e-009,6.85179e-006
-5.8e-009,2.22683e-005
-5.7e-009,3.42589e-006
-5.6e-009,-2.22683e-005
-5.5e-009,-0.000109629
-5.4e-009,-0.00016273
-5.3e-009,-0.000113054
-5.2e-009,0.000178146
-5.1e-009,0.000822214
-5e-009,0.00186197
-4.9e-009,0.0032152
-4.8e-009,0.00473459
-4.7e-009,0.00629165
-4.6e-009,0.00772368
-4.5e-009,0.00900154
-4.4e-009,0.0101612
-4.3e-009,0.0112575
-4.2e-009,0.0122955
-4.1e-009,0.0132736
-4e-009,0.0140736
-3.9e-009,0.0145892
-3.8e-009,0.0147776
-3.7e-009,0.0145823
-3.6e-009,0.0140393
-3.5e-009,0.0131332
-3.4e-009,0.0119187
-3.3e-009,0.0105243
-3.2e-009,0.00902209
-3.1e-009,0.00755581
-3e-009,0.00626253
-2.9e-009,0.00526217
-2.8e-009,0.00460611
-2.7e-009,0.00434575
-2.6e-009,0.00437315
-2.5e-009,0.00459584
-2.4e-009,0.00496926
-2.3e-009,0.00540949
-2.2e-009,0.00586856
-2.1e-009,0.0063379
-2e-009,0.00681924
-1.9e-009,0.0073828
-1.8e-009,0.00800631
-1.7e-009,0.00867779
-1.6e-009,0.00934241
-1.5e-009,0.00996421
-1.4e-009,0.0104678
-1.3e-009,0.0108549
-1.2e-009,0.011117
-1.1e-009,0.0112472
-1e-009,0.0113311
-9e-010,0.0113842
-8e-010,0.0113842
-7e-010,0.0112729
-6e-010,0.0109166
-5e-010,0.0102845
-4e-010,0.00936125
-3e-010,0.00816562
-2e-010,0.00685864
-1e-010,0.00556708
4.138488e-023,0.00443996
1e-010,0.00362117
2e-010,0.00315182
3e-010,0.00305247
4e-010,0.00325631
5e-010,0.00367941
6e-010,0.00422413
7e-010,0.0048031
8e-010,0.0053581
9e-010,0.00587712
1e-009,0.00638073
1.1e-009,0.00689632
1.2e-009,0.00745303
1.3e-009,0.00802173
1.4e-009,0.00858872
1.5e-009,0.00911116
1.6e-009,0.00955653
1.7e-009,0.00984773
1.8e-009,0.00999162
1.9e-009,0.00991625
2e-009,0.00970384
2.1e-009,0.00933385
2.2e-009,0.00886964
2.3e-009,0.00830437
2.4e-009,0.00762947
2.5e-009,0.00681753
2.6e-009,0.00590281
2.7e-009,0.00493329
2.8e-009,0.00399973
2.9e-009,0.00313127
3e-009,0.00243581
3.1e-009,0.00193906
3.2e-009,0.00168554
3.3e-009,0.00167869
3.4e-009,0.0019048
3.5e-009,0.00234331
3.6e-009,0.00292571
3.7e-009,0.00363145
3.8e-009,0.00438343
3.9e-009,0.00512685
4e-009,0.00584115
4.1e-009,0.00649892
4.2e-009,0.00710702
4.3e-009,0.0076209
4.4e-009,0.00801488
4.5e-009,0.00828724
4.6e-009,0.00841057
4.7e-009,0.00839515
4.8e-009,0.00820502
4.9e-009,0.00792238
5e-009,0.00744447
5.1e-009,0.00685179
5.2e-009,0.00609809
5.3e-009,0.00526217
5.4e-009,0.00437487
5.5e-009,0.0034927
5.6e-009,0.00266877
5.7e-009,0.00194077
5.8e-009,0.00130013
5.9e-009,0.000808511
6e-009,0.000481338
6.1e-009,0.000363145
6.2e-009,0.000462496
6.3e-009,0.00082564
6.4e-009,0.00138064
6.5e-009,0.00211549
6.6e-009,0.00296682
6.7e-009,0.00382844
6.8e-009,0.00471574
6.9e-009,0.00556536
7e-009,0.00630878
7.1e-009,0.00691688
7.2e-009,0.00738109
7.3e-009,0.00768942
7.4e-009,0.00786414
7.5e-009,0.00789669
7.6e-009,0.00781104
7.7e-009,0.00752498
7.8e-009,0.00705049
7.9e-009,0.00637559
8e-009,0.00551398
8.1e-009,0.00454959
8.2e-009,0.00360061
8.3e-009,0.00266877
8.4e-009,0.00187396
8.5e-009,0.00116823
8.6e-009,0.000620087
8.7e-009,0.000239813
8.8e-009,3.0833e-005
8.9e-009,3.2546e-005
9e-009,0.00020898
9.1e-009,0.000527588
9.2e-009,0.000972954
9.3e-009,0.00151425
9.4e-009,0.00215831
9.5e-009,0.00282808
9.6e-009,0.0035321
9.7e-009,0.00422241
9.8e-009,0.00487676
9.9e-009,0.00544888
1e-008,0.00587541
1.01e-008,0.00616661
1.02e-008,0.00629165
1.03e-008,0.00629679
1.04e-008,0.00613578
1.05e-008,0.00583772
1.06e-008,0.00541463
1.07e-008,0.00487847
1.08e-008,0.00424126
1.09e-008,0.00355094
1.1e-008,0.0028315
1.11e-008,0.00212063
1.12e-008,0.00144573
1.13e-008,0.00084277
1.14e-008,0.000347728
1.15e-008,-5.48143e-005
1.16e-008,-0.000346015
1.17e-008,-0.000548143
1.18e-008,-0.000611522
1.19e-008,-0.000512171
1.2e-008,-0.000260368
1.21e-008,0.000150739
1.22e-008,0.000673188
1.23e-008,0.00127957
1.24e-008,0.0019185
1.25e-008,0.00258312
1.26e-008,0.00327344
1.27e-008,0.00398603
1.28e-008,0.0046969
1.29e-008,0.00534782
1.3e-008,0.00588055
1.31e-008,0.00621628
1.32e-008,0.00628652
1.33e-008,0.00613064
1.34e-008,0.00573666
1.35e-008,0.00515768
1.36e-008,0.00447079
1.37e-008,0.00369483
1.38e-008,0.00291715
1.39e-008,0.00218572
1.4e-008,0.00149883
1.41e-008,0.000906149
1.42e-008,0.000419672
1.43e-008,-1.19906e-005
1.44e-008,-0.000337451
1.45e-008,-0.000554995
1.46e-008,-0.000645781
1.47e-008,-0.000544717
1.48e-008,-0.000260368
1.49e-008,0.000224396
1.5e-008,0.000851335
1.51e-008,0.0015742
1.52e-008,0.00233303
1.53e-008,0.00307645
1.54e-008,0.00378733
1.55e-008,0.00441598
1.56e-008,0.00498981
1.57e-008,0.00544203
1.58e-008,0.00579147
1.59e-008,0.00599531
1.6e-008,0.00605355
1.61e-008,0.00595763
1.62e-008,0.00567328
1.63e-008,0.00520907
1.64e-008,0.00461125
1.65e-008,0.00388154
1.66e-008,0.00313983
1.67e-008,0.00241526
1.68e-008,0.00174378
1.69e-008,0.00113054
1.7e-008,0.000551569
1.71e-008,9.07862e-005
1.72e-008,-0.000260368
1.73e-008,-0.000467634
1.74e-008,-0.000505319
1.75e-008,-0.000356293
1.76e-008,-3.2546e-005
1.77e-008,0.000424811
1.78e-008,0.000966102
1.79e-008,0.00153994
1.8e-008,0.00218743
1.81e-008,0.00284007
1.82e-008,0.00346187
1.83e-008,0.00404427
1.84e-008,0.00454445
1.85e-008,0.00497611
1.86e-008,0.00526046
1.87e-008,0.00540092
1.88e-008,0.00534953
1.89e-008,0.00515597
1.9e-008,0.00481681
1.91e-008,0.00437144
1.92e-008,0.00389353
1.93e-008,0.00342418
1.94e-008,0.00294798
1.95e-008,0.00246493
1.96e-008,0.0019579
1.97e-008,0.00142688
1.98e-008,0.000906149
1.99e-008,0.000423098
2e-008,5.65272e-005
2.01e-008,-0.000149026
2.02e-008,-0.000179859
2.03e-008,-7.53697e-005
2.04e-008,0.000154165
2.05e-008,0.000467634
2.06e-008,0.000839344
2.07e-008,0.00131897
2.08e-008,0.00188938
2.09e-008,0.00251803
2.1e-008,0.00316895
2.11e-008,0.00377362
2.12e-008,0.00426866
2.13e-008,0.0046438
2.14e-008,0.00486648
2.15e-008,0.00496241
2.16e-008,0.00498296
2.17e-008,0.00491273
2.18e-008,0.00472088
2.19e-008,0.00436459
2.2e-008,0.00393464
2.21e-008,0.00341048
2.22e-008,0.0028572
2.23e-008,0.00232789
2.24e-008,0.00184484
2.25e-008,0.00143202
2.26e-008,0.0010723
2.27e-008,0.000751984
2.28e-008,0.000498468
2.29e-008,0.000301479
2.3e-008,0.000176434
2.31e-008,0.00016273
2.32e-008,0.000263794
2.33e-008,0.00050018
2.34e-008,0.000822214
2.35e-008,0.00126587
2.36e-008,0.00177119
2.37e-008,0.00229706
2.38e-008,0.0028315
2.39e-008,0.00332826
2.4e-008,0.00381816
2.41e-008,0.00424126
2.42e-008,0.0046181
2.43e-008,0.00489218
2.44e-008,0.00508403
2.45e-008,0.00518338
2.46e-008,0.00514227
2.47e-008,0.0049487
2.48e-008,0.00466093
2.49e-008,0.00427723
2.5e-008,0.00383015
2.51e-008,0.00334196
2.52e-008,0.00284863
2.53e-008,0.00236729
2.54e-008,0.00192364
2.55e-008,0.00153309
2.56e-008,0.00121105
2.57e-008,0.000983232
2.58e-008,0.000865038
2.59e-008,0.000849622
2.6e-008,0.000923278
2.61e-008,0.00106545
2.62e-008,0.0012967
2.63e-008,0.00161702
2.64e-008,0.00200757
2.65e-008,0.00249576
2.66e-008,0.00305247
2.67e-008,0.0036383
2.68e-008,0.00416246
2.69e-008,0.00458385
2.7e-008,0.00487676
2.71e-008,0.00506347
2.72e-008,0.00515254
2.73e-008,0.00512
2.74e-008,0.00502579
2.75e-008,0.00480824
2.76e-008,0.00447936
2.77e-008,0.00404084
2.78e-008,0.00350126
2.79e-008,0.00292743
2.8e-008,0.002381
2.81e-008,0.00187225
2.82e-008,0.00140976
2.83e-008,0.00102263
2.84e-008,0.000676614
2.85e-008,0.000440227
2.86e-008,0.000292914
2.87e-008,0.000231248
2.88e-008,0.000292914
2.89e-008,0.000460783
2.9e-008,0.000717725
2.91e-008,0.00104832
2.92e-008,0.00141147
2.93e-008,0.00181058
2.94e-008,0.00217887
2.95e-008,0.00250947
2.96e-008,0.00281095
2.97e-008,0.00307131
2.98e-008,0.00325802
2.99e-008,0.00338307
3e-008,0.00344816
3.01e-008,0.00346015
3.02e-008,0.00343617
3.03e-008,0.0033214
3.04e-008,0.00320492
3.05e-008,0.00300793
3.06e-008,0.00269447
3.07e-008,0.00227993
3.08e-008,0.00177633
3.09e-008,0.00125216
3.1e-008,0.000793094
3.11e-008,0.00044194
3.12e-008,0.000214118
3.13e-008,5.82402e-005
3.14e-008,-3.76848e-005
3.15e-008,-0.000138749
3.16e-008,-0.000193563
3.17e-008,-0.000178146
3.18e-008,-4.96755e-005
3.19e-008,0.000171295
3.2e-008,0.000479625
3.21e-008,0.000779391
3.22e-008,0.00107059
3.23e-008,0.00131554
3.24e-008,0.00159304
3.25e-008,0.00187739
3.26e-008,0.00219086
3.27e-008,0.0024478
3.28e-008,0.00264822
3.29e-008,0.00270474
3.3e-008,0.00265164
3.31e-008,0.00248549
3.32e-008,0.00224567
3.33e-008,0.00194248
3.34e-008,0.00162901
3.35e-008,0.0012573
3.36e-008,0.000878742
3.37e-008,0.000467634
3.38e-008,7.87956e-005
3.39e-008,-0.00027921
3.4e-008,-0.00059268
3.41e-008,-0.000829066
3.42e-008,-0.0010055
3.43e-008,-0.00110656
3.44e-008,-0.00111342
3.45e-008,-0.00103633
3.46e-008,-0.000844483
3.47e-008,-0.000620087
3.48e-008,-0.000344302
3.49e-008,-7.36567e-005
3.5e-008,0.000171295
3.51e-008,0.000397404
3.52e-008,0.000611522
3.53e-008,0.000786243
3.54e-008,0.000950686
3.55e-008,0.00108087
3.56e-008,0.00117337
3.57e-008,0.00124703
3.58e-008,0.00127786
3.59e-008,0.001283
3.6e-008,0.00120249
3.61e-008,0.00105346
3.62e-008,0.000805085
3.63e-008,0.000443653
3.64e-008,2.91201e-005
3.65e-008,-0.000414533
3.66e-008,-0.00081365
3.67e-008,-0.00114767
3.68e-008,-0.00146286
3.69e-008,-0.00172151
3.7e-008,-0.00193563
3.71e-008,-0.00211892
3.72e-008,-0.00225424
3.73e-008,-0.00232961
3.74e-008,-0.00227651
3.75e-008,-0.00212919
3.76e-008,-0.00189109
3.77e-008,-0.0015879
3.78e-008,-0.00125388
3.79e-008,-0.000919852
3.8e-008,-0.000602957
3.81e-008,-0.000375135
3.82e-008,-0.00020898
3.83e-008,-6.68049e-005
3.84e-008,-1.71295e-006
3.85e-008,3.0833e-005
3.86e-008,1.88424e-005
3.87e-008,-2.05554e-005
3.88e-008,-8.73603e-005
3.89e-008,-0.000195276
3.9e-008,-0.00035458
3.91e-008,-0.00060467
3.92e-008,-0.000923278
3.93e-008,-0.0012967
3.94e-008,-0.00171637
3.95e-008,-0.0021172
3.96e-008,-0.00245808
3.97e-008,-0.00272872
3.98e-008,-0.00288803
3.99e-008,-0.00296682
4e-008,-0.0030028
4.01e-008,-0.00297025
4.02e-008,-0.00286919
4.03e-008,-0.00273558
4.04e-008,-0.0025403
4.05e-008,-0.0023022
4.06e-008,-0.00206753
4.07e-008,-0.00183457
4.08e-008,-0.00160161
4.09e-008,-0.00139948
4.1e-008,-0.0012299
4.11e-008,-0.00107744
4.12e-008,-0.000921565
4.13e-008,-0.000861612
4.14e-008,-0.000832492
4.15e-008,-0.00084277
4.16e-008,-0.000895871
4.17e-008,-0.00094726
4.18e-008,-0.00103291
4.19e-008,-0.00112369
4.2e-008,-0.00125902
4.21e-008,-0.00143202
4.22e-008,-0.00169582
4.23e-008,-0.00201271
4.24e-008,-0.00231419
4.25e-008,-0.00258998
4.26e-008,-0.0027784
4.27e-008,-0.00287261
4.28e-008,-0.00289145
4.29e-008,-0.00286919
4.3e-008,-0.00278354
4.31e-008,-0.00266021
4.32e-008,-0.00250947
4.33e-008,-0.00231248
4.34e-008,-0.0021035
4.35e-008,-0.00193563
4.36e-008,-0.00175748
4.37e-008,-0.00159647
4.38e-008,-0.00145087
4.39e-008,-0.0013104
4.4e-008,-0.0012042
4.41e-008,-0.00110828
4.42e-008,-0.00105175
4.43e-008,-0.0010449
4.44e-008,-0.00107573
4.45e-008,-0.00114596
4.46e-008,-0.00126587
4.47e-008,-0.00142346
4.48e-008,-0.00162216
4.49e-008,-0.00186369
4.5e-008,-0.00214118
4.51e-008,-0.00242382
4.52e-008,-0.00270474
4.53e-008,-0.00296169
4.54e-008,-0.00316895
4.55e-008,-0.0033214
4.56e-008,-0.0034002
4.57e-008,-0.00337793
4.58e-008,-0.00327002
4.59e-008,-0.003109
4.6e-008,-0.00293428
4.61e-008,-0.00274585
4.62e-008,-0.00258312
4.63e-008,-0.00243238
4.64e-008,-0.00225938
4.65e-008,-0.0020898
4.66e-008,-0.00188424
4.67e-008,-0.00167869
4.68e-008,-0.00151596
4.69e-008,-0.00138235
4.7e-008,-0.00133267
4.71e-008,-0.00129499
4.72e-008,-0.00129327
4.73e-008,-0.00131897
4.74e-008,-0.00134638
4.75e-008,-0.00142517
4.76e-008,-0.0015348
4.77e-008,-0.00169753
4.78e-008,-0.00188082
4.79e-008,-0.00208808
4.8e-008,-0.00225081
4.81e-008,-0.00237414
4.82e-008,-0.00243752
4.83e-008,-0.00244951
4.84e-008,-0.00245465
4.85e-008,-0.00244266
4.86e-008,-0.00242211
4.87e-008,-0.00238785
4.88e-008,-0.00229535
4.89e-008,-0.00214632
4.9e-008,-0.00193734
4.91e-008,-0.00170096
4.92e-008,-0.00145429
4.93e-008,-0.00124189
4.94e-008,-0.0010586
4.95e-008,-0.000897584
4.96e-008,-0.000743419
4.97e-008,-0.000623513
4.98e-008,-0.000503606
4.99e-008,-0.000457357
5e-008,-0.000460783
5.01e-008,-0.000510458
5.02e-008,-0.000589254
5.03e-008,-0.000671475
5.04e-008,-0.000729715
5.05e-008,-0.000760548
5.06e-008,-0.000789669
5.07e-008,-0.000856473
5.08e-008,-0.000984944
5.09e-008,-0.0011117
5.1e-008,-0.00121277
5.11e-008,-0.00126587
5.12e-008,-0.00126415
5.13e-008,-0.00122818
5.14e-008,-0.0011648
5.15e-008,-0.00110314
5.16e-008,-0.00104318
5.17e-008,-0.000964389
5.18e-008,-0.000878742
5.19e-008,-0.000724577
5.2e-008,-0.000541291
5.21e-008,-0.000322034
5.22e-008,-9.7638e-005
5.23e-008,0.000125045
5.24e-008,0.000311756
5.25e-008,0.000519023
5.26e-008,0.000681753
5.27e-008,0.000789669
5.28e-008,0.000830779
5.29e-008,0.000830779
5.3e-008,0.000743419
5.31e-008,0.00059268
5.32e-008,0.000423098
5.33e-008,0.000268933
5.34e-008,0.000125045
5.35e-008,-1.71295e-005
5.36e-008,-0.000106203
5.37e-008,-0.000169582
5.38e-008,-0.00020898
5.39e-008,-0.000234674
5.4e-008,-0.000258655
5.41e-008,-0.000246664
5.42e-008,-0.000181572
5.43e-008,-7.02308e-005
5.44e-008,8.90732e-005
5.45e-008,0.000243238
5.46e-008,0.000443653
5.47e-008,0.000614948
5.48e-008,0.000757123
5.49e-008,0.000868464
5.5e-008,0.00098837
5.51e-008,0.00111513
5.52e-008,0.00123332
5.53e-008,0.00133096
5.54e-008,0.00140633
5.55e-008,0.00144915
5.56e-008,0.001456
5.57e-008,0.00143888
5.58e-008,0.00141147
5.59e-008,0.00138577
5.6e-008,0.00134124
5.61e-008,0.00130527
5.62e-008,0.00122647
5.63e-008,0.00115281
5.64e-008,0.00109286
5.65e-008,0.00106203
5.66e-008,0.00104661
5.67e-008,0.00104318
5.68e-008,0.00105004
5.69e-008,0.00105518
5.7e-008,0.00106888
5.71e-008,0.00106888
5.72e-008,0.00110999
5.73e-008,0.00122647
5.74e-008,0.00137892
5.75e-008,0.00154679
5.76e-008,0.00172665
5.77e-008,0.00190137
5.78e-008,0.00205896
5.79e-008,0.00218229
5.8e-008,0.0023022
5.81e-008,0.00242896
5.82e-008,0.00256086
5.83e-008,0.00266021
5.84e-008,0.00273215
5.85e-008,0.00274585
5.86e-008,0.00275784
5.87e-008,0.00275613
5.88e-008,0.00275956
5.89e-008,0.00274928
5.9e-008,0.00274414
5.91e-008,0.00272872
5.92e-008,0.0026996
5.93e-008,0.00264479
5.94e-008,0.00258312
5.95e-008,0.00255058
5.96e-008,0.00253687
5.97e-008,0.00253859
5.98e-008,0.00257285
5.99e-008,0.00260711
6e-008,0.00270474
6.01e-008,0.00278868
6.02e-008,0.00288632
6.03e-008,0.00298395
6.04e-008,0.00309187
6.05e-008,0.00317409
6.06e-008,0.00328029
6.07e-008,0.00335052
6.08e-008,0.00342418
6.09e-008,0.00347557
6.1e-008,0.00351325
6.11e-008,0.0035064
6.12e-008,0.00350469
6.13e-008,0.00350983
6.14e-008,0.00348071
6.15e-008,0.00345673
6.16e-008,0.00341219
6.17e-008,0.00336594
6.18e-008,0.00333511
6.19e-008,0.00331284
6.2e-008,0.00330256
6.21e-008,0.00328715
6.22e-008,0.00330599
6.23e-008,0.0032683
6.24e-008,0.00323233
6.25e-008,0.00313983
6.26e-008,0.00308673
6.27e-008,0.00302335
6.28e-008,0.0030165
6.29e-008,0.00301993
6.3e-008,0.00309187
6.31e-008,0.00321006
6.32e-008,0.00334539
6.33e-008,0.00349099
6.34e-008,0.003652
6.35e-008,0.00377533
6.36e-008,0.00386955
6.37e-008,0.00390038
6.38e-008,0.00387469
6.39e-008,0.00382844
6.4e-008,0.00376677
6.41e-008,0.00369311
6.42e-008,0.00361089
6.43e-008,0.00355265
6.44e-008,0.00349955
6.45e-008,0.00344987
6.46e-008,0.00341904
6.47e-008,0.00338136
6.48e-008,0.00333339
6.49e-008,0.00327002
6.5e-008,0.00321006
6.51e-008,0.00313812
6.52e-008,0.00307817
6.53e-008,0.00301993
6.54e-008,0.00298909
6.55e-008,0.00298053
6.56e-008,0.00297368
6.57e-008,0.00297196
6.58e-008,0.00301136
6.59e-008,0.00306446
6.6e-008,0.00313812
6.61e-008,0.00320492
6.62e-008,0.00326659
6.63e-008,0.00330256
6.64e-008,0.00333511
6.65e-008,0.00333853
6.66e-008,0.00335052
6.67e-008,0.00330256
6.68e-008,0.00326316
6.69e-008,0.00320664
6.7e-008,0.00315354
6.71e-008,0.00311414
6.72e-008,0.0030833
6.73e-008,0.00303705
6.74e-008,0.00298395
6.75e-008,0.00290344
6.76e-008,0.00280923
6.77e-008,0.00272187
6.78e-008,0.00261738
6.79e-008,0.00251289
6.8e-008,0.00239984
6.81e-008,0.00227651
6.82e-008,0.00220285
6.83e-008,0.0021429
6.84e-008,0.00214118
6.85e-008,0.00219942
6.86e-008,0.00228678
6.87e-008,0.00244095
6.88e-008,0.00252488
6.89e-008,0.00260711
6.9e-008,0.00258998
6.91e-008,0.00251974
6.92e-008,0.00244095
6.93e-008,0.00239127
6.94e-008,0.0023947
6.95e-008,0.00241697
6.96e-008,0.00245979
6.97e-008,0.00248206
6.98e-008,0.00239984
6.99e-008,0.00228336
7e-008,0.00211892
7.01e-008,0.0019322
7.02e-008,0.00176776
7.03e-008,0.00162387
7.04e-008,0.00150568
7.05e-008,0.00140462
7.06e-008,0.00131383
7.07e-008,0.00123503
7.08e-008,0.00117166
7.09e-008,0.00110314
7.1e-008,0.00102606
7.11e-008,0.000991796
7.12e-008,0.000969528
7.13e-008,0.000991796
7.14e-008,0.00101406
7.15e-008,0.00108087
7.16e-008,0.00112712
7.17e-008,0.00113911
7.18e-008,0.00111855
7.19e-008,0.0010449
7.2e-008,0.000960963
7.21e-008,0.000894158
7.22e-008,0.000856473
7.23e-008,0.000883881
7.24e-008,0.000948973
7.25e-008,0.00100379
7.26e-008,0.00104147
7.27e-008,0.00101749
7.28e-008,0.000945547
7.29e-008,0.000885594
7.3e-008,0.000820502
7.31e-008,0.000774252
7.32e-008,0.000743419
7.33e-008,0.00068004
7.34e-008,0.000635503
7.35e-008,0.000548143
7.36e-008,0.000445366
7.37e-008,0.000366571
7.38e-008,0.000260368
7.39e-008,0.000186711
7.4e-008,0.000137036
7.41e-008,0.000102777
7.42e-008,8.90732e-005
7.43e-008,0.00011648
7.44e-008,0.000169582
7.45e-008,0.000207267
7.46e-008,0.000232961
7.47e-008,0.000253516
7.48e-008,0.000301479
7.49e-008,0.000318608
7.5e-008,0.000390552
7.51e-008,0.000423098
7.52e-008,0.000452218
7.53e-008,0.000501893
7.54e-008,0.000543004
7.55e-008,0.000560134
7.56e-008,0.000554995
7.57e-008,0.000491616
7.58e-008,0.000387126
7.59e-008,0.000270646
7.6e-008,0.000131897
7.61e-008,5.99531e-005
7.62e-008,5.82402e-005
7.63e-008,0.000102777
7.64e-008,0.000140462
7.65e-008,0.000169582
7.66e-008,0.000142175
7.67e-008,0.000114767
7.68e-008,8.90732e-005
7.69e-008,0.000102777
7.7e-008,0.000161017
7.71e-008,0.000227822
7.72e-008,0.00026722
7.73e-008,0.000292914
7.74e-008,0.000289488
7.75e-008,0.000294627
7.76e-008,0.000358006
7.77e-008,0.000493329
7.78e-008,0.000630364
7.79e-008,0.000745132
7.8e-008,0.0007674
7.81e-008,0.000710873
7.82e-008,0.000613235
7.83e-008,0.000522449
7.84e-008,0.000501893
7.85e-008,0.000539578
7.86e-008,0.000630364
7.87e-008,0.000671475
7.88e-008,0.000692031
7.89e-008,0.000669762
7.9e-008,0.000613235
7.91e-008,0.000566985
7.92e-008,0.000553282
7.93e-008,0.00060467
7.94e-008,0.000669762
7.95e-008,0.000733141
7.96e-008,0.00075541
7.97e-008,0.000782817
7.98e-008,0.000817076
7.99e-008,0.000818789
8e-008,0.000865038
8.01e-008,0.000906149
8.02e-008,0.000990083
8.03e-008,0.00107744
8.04e-008,0.00116309
8.05e-008,0.00125216
8.06e-008,0.00127957
8.07e-008,0.001283
8.08e-008,0.00127272
8.09e-008,0.00128642
8.1e-008,0.00131212
8.11e-008,0.00131726
8.12e-008,0.00132925
8.13e-008,0.00134809
8.14e-008,0.00135665
8.15e-008,0.00135494
8.16e-008,0.00140633
8.17e-008,0.00145087
8.18e-008,0.00151596
8.19e-008,0.00153823
8.2e-008,0.00152795
8.21e-008,0.00148684
8.22e-008,0.00145258
8.23e-008,0.0014286
8.24e-008,0.00145429
8.25e-008,0.00155022
8.26e-008,0.00165471
8.27e-008,0.00177975
8.28e-008,0.00189966
8.29e-008,0.00200072
8.3e-008,0.00212748
8.31e-008,0.0022491
8.32e-008,0.00234674
8.33e-008,0.0024341
8.34e-008,0.00249576
8.35e-008,0.00253345
8.36e-008,0.00255743
8.37e-008,0.00257285
8.38e-008,0.00260368
8.39e-008,0.00264993
8.4e-008,0.00267048
8.41e-008,0.00271331
8.42e-008,0.00279039
8.43e-008,0.00284863
8.44e-008,0.00291886
8.45e-008,0.0029771
8.46e-008,0.0030165
8.47e-008,0.00304048
8.48e-008,0.00305761
8.49e-008,0.00308502
8.5e-008,0.00312955
8.51e-008,0.00322548
8.52e-008,0.00330427
8.53e-008,0.00337279
8.54e-008,0.00339335
8.55e-008,0.00343103
8.56e-008,0.00343788
8.57e-008,0.00345501
8.58e-008,0.00348927
8.59e-008,0.00358862
8.6e-008,0.00368969
8.61e-008,0.00378561
8.62e-008,0.00388668
8.63e-008,0.00394663
8.64e-008,0.00397746
8.65e-008,0.00401172
8.66e-008,0.00404769
8.67e-008,0.00410765
8.68e-008,0.00422413
8.69e-008,0.0043526
8.7e-008,0.00446565
8.71e-008,0.00456672
8.72e-008,0.00465065
8.73e-008,0.00468662
8.74e-008,0.00469519
8.75e-008,0.00470204
8.76e-008,0.00474658
8.77e-008,0.0047894
8.78e-008,0.00483907
8.79e-008,0.00491102
8.8e-008,0.00497268
8.81e-008,0.00503092
8.82e-008,0.00505491
8.83e-008,0.00504805
8.84e-008,0.00504634
8.85e-008,0.00506861
8.86e-008,0.00512171
8.87e-008,0.00523819
8.88e-008,0.00536838
8.89e-008,0.0055174
8.9e-008,0.00564073
8.91e-008,0.00572124
8.92e-008,0.00580004
8.93e-008,0.00583087
8.94e-008,0.00590281
8.95e-008,0.00598504
8.96e-008,0.0060467
8.97e-008,0.00609124
8.98e-008,0.00609295
8.99e-008,0.00610152
9e-008,0.00614605
9.01e-008,0.00620429
9.02e-008,0.00628823
9.03e-008,0.00637901
9.04e-008,0.00647837
9.05e-008,0.00650749
9.06e-008,0.00651091
9.07e-008,0.00646466
9.08e-008,0.00639614
9.09e-008,0.00635332
9.1e-008,0.00633962
9.11e-008,0.00634818
9.12e-008,0.006403
9.13e-008,0.00646124
9.14e-008,0.00651434
9.15e-008,0.00655373
9.16e-008,0.00662397
9.17e-008,0.00670276
9.18e-008,0.00681239
9.19e-008,0.00691174
9.2e-008,0.00701109
9.21e-008,0.00706077
9.22e-008,0.00706248
9.23e-008,0.0070248
9.24e-008,0.00698026
9.25e-008,0.00694771
9.26e-008,0.00695456
9.27e-008,0.0070128
9.28e-008,0.0071053
9.29e-008,0.00719095
9.3e-008,0.00725433
9.31e-008,0.00729887
9.32e-008,0.00730743
9.33e-008,0.00727831
9.34e-008,0.00722692
9.35e-008,0.0071841
9.36e-008,0.00717553
9.37e-008,0.00721151
9.38e-008,0.00727831
9.39e-008,0.00733998
9.4e-008,0.00738965
9.41e-008,0.00741021
9.42e-008,0.00737766
9.43e-008,0.00729887
9.44e-008,0.00724234
9.45e-008,0.00720808
9.46e-008,0.00728002
9.47e-008,0.00739137
9.48e-008,0.00753183
9.49e-008,0.00763803
9.5e-008,0.00770484
9.51e-008,0.00769798
9.52e-008,0.00765002
9.53e-008,0.0076072
9.54e-008,0.00760206
9.55e-008,0.00762261
9.56e-008,0.00764659
9.57e-008,0.00764659
9.58e-008,0.00761919
9.59e-008,0.00757123
9.6e-008,0.00748044
9.61e-008,0.00741363
9.62e-008,0.00737252
9.63e-008,0.0073965
9.64e-008,0.00744618
9.65e-008,0.00748729
9.66e-008,0.00748215
9.67e-008,0.00744961
9.68e-008,0.00736396
9.69e-008,0.00728002
9.7e-008,0.00721836
9.71e-008,0.00720979
9.72e-008,0.00725947
9.73e-008,0.00735711
9.74e-008,0.00745303
9.75e-008,0.00752498
9.76e-008,0.00750785
9.77e-008,0.00749586
9.78e-008,0.00745646
9.79e-008,0.00741192
9.8e-008,0.0074359
9.81e-008,0.00745132
9.82e-008,0.00743248
9.83e-008,0.00736396
9.84e-008,0.00724919
9.85e-008,0.00712072
9.86e-008,0.00702822
9.87e-008,0.00700253
9.88e-008,0.00704021
9.89e-008,0.00713271
9.9e-008,0.00722864
9.91e-008,0.00728002
9.92e-008,0.00726118
9.93e-008,0.0071978
9.94e-008,0.0071447
9.95e-008,0.00711558
9.96e-008,0.00710359
9.97e-008,0.00709331
9.98e-008,0.00706933
9.99e-008,0.00700938
1e-007,0.00694429
1.001e-007,0.00688091
1.002e-007,0.00688776
1.003e-007,0.00692716
1.004e-007,0.00697512
1.005e-007,0.00700253
1.006e-007,0.00699396
1.007e-007,0.00694086
1.008e-007,0.00687577
1.009e-007,0.00682952
1.01e-007,0.00681582
1.011e-007,0.00682609
1.012e-007,0.00683808
1.013e-007,0.00683808
1.014e-007,0.00682438
1.015e-007,0.00680554
1.016e-007,0.00679526
1.017e-007,0.00680896
1.018e-007,0.00681239
1.019e-007,0.00682609
1.02e-007,0.00682781
1.021e-007,0.00680382
1.022e-007,0.00676614
1.023e-007,0.0067216
1.024e-007,0.00667707
1.025e-007,0.00663596
1.026e-007,0.006576
1.027e-007,0.00653318
1.028e-007,0.00646637
1.029e-007,0.0063773
1.03e-007,0.00627966
1.031e-007,0.00621115
1.032e-007,0.00615291
1.033e-007,0.00612379
1.034e-007,0.00609638
1.035e-007,0.00606041
1.036e-007,0.00603814
1.037e-007,0.0060193
1.038e-007,0.00602786
1.039e-007,0.00603471
1.04e-007,0.00609466
1.041e-007,0.0061392
1.042e-007,0.00618203
1.043e-007,0.00611693
1.044e-007,0.00602957
1.045e-007,0.00590795
1.046e-007,0.00579147
1.047e-007,0.00571268
1.048e-007,0.00571096
1.049e-007,0.00571782
1.05e-007,0.00569726
1.051e-007,0.00565444
1.052e-007,0.00551398
1.053e-007,0.00536152
1.054e-007,0.00523134
1.055e-007,0.00514227
1.056e-007,0.00516796
1.057e-007,0.00526902
1.058e-007,0.00539064
1.059e-007,0.00546601
1.06e-007,0.00545745
1.061e-007,0.00536666
1.062e-007,0.0052519
1.063e-007,0.00512
1.064e-007,0.00502921
1.065e-007,0.00497611
1.066e-007,0.00492472
1.067e-007,0.00489903
1.068e-007,0.00484079
1.069e-007,0.00479968
1.07e-007,0.00475343
1.071e-007,0.00466093
1.072e-007,0.00455644
1.073e-007,0.00440741
1.074e-007,0.00427723
1.075e-007,0.0041676
1.076e-007,0.0041145
1.077e-007,0.00410765
1.078e-007,0.00413505
1.079e-007,0.00410936
1.08e-007,0.00403913
1.081e-007,0.00390038
1.082e-007,0.00374279
1.083e-007,0.00362288
1.084e-007,0.00355608
1.085e-007,0.00354066
1.086e-007,0.00352011
1.087e-007,0.00349441
1.088e-007,0.00343446
1.089e-007,0.00334539
1.09e-007,0.00324261
1.091e-007,0.00318266
1.092e-007,0.00318437
1.093e-007,0.00319807
1.094e-007,0.00319978
1.095e-007,0.00314668
1.096e-007,0.00302678
1.097e-007,0.00289317
1.098e-007,0.00275271
1.099e-007,0.00260711
1.1e-007,0.00249919
1.101e-007,0.00242553
1.102e-007,0.0023416
1.103e-007,0.00226452
1.104e-007,0.00217887
1.105e-007,0.00209836
1.106e-007,0.00205896
1.107e-007,0.00203669
1.108e-007,0.00204526
1.109e-007,0.00204012
1.11e-007,0.00203669
1.111e-007,0.00198531
1.112e-007,0.00189795
1.113e-007,0.00180373
1.114e-007,0.00170096
1.115e-007,0.00163073
1.116e-007,0.00158448
1.117e-007,0.00156221
1.118e-007,0.00153651
1.119e-007,0.00152624
1.12e-007,0.00147999
1.121e-007,0.00137892
1.122e-007,0.00127443
1.123e-007,0.00114082
1.124e-007,0.0010586
1.125e-007,0.00100721
1.126e-007,0.00100036
1.127e-007,0.000986657
1.128e-007,0.000969528
1.129e-007,0.000936982
1.13e-007,0.000863325
1.131e-007,0.000775965
1.132e-007,0.000722864
1.133e-007,0.000705734
1.134e-007,0.000707447
1.135e-007,0.000710873
1.136e-007,0.000659485
1.137e-007,0.00057555
1.138e-007,0.000450505
1.139e-007,0.000320321
1.14e-007,0.000222683
1.141e-007,0.000142175
1.142e-007,9.7638e-005
1.143e-007,6.5092e-005
1.144e-007,2.91201e-005
1.145e-007,-2.05554e-005
1.146e-007,-4.79625e-005
1.147e-007,-6.68049e-005
1.148e-007,-7.02308e-005
1.149e-007,-0.000101064
1.15e-007,-0.00011648
1.151e-007,-0.000196989
1.152e-007,-0.000270646
1.153e-007,-0.000375135
1.154e-007,-0.000467634
1.155e-007,-0.000483051
1.156e-007,-0.000476199
1.157e-007,-0.000431663
1.158e-007,-0.000393978
1.159e-007,-0.000363145
1.16e-007,-0.000347728
1.161e-007,-0.000330599
1.162e-007,-0.000364858
1.163e-007,-0.000426524
1.164e-007,-0.000508745
1.165e-007,-0.000632077
1.166e-007,-0.000736567
1.167e-007,-0.000810224
1.168e-007,-0.000853048
1.169e-007,-0.000882168
1.17e-007,-0.000890732
1.171e-007,-0.000906149
1.172e-007,-0.000933556
1.173e-007,-0.000969528
1.174e-007,-0.00102263
1.175e-007,-0.0010192
1.176e-007,-0.000996935
1.177e-007,-0.00100893
1.178e-007,-0.00106545
1.179e-007,-0.00111855
1.18e-007,-0.00116652
1.181e-007,-0.00120078
1.182e-007,-0.00118536
1.183e-007,-0.00116823
1.184e-007,-0.00113054
1.185e-007,-0.00112712
1.186e-007,-0.00115281
1.187e-007,-0.00122647
1.188e-007,-0.00126929
1.189e-007,-0.00126758
1.19e-007,-0.00126929
1.191e-007,-0.00127615
1.192e-007,-0.001283
1.193e-007,-0.0013361
1.194e-007,-0.00143545
1.195e-007,-0.00155364
1.196e-007,-0.00165299
1.197e-007,-0.00171295
1.198e-007,-0.00173864
1.199e-007,-0.00172836
1.2e-007,-0.00170267
1.201e-007,-0.00168383
1.202e-007,-0.0016941
1.203e-007,-0.00173179
1.204e-007,-0.00178318
1.205e-007,-0.00184313
1.206e-007,-0.0018654
1.207e-007,-0.00186026
1.208e-007,-0.00184313
1.209e-007,-0.00181915
1.21e-007,-0.00181058
1.211e-007,-0.00185683
1.212e-007,-0.00190822
1.213e-007,-0.00196304
1.214e-007,-0.00201785
1.215e-007,-0.0020504
1.216e-007,-0.0020504
1.217e-007,-0.0020504
1.218e-007,-0.002011
1.219e-007,-0.00194933
1.22e-007,-0.00188424
1.221e-007,-0.00184142
1.222e-007,-0.00183628
1.223e-007,-0.00186197
1.224e-007,-0.00193049
1.225e-007,-0.00201956
1.226e-007,-0.00207609
1.227e-007,-0.00209151
1.228e-007,-0.00208294
1.229e-007,-0.00207267
1.23e-007,-0.00207267
1.231e-007,-0.00213947
1.232e-007,-0.00221484
1.233e-007,-0.00227479
1.234e-007,-0.00232104
1.235e-007,-0.00232447
1.236e-007,-0.00229192
1.237e-007,-0.00222683
1.238e-007,-0.00216859
1.239e-007,-0.00214804
1.24e-007,-0.00214975
1.241e-007,-0.00219257
1.242e-007,-0.00222854
1.243e-007,-0.00224225
1.244e-007,-0.00225938
1.245e-007,-0.00227137
1.246e-007,-0.00227993
1.247e-007,-0.00232276
1.248e-007,-0.00233475
1.249e-007,-0.00231419
1.25e-007,-0.00227479
1.251e-007,-0.00223197
1.252e-007,-0.00216688
1.253e-007,-0.00211378
1.254e-007,-0.00206068
1.255e-007,-0.00203498
1.256e-007,-0.00201443
1.257e-007,-0.00197674
1.258e-007,-0.00199044
1.259e-007,-0.00200586
1.26e-007,-0.0020247
1.261e-007,-0.00204526
1.262e-007,-0.00202813
1.263e-007,-0.00198531
1.264e-007,-0.00194077
1.265e-007,-0.00192021
1.266e-007,-0.00192878
1.267e-007,-0.0019322
1.268e-007,-0.00197331
1.269e-007,-0.00199558
1.27e-007,-0.00201443
1.271e-007,-0.00201271
1.272e-007,-0.00194762
1.273e-007,-0.0018654
1.274e-007,-0.0018123
1.275e-007,-0.00176605
1.276e-007,-0.00174207
1.277e-007,-0.00176776
1.278e-007,-0.00178832
1.279e-007,-0.00183628
1.28e-007,-0.00184484
1.281e-007,-0.00182258
1.282e-007,-0.00177633
1.283e-007,-0.00173008
1.284e-007,-0.00172151
1.285e-007,-0.00175063
1.286e-007,-0.00178146
1.287e-007,-0.00180031
1.288e-007,-0.00180373
1.289e-007,-0.00177633
1.29e-007,-0.00172151
1.291e-007,-0.00167526
1.292e-007,-0.00165128
1.293e-007,-0.00165299
1.294e-007,-0.00168383
1.295e-007,-0.00170781
1.296e-007,-0.0017061
1.297e-007,-0.00171637
1.298e-007,-0.00172322
1.299e-007,-0.00172836
1.3e-007,-0.00173522
1.301e-007,-0.00171466
1.302e-007,-0.00170952
1.303e-007,-0.00168725
1.304e-007,-0.00168725
1.305e-007,-0.00172151
1.306e-007,-0.00176605
1.307e-007,-0.00183285
1.308e-007,-0.0018517
1.309e-007,-0.00182771
1.31e-007,-0.00180716
1.311e-007,-0.00174378
1.312e-007,-0.00172151
1.313e-007,-0.0017198
1.314e-007,-0.00175234
1.315e-007,-0.00177633
1.316e-007,-0.00180545
1.317e-007,-0.00183799
1.318e-007,-0.00183285
1.319e-007,-0.00184484
1.32e-007,-0.00182771
1.321e-007,-0.00181401
1.322e-007,-0.00181915
1.323e-007,-0.00183114
1.324e-007,-0.00184484
1.325e-007,-0.00184998
1.326e-007,-0.00184827
1.327e-007,-0.00186197
1.328e-007,-0.00188253
1.329e-007,-0.00189966
1.33e-007,-0.00193906
1.331e-007,-0.0019579
1.332e-007,-0.00193906
1.333e-007,-0.00191507
1.334e-007,-0.00190308
1.335e-007,-0.00190822
1.336e-007,-0.00198188
1.337e-007,-0.00211206
1.338e-007,-0.00222169
1.339e-007,-0.00232447
1.34e-007,-0.00236729
1.341e-007,-0.00232961
1.342e-007,-0.00221998
1.343e-007,-0.0021172
1.344e-007,-0.00203669
1.345e-007,-0.00200586
1.346e-007,-0.00203498
1.347e-007,-0.00210692
1.348e-007,-0.00219428
1.349e-007,-0.00227993
1.35e-007,-0.00230049
1.351e-007,-0.00233303
1.352e-007,-0.00233132
1.353e-007,-0.0023416
1.354e-007,-0.00236729
1.355e-007,-0.00239299
1.356e-007,-0.00241868
1.357e-007,-0.00244438
1.358e-007,-0.00247178
1.359e-007,-0.00248035
1.36e-007,-0.00249576
1.361e-007,-0.00253002
1.362e-007,-0.002554
1.363e-007,-0.00258998
1.364e-007,-0.00261567
1.365e-007,-0.00261224
1.366e-007,-0.00262081
1.367e-007,-0.00258998
1.368e-007,-0.00255229
1.369e-007,-0.00254715
1.37e-007,-0.00252317
1.371e-007,-0.00251461
1.372e-007,-0.00251803
1.373e-007,-0.002554
1.374e-007,-0.00259683
1.375e-007,-0.00266706
1.376e-007,-0.00274071
1.377e-007,-0.00280752
1.378e-007,-0.00281095
1.379e-007,-0.00278525
1.38e-007,-0.00276298
1.381e-007,-0.00274414
1.382e-007,-0.00279896
1.383e-007,-0.00286062
1.384e-007,-0.00295312
1.385e-007,-0.00304562
1.386e-007,-0.00307817
1.387e-007,-0.00305076
1.388e-007,-0.00301993
1.389e-007,-0.00296854
1.39e-007,-0.00294798
1.391e-007,-0.00293942
1.392e-007,-0.00295655
1.393e-007,-0.00302506
1.394e-007,-0.00304391
1.395e-007,-0.00304905
1.396e-007,-0.00304219
1.397e-007,-0.00302335
1.398e-007,-0.00301136
1.399e-007,-0.00301993
1.4e-007,-0.00309701
1.401e-007,-0.0031621
1.402e-007,-0.00324946
1.403e-007,-0.00329571
1.404e-007,-0.00329057
1.405e-007,-0.00323576
1.406e-007,-0.0032015
1.407e-007,-0.00315867
1.408e-007,-0.00315696
1.409e-007,-0.00315867
1.41e-007,-0.00313127
1.411e-007,-0.00310386
1.412e-007,-0.00304391
1.413e-007,-0.00299423
1.414e-007,-0.00298738
1.415e-007,-0.00302164
1.416e-007,-0.00306446
1.417e-007,-0.00311242
1.418e-007,-0.00310729
1.419e-007,-0.00306104
1.42e-007,-0.00297539
1.421e-007,-0.00287946
1.422e-007,-0.00283835
1.423e-007,-0.00285377
1.424e-007,-0.00292571
1.425e-007,-0.00300965
1.426e-007,-0.0030559
1.427e-007,-0.00304219
1.428e-007,-0.00295997
1.429e-007,-0.00287946
1.43e-007,-0.00281437
1.431e-007,-0.00280409
1.432e-007,-0.00284692
1.433e-007,-0.00293085
1.434e-007,-0.00300622
1.435e-007,-0.00302849
1.436e-007,-0.00299252
1.437e-007,-0.00289831
1.438e-007,-0.00279724
1.439e-007,-0.00275442
1.44e-007,-0.00273215
1.441e-007,-0.00274071
1.442e-007,-0.00278525
1.443e-007,-0.00278354
1.444e-007,-0.00273386
1.445e-007,-0.00268247
1.446e-007,-0.00260368
1.447e-007,-0.00256086
1.448e-007,-0.00256599
1.449e-007,-0.0025797
1.45e-007,-0.00259854
1.451e-007,-0.00258826
1.452e-007,-0.0025009
1.453e-007,-0.0024341
1.454e-007,-0.00233132
1.455e-007,-0.00227308
1.456e-007,-0.00222341
1.457e-007,-0.00220285
1.458e-007,-0.00220114
1.459e-007,-0.00220799
1.46e-007,-0.00218743
1.461e-007,-0.00213433
1.462e-007,-0.0020641
1.463e-007,-0.00200586
1.464e-007,-0.00197503
1.465e-007,-0.00195276
1.466e-007,-0.00196989
1.467e-007,-0.00196132
1.468e-007,-0.00193563
1.469e-007,-0.00186026
1.47e-007,-0.00179346
1.471e-007,-0.00174035
1.472e-007,-0.00173179
1.473e-007,-0.00174549
1.474e-007,-0.00175234
1.475e-007,-0.00173179
1.476e-007,-0.00169582
1.477e-007,-0.0016136
1.478e-007,-0.00154337
1.479e-007,-0.0014817
1.48e-007,-0.00136693
1.481e-007,-0.00128985
1.482e-007,-0.00120763
1.483e-007,-0.00116138
1.484e-007,-0.00112712
1.485e-007,-0.00113054
1.486e-007,-0.00116138
1.487e-007,-0.00117679
1.488e-007,-0.00117166
1.489e-007,-0.00108258
1.49e-007,-0.000978093
1.491e-007,-0.000873603
1.492e-007,-0.000786243
1.493e-007,-0.000745132
1.494e-007,-0.000731428
1.495e-007,-0.00073828
1.496e-007,-0.000769113
1.497e-007,-0.000774252
1.498e-007,-0.0007674
1.499e-007,-0.000712586
1.5e-007,-0.000637216
1.501e-007,-0.000572124
1.502e-007,-0.000549856
1.503e-007,-0.000536152
1.504e-007,-0.000541291
1.505e-007,-0.000561847
1.506e-007,-0.000532726
1.507e-007,-0.000481338
1.508e-007,-0.000385413
1.509e-007,-0.000255229
1.51e-007,-0.000113054
1.511e-007,1.71295e-005
1.512e-007,0.000137036
1.513e-007,0.000231248
1.514e-007,0.00029634
1.515e-007,0.000298053
1.516e-007,0.000263794
1.517e-007,0.000243238
1.518e-007,0.000214118
1.519e-007,0.000231248
1.52e-007,0.000289488
1.521e-007,0.000366571
1.522e-007,0.000443653
1.523e-007,0.000491616
1.524e-007,0.000498468
1.525e-007,0.000507032
1.526e-007,0.000532726
1.527e-007,0.000573837
1.528e-007,0.000649207
1.529e-007,0.000721151
1.53e-007,0.000782817
1.531e-007,0.00082564
1.532e-007,0.000853048
1.533e-007,0.000859899
1.534e-007,0.000875316
1.535e-007,0.000878742
1.536e-007,0.000935269
1.537e-007,0.000993509
1.538e-007,0.00104832
1.539e-007,0.00113226
1.54e-007,0.00118365
1.541e-007,0.00123675
1.542e-007,0.00126929
1.543e-007,0.00130698
1.544e-007,0.00134809
1.545e-007,0.0014286
1.546e-007,0.00147485
1.547e-007,0.00148512
1.548e-007,0.0014954
1.549e-007,0.00146114
1.55e-007,0.00143374
1.551e-007,0.0014286
1.552e-007,0.0014817
1.553e-007,0.00157249
1.554e-007,0.00170096
1.555e-007,0.00185512
1.556e-007,0.00197845
1.557e-007,0.0020504
1.558e-007,0.00206239
1.559e-007,0.00201956
1.56e-007,0.00199216
1.561e-007,0.00199044
1.562e-007,0.00203498
1.563e-007,0.00208294
1.564e-007,0.00213776
1.565e-007,0.00219086
1.566e-007,0.00222512
1.567e-007,0.00221655
1.568e-007,0.00221998
1.569e-007,0.00224053
1.57e-007,0.00229021
1.571e-007,0.00236558
1.572e-007,0.00244609
1.573e-007,0.00253345
1.574e-007,0.00258998
1.575e-007,0.00259511
1.576e-007,0.00258312
1.577e-007,0.00251803
1.578e-007,0.00247178
1.579e-007,0.00244438
1.58e-007,0.00245979
1.581e-007,0.00250604
1.582e-007,0.00259511
1.583e-007,0.00268076
1.584e-007,0.00275271
1.585e-007,0.0027784
1.586e-007,0.00278525
1.587e-007,0.00281608
1.588e-007,0.00286919
1.589e-007,0.00290687
1.59e-007,0.00297196
1.591e-007,0.00298909
1.592e-007,0.00295312
1.593e-007,0.00289831
1.594e-007,0.00282808
1.595e-007,0.00283493
1.596e-007,0.00288118
1.597e-007,0.00298909
1.598e-007,0.0030833
1.599e-007,0.0031758
1.6e-007,0.00318266
1.601e-007,0.00314154
1.602e-007,0.00304391
1.603e-007,0.00293942
1.604e-007,0.00284692
1.605e-007,0.00280067
1.606e-007,0.0027921
1.607e-007,0.00280409
1.608e-007,0.00284349
1.609e-007,0.00290858
1.61e-007,0.0029771
1.611e-007,0.00305761
1.612e-007,0.00307474
1.613e-007,0.00307131
1.614e-007,0.00302506
1.615e-007,0.00297368
1.616e-007,0.00293085
1.617e-007,0.00291201
1.618e-007,0.00296511
1.619e-007,0.00303363
1.62e-007,0.00311242
1.621e-007,0.00316724
1.622e-007,0.00317923
1.623e-007,0.00313127
1.624e-007,0.00310043
1.625e-007,0.00305932
1.626e-007,0.0030559
1.627e-007,0.00311071
1.628e-007,0.00316895
1.629e-007,0.00322034
1.63e-007,0.00328543
1.631e-007,0.00327515
1.632e-007,0.00322548
1.633e-007,0.00312784
1.634e-007,0.00307303
1.635e-007,0.00302164
1.636e-007,0.00303192
1.637e-007,0.00301993
1.638e-007,0.0030559
1.639e-007,0.00308673
1.64e-007,0.00311928
1.641e-007,0.00315525
1.642e-007,0.00321691
1.643e-007,0.00329571
1.644e-007,0.00332483
1.645e-007,0.00332654
1.646e-007,0.00328715
1.647e-007,0.00326316
1.648e-007,0.00323404
1.649e-007,0.00324432
1.65e-007,0.00325802
1.651e-007,0.00328029
1.652e-007,0.00328029
1.653e-007,0.00325974
1.654e-007,0.00322377
1.655e-007,0.0031758
1.656e-007,0.00316724
1.657e-007,0.00316553
1.658e-007,0.00316553
1.659e-007,0.00319293
1.66e-007,0.00317238
1.661e-007,0.00311585
1.662e-007,0.00303192
1.663e-007,0.00296682
1.664e-007,0.0029377
1.665e-007,0.00292743
1.666e-007,0.00299252
1.667e-007,0.00307817
1.668e-007,0.0031621
1.669e-007,0.00319978
1.67e-007,0.00319978
1.671e-007,0.00319807
1.672e-007,0.00317923
1.673e-007,0.00313469
1.674e-007,0.00309016
1.675e-007,0.00303705
1.676e-007,0.00300793
1.677e-007,0.00300451
1.678e-007,0.00299766
1.679e-007,0.00303363
1.68e-007,0.00307817
1.681e-007,0.00308502
1.682e-007,0.00306275
1.683e-007,0.00302335
1.684e-007,0.00295826
1.685e-007,0.00292743
1.686e-007,0.00291715
1.687e-007,0.00291886
1.688e-007,0.00295655
1.689e-007,0.00297025
1.69e-007,0.00295312
1.691e-007,0.00286576
1.692e-007,0.00279724
1.693e-007,0.00272359
1.694e-007,0.00267391
1.695e-007,0.00266535
1.696e-007,0.00270988
1.697e-007,0.00279039
1.698e-007,0.00283835
1.699e-007,0.00285034
1.7e-007,0.0028178
1.701e-007,0.00275271
1.702e-007,0.00266877
1.703e-007,0.00258141
1.704e-007,0.0025266
1.705e-007,0.0024735
1.706e-007,0.00245294
1.707e-007,0.0024341
1.708e-007,0.00242896
1.709e-007,0.00242553
1.71e-007,0.00243238
1.711e-007,0.0023947
1.712e-007,0.00236387
1.713e-007,0.00234674
1.714e-007,0.00233132
1.715e-007,0.00232276
1.716e-007,0.0023416
1.717e-007,0.00231248
1.718e-007,0.00224396
1.719e-007,0.00215317
1.72e-007,0.0021035
1.721e-007,0.0020778
1.722e-007,0.00210692
1.723e-007,0.00215831
1.724e-007,0.00220114
1.725e-007,0.00222341
1.726e-007,0.00218915
1.727e-007,0.00213091
1.728e-007,0.00208294
1.729e-007,0.0020641
1.73e-007,0.00207438
1.731e-007,0.00207438
1.732e-007,0.00207609
1.733e-007,0.00204868
1.734e-007,0.00198188
1.735e-007,0.00189452
1.736e-007,0.00179346
1.737e-007,0.00171123
1.738e-007,0.00164614
1.739e-007,0.00162559
1.74e-007,0.00163244
1.741e-007,0.00164614
1.742e-007,0.00167869
1.743e-007,0.00170438
1.744e-007,0.0017335
1.745e-007,0.00173693
1.746e-007,0.00175748
1.747e-007,0.00171295
1.748e-007,0.00166498
1.749e-007,0.00161702
1.75e-007,0.00156221
1.751e-007,0.00149369
1.752e-007,0.00147999
1.753e-007,0.00145772
1.754e-007,0.00144915
1.755e-007,0.00144401
1.756e-007,0.00141147
