LECROYWM8500,500500138,Waveform
Segments,1,SegmentSize,2002
Segment,TrigTime,TimeSinceSegment1
#1,21-Mar-2024 17:24:23,0                 
Time,Ampl
-2.45e-008,0.000393978
-2.44e-008,0.000368284
-2.43e-008,0.00030833
-2.42e-008,0.00026722
-2.41e-008,0.000268933
-2.4e-008,0.000303192
-2.39e-008,0.000363145
-2.38e-008,0.000363145
-2.37e-008,0.000339163
-2.36e-008,0.000275784
-2.35e-008,0.000186711
-2.34e-008,0.000130184
-2.33e-008,8.90732e-005
-2.32e-008,8.22214e-005
-2.31e-008,0.000121619
-2.3e-008,0.000173008
-2.29e-008,0.000205554
-2.28e-008,0.00022097
-2.27e-008,0.000196989
-2.26e-008,0.000147313
-2.25e-008,9.7638e-005
-2.24e-008,4.11107e-005
-2.23e-008,-3.42589e-006
-2.22e-008,-1.54165e-005
-2.21e-008,-1.02777e-005
-2.2e-008,1.54165e-005
-2.19e-008,3.59719e-005
-2.18e-008,9.07862e-005
-2.17e-008,0.000130184
-2.16e-008,0.000149026
-2.15e-008,0.000198702
-2.14e-008,0.000227822
-2.13e-008,0.000243238
-2.12e-008,0.000275784
-2.11e-008,0.000291201
-2.1e-008,0.000284349
-2.09e-008,0.000268933
-2.08e-008,0.000270646
-2.07e-008,0.000298053
-2.06e-008,0.000337451
-2.05e-008,0.0003837
-2.04e-008,0.000433376
-2.03e-008,0.000407681
-2.02e-008,0.000359719
-2.01e-008,0.00030833
-2e-008,0.000287775
-1.99e-008,0.000322034
-1.98e-008,0.000337451
-1.97e-008,0.000337451
-1.96e-008,0.000320321
-1.95e-008,0.000265507
-1.94e-008,0.000198702
-1.93e-008,0.000188424
-1.92e-008,0.00020898
-1.91e-008,0.000258655
-1.9e-008,0.000318608
-1.89e-008,0.000334025
-1.88e-008,0.000323747
-1.87e-008,0.00027921
-1.86e-008,0.00025009
-1.85e-008,0.000229535
-1.84e-008,0.000212405
-1.83e-008,0.000205554
-1.82e-008,0.000167869
-1.81e-008,0.000114767
-1.8e-008,7.02308e-005
-1.79e-008,2.56942e-005
-1.78e-008,1.71295e-005
-1.77e-008,5.13884e-006
-1.76e-008,2.91201e-005
-1.75e-008,5.13884e-005
-1.74e-008,0.000107916
-1.73e-008,0.000166156
-1.72e-008,0.00025009
-1.71e-008,0.000327173
-1.7e-008,0.000337451
-1.69e-008,0.000323747
-1.68e-008,0.000272359
-1.67e-008,0.000203841
-1.66e-008,0.000164443
-1.65e-008,0.000157591
-1.64e-008,0.000188424
-1.63e-008,0.0002381
-1.62e-008,0.000263794
-1.61e-008,0.000239813
-1.6e-008,0.00016273
-1.59e-008,4.62496e-005
-1.58e-008,-3.76848e-005
-1.57e-008,-8.73603e-005
-1.56e-008,-8.73603e-005
-1.55e-008,1.71295e-005
-1.54e-008,0.000121619
-1.53e-008,0.000226109
-1.52e-008,0.00029634
-1.51e-008,0.000322034
-1.5e-008,0.000315182
-1.49e-008,0.000301479
-1.48e-008,0.000311756
-1.47e-008,0.000310043
-1.46e-008,0.000316895
-1.45e-008,0.000289488
-1.44e-008,0.000251803
-1.43e-008,0.000219257
-1.42e-008,0.000147313
-1.41e-008,0.00011648
-1.4e-008,9.5925e-005
-1.39e-008,0.000126758
-1.38e-008,0.000159304
-1.37e-008,0.000231248
-1.36e-008,0.000284349
-1.35e-008,0.000328886
-1.34e-008,0.000323747
-1.33e-008,0.000291201
-1.32e-008,0.000260368
-1.31e-008,0.000292914
-1.3e-008,0.000351154
-1.29e-008,0.000416246
-1.28e-008,0.000416246
-1.27e-008,0.000375135
-1.26e-008,0.000265507
-1.25e-008,0.000154165
-1.24e-008,0.00010449
-1.23e-008,0.000121619
-1.22e-008,0.000184998
-1.21e-008,0.000275784
-1.2e-008,0.000346015
-1.19e-008,0.000378561
-1.18e-008,0.000363145
-1.17e-008,0.000323747
-1.16e-008,0.000327173
-1.15e-008,0.00032546
-1.14e-008,0.000363145
-1.13e-008,0.000431663
-1.12e-008,0.000464209
-1.11e-008,0.000505319
-1.1e-008,0.000507032
-1.09e-008,0.000515597
-1.08e-008,0.000534439
-1.07e-008,0.000541291
-1.06e-008,0.000580689
-1.05e-008,0.000620087
-1.04e-008,0.000671475
-1.03e-008,0.000721151
-1.02e-008,0.000772539
-1.01e-008,0.000789669
-1e-008,0.00081365
-9.9e-009,0.00081365
-9.8e-009,0.000791381
-9.7e-009,0.000801659
-9.6e-009,0.000823927
-9.5e-009,0.000889019
-9.4e-009,0.000966102
-9.3e-009,0.00103976
-9.2e-009,0.00110656
-9.1e-009,0.00112541
-9e-009,0.00110999
-8.9e-009,0.00104661
-8.8e-009,0.000969528
-8.7e-009,0.000883881
-8.6e-009,0.000811937
-8.5e-009,0.00079652
-8.4e-009,0.000757123
-8.3e-009,0.000746845
-8.2e-009,0.00073828
-8.1e-009,0.000729715
-8e-009,0.000731428
-7.9e-009,0.000777678
-7.8e-009,0.000839344
-7.7e-009,0.000943834
-7.6e-009,0.000990083
-7.5e-009,0.00098837
-7.4e-009,0.000866751
-7.3e-009,0.000664623
-7.2e-009,0.000392265
-7.1e-009,0.0001456
-7e-009,-5.13884e-006
-6.9e-009,-2.22683e-005
-6.8e-009,0.000109629
-6.7e-009,0.000340876
-6.6e-009,0.000609809
-6.5e-009,0.000822214
-6.4e-009,0.000913001
-6.3e-009,0.000870177
-6.2e-009,0.000734854
-6.1e-009,0.000525875
-6e-009,0.000339163
-5.9e-009,0.000227822
-5.8e-009,0.000198702
-5.7e-009,0.000277497
-5.6e-009,0.000462496
-5.5e-009,0.000818789
-5.4e-009,0.00142346
-5.3e-009,0.00225595
-5.2e-009,0.0033471
-5.1e-009,0.00457528
-5e-009,0.00580004
-4.9e-009,0.00688433
-4.8e-009,0.00770997
-4.7e-009,0.00831293
-4.6e-009,0.00875316
-4.5e-009,0.00918996
-4.4e-009,0.00974838
-4.3e-009,0.0104678
-4.2e-009,0.0112661
-4.1e-009,0.0120197
-4e-009,0.0126381
-3.9e-009,0.0129978
-3.8e-009,0.0130783
-3.7e-009,0.012854
-3.6e-009,0.0123469
-3.5e-009,0.0115607
-3.4e-009,0.0105295
-3.3e-009,0.00930644
-3.2e-009,0.00798233
-3.1e-009,0.00671818
-3e-009,0.00563046
-2.9e-009,0.00483222
-2.8e-009,0.00431663
-2.7e-009,0.00407681
-2.6e-009,0.00406482
-2.5e-009,0.00424982
-2.4e-009,0.00454959
-2.3e-009,0.00494014
-2.2e-009,0.00537523
-2.1e-009,0.00585657
-2e-009,0.00634476
-1.9e-009,0.00682267
-1.8e-009,0.00728174
-1.7e-009,0.00773738
-1.6e-009,0.00816904
-1.5e-009,0.00853733
-1.4e-009,0.00883024
-1.3e-009,0.00904779
-1.2e-009,0.00916598
-1.1e-009,0.00923964
-1e-009,0.00930644
-9e-010,0.0093407
-8e-010,0.00927389
-7e-010,0.00911116
-6e-010,0.00873603
-5e-010,0.00815877
-4e-010,0.0073691
-3e-010,0.00644753
-2e-010,0.00546601
-1e-010,0.00453931
4.138488e-023,0.00373422
1e-010,0.00315182
2e-010,0.0028178
3e-010,0.00272872
4e-010,0.00289488
5e-010,0.00321691
6e-010,0.00361603
7e-010,0.00408195
8e-010,0.00452047
9e-010,0.004935
1e-009,0.00533754
1.1e-009,0.00575036
1.2e-009,0.00618888
1.3e-009,0.00663253
1.4e-009,0.00708304
1.5e-009,0.00748729
1.6e-009,0.00781275
1.7e-009,0.00805428
1.8e-009,0.0081759
1.9e-009,0.00814849
2e-009,0.00798405
2.1e-009,0.00770997
2.2e-009,0.00730914
2.3e-009,0.00681068
2.4e-009,0.0062317
2.5e-009,0.00556023
2.6e-009,0.00478769
2.7e-009,0.00398774
2.8e-009,0.00319636
2.9e-009,0.00249405
3e-009,0.00190994
3.1e-009,0.00152452
3.2e-009,0.00135837
3.3e-009,0.00141661
3.4e-009,0.00167869
3.5e-009,0.00207952
3.6e-009,0.00259854
3.7e-009,0.00317409
3.8e-009,0.00376677
3.9e-009,0.00432348
4e-009,0.00481509
4.1e-009,0.00524504
4.2e-009,0.00564759
4.3e-009,0.00598332
4.4e-009,0.00626767
4.5e-009,0.00643383
4.6e-009,0.00649892
4.7e-009,0.00644239
4.8e-009,0.00625739
4.9e-009,0.0059799
5e-009,0.0055431
5.1e-009,0.0050018
5.2e-009,0.00438001
5.3e-009,0.00371881
5.4e-009,0.00304391
5.5e-009,0.00244095
5.6e-009,0.00188938
5.7e-009,0.00139948
5.8e-009,0.000948973
5.9e-009,0.000561847
6e-009,0.000268933
6.1e-009,0.000167869
6.2e-009,0.000275784
6.3e-009,0.000618374
6.4e-009,0.00114767
6.5e-009,0.00180716
6.6e-009,0.00251461
6.7e-009,0.00323233
6.8e-009,0.00391408
6.9e-009,0.00457357
7e-009,0.00514055
7.1e-009,0.00562018
7.2e-009,0.00598846
7.3e-009,0.00620258
7.4e-009,0.00630193
7.5e-009,0.0062317
7.6e-009,0.00601244
7.7e-009,0.00564587
7.8e-009,0.00516967
7.9e-009,0.00459755
8e-009,0.00394663
8.1e-009,0.00322377
8.2e-009,0.00249919
8.3e-009,0.00176605
8.4e-009,0.00110656
8.5e-009,0.000568698
8.6e-009,0.000173008
8.7e-009,-5.31014e-005
8.8e-009,-0.000128471
8.9e-009,-8.90732e-005
9e-009,5.48143e-005
9.1e-009,0.000286062
9.2e-009,0.000620087
9.3e-009,0.00104832
9.4e-009,0.00161873
9.5e-009,0.00226109
9.6e-009,0.00295655
9.7e-009,0.00361089
9.8e-009,0.0041539
9.9e-009,0.00453931
1e-008,0.00476884
1.01e-008,0.00487162
1.02e-008,0.00481509
1.03e-008,0.00463352
1.04e-008,0.00434917
1.05e-008,0.00396205
1.06e-008,0.00351325
1.07e-008,0.00303877
1.08e-008,0.00253859
1.09e-008,0.00206924
1.1e-008,0.00158961
1.11e-008,0.00110828
1.12e-008,0.000642355
1.13e-008,0.000227822
1.14e-008,-9.07862e-005
1.15e-008,-0.000328886
1.16e-008,-0.000455644
1.17e-008,-0.000503606
1.18e-008,-0.000474486
1.19e-008,-0.000356293
1.2e-008,-0.000181572
1.21e-008,0.000152452
1.22e-008,0.000596106
1.23e-008,0.00113568
1.24e-008,0.0017335
1.25e-008,0.00234502
1.26e-008,0.00295483
1.27e-008,0.00351839
1.28e-008,0.0040357
1.29e-008,0.00441598
1.3e-008,0.00462496
1.31e-008,0.00469176
1.32e-008,0.004565
1.33e-008,0.00432176
1.34e-008,0.00400658
1.35e-008,0.00360061
1.36e-008,0.00308673
1.37e-008,0.00251974
1.38e-008,0.0019048
1.39e-008,0.00126758
1.4e-008,0.000702308
1.41e-008,0.000251803
1.42e-008,-4.45366e-005
1.43e-008,-0.000256942
1.44e-008,-0.000409394
1.45e-008,-0.000515597
1.46e-008,-0.000525875
1.47e-008,-0.000378561
1.48e-008,-2.56942e-005
1.49e-008,0.000510458
1.5e-008,0.00118193
1.51e-008,0.00184827
1.52e-008,0.00247692
1.53e-008,0.00297368
1.54e-008,0.00337451
1.55e-008,0.00372909
1.56e-008,0.0040357
1.57e-008,0.00431491
1.58e-008,0.00452903
1.59e-008,0.00467292
1.6e-008,0.00466949
1.61e-008,0.00452047
1.62e-008,0.00419329
1.63e-008,0.00374621
1.64e-008,0.00323233
1.65e-008,0.00265507
1.66e-008,0.00207438
1.67e-008,0.00152624
1.68e-008,0.00105346
1.69e-008,0.000613235
1.7e-008,0.00020898
1.71e-008,-9.5925e-005
1.72e-008,-0.00030833
1.73e-008,-0.00035458
1.74e-008,-0.000287775
1.75e-008,-6.85179e-005
1.76e-008,0.000253516
1.77e-008,0.000654346
1.78e-008,0.00111684
1.79e-008,0.00159989
1.8e-008,0.00210007
1.81e-008,0.00261053
1.82e-008,0.00309872
1.83e-008,0.00352353
1.84e-008,0.00386612
1.85e-008,0.00410593
1.86e-008,0.00422755
1.87e-008,0.00428237
1.88e-008,0.00422241
1.89e-008,0.00406825
1.9e-008,0.003837
1.91e-008,0.00349441
1.92e-008,0.00308502
1.93e-008,0.00260539
1.94e-008,0.00210179
1.95e-008,0.00159304
1.96e-008,0.0011374
1.97e-008,0.000748558
1.98e-008,0.000419672
1.99e-008,0.000171295
2e-008,3.42589e-005
2.01e-008,0
2.02e-008,9.42121e-005
2.03e-008,0.000256942
2.04e-008,0.000554995
2.05e-008,0.000897584
2.06e-008,0.00130698
2.07e-008,0.0017335
2.08e-008,0.00217887
2.09e-008,0.00262252
2.1e-008,0.00305932
2.11e-008,0.00344131
2.12e-008,0.00378733
2.13e-008,0.00402714
2.14e-008,0.00415561
2.15e-008,0.00416931
2.16e-008,0.00407167
2.17e-008,0.00386441
2.18e-008,0.00356636
2.19e-008,0.00321349
2.2e-008,0.0028315
2.21e-008,0.00243238
2.22e-008,0.00202642
2.23e-008,0.00163244
2.24e-008,0.00124703
2.25e-008,0.000924991
2.26e-008,0.000654346
2.27e-008,0.000484764
2.28e-008,0.000392265
2.29e-008,0.000392265
2.3e-008,0.000438514
2.31e-008,0.000551569
2.32e-008,0.000726289
2.33e-008,0.000964389
2.34e-008,0.00125216
2.35e-008,0.00160846
2.36e-008,0.00203498
2.37e-008,0.0024615
2.38e-008,0.0029103
2.39e-008,0.00329914
2.4e-008,0.00361432
2.41e-008,0.00386612
2.42e-008,0.00402371
2.43e-008,0.00412649
2.44e-008,0.0041813
2.45e-008,0.00420528
2.46e-008,0.00415732
2.47e-008,0.00400658
2.48e-008,0.00378219
2.49e-008,0.00344474
2.5e-008,0.00304391
2.51e-008,0.00258655
2.52e-008,0.00218058
2.53e-008,0.00183285
2.54e-008,0.00154165
2.55e-008,0.00131383
2.56e-008,0.00113911
2.57e-008,0.00103119
2.58e-008,0.000974667
2.59e-008,0.0010055
2.6e-008,0.00112541
2.61e-008,0.00131554
2.62e-008,0.00155022
2.63e-008,0.00187054
2.64e-008,0.00220456
2.65e-008,0.00260711
2.66e-008,0.00305247
2.67e-008,0.0034927
2.68e-008,0.00388668
2.69e-008,0.00419501
2.7e-008,0.00439542
2.71e-008,0.00445366
2.72e-008,0.00441426
2.73e-008,0.00425153
2.74e-008,0.004022
2.75e-008,0.0037308
2.76e-008,0.0033608
2.77e-008,0.0029634
2.78e-008,0.0025266
2.79e-008,0.0020504
2.8e-008,0.00155878
2.81e-008,0.00108772
2.82e-008,0.000657772
2.83e-008,0.000334025
2.84e-008,0.00010449
2.85e-008,5.13884e-006
2.86e-008,3.0833e-005
2.87e-008,0.000152452
2.88e-008,0.000347728
2.89e-008,0.000614948
2.9e-008,0.000921565
2.91e-008,0.00122647
2.92e-008,0.00157077
2.93e-008,0.00190651
2.94e-008,0.00224396
2.95e-008,0.002554
2.96e-008,0.00278696
2.97e-008,0.00292743
2.98e-008,0.00295483
2.99e-008,0.00292057
3e-008,0.00283321
3.01e-008,0.00273386
3.02e-008,0.00265678
3.03e-008,0.00254886
3.04e-008,0.00241354
3.05e-008,0.00215317
3.06e-008,0.0017866
3.07e-008,0.00138064
3.08e-008,0.000996935
3.09e-008,0.000623513
3.1e-008,0.000359719
3.11e-008,0.000130184
3.12e-008,-6.16661e-005
3.13e-008,-0.000226109
3.14e-008,-0.000349441
3.15e-008,-0.000380274
3.16e-008,-0.000306617
3.17e-008,-0.000114767
3.18e-008,0.00013361
3.19e-008,0.000421385
3.2e-008,0.000714299
3.21e-008,0.000991796
3.22e-008,0.00125045
3.23e-008,0.00149712
3.24e-008,0.00175063
3.25e-008,0.00197845
3.26e-008,0.00218743
3.27e-008,0.0023159
3.28e-008,0.00232618
3.29e-008,0.00220114
3.3e-008,0.00193906
3.31e-008,0.00157249
3.32e-008,0.00119221
3.33e-008,0.000865038
3.34e-008,0.000628652
3.35e-008,0.000428237
3.36e-008,0.000241526
3.37e-008,3.42589e-006
3.38e-008,-0.000251803
3.39e-008,-0.000556708
3.4e-008,-0.000808511
3.41e-008,-0.000966102
3.42e-008,-0.00101235
3.43e-008,-0.000948973
3.44e-008,-0.000830779
3.45e-008,-0.000710873
3.46e-008,-0.000590967
3.47e-008,-0.000474486
3.48e-008,-0.000352867
3.49e-008,-0.000202128
3.5e-008,-5.13884e-006
3.51e-008,0.000234674
3.52e-008,0.000447079
3.53e-008,0.000661197
3.54e-008,0.000801659
3.55e-008,0.000907862
3.56e-008,0.00095925
3.57e-008,0.000964389
3.58e-008,0.000885594
3.59e-008,0.000741706
3.6e-008,0.000544717
3.61e-008,0.000282636
3.62e-008,-1.71295e-006
3.63e-008,-0.000270646
3.64e-008,-0.000554995
3.65e-008,-0.000827353
3.66e-008,-0.00112712
3.67e-008,-0.00143374
3.68e-008,-0.00171123
3.69e-008,-0.0019322
3.7e-008,-0.00205725
3.71e-008,-0.00206239
3.72e-008,-0.00198531
3.73e-008,-0.00186197
3.74e-008,-0.00171295
3.75e-008,-0.00157591
3.76e-008,-0.00143031
3.77e-008,-0.00130355
3.78e-008,-0.00113226
3.79e-008,-0.000940408
3.8e-008,-0.000717725
3.81e-008,-0.000498468
3.82e-008,-0.000298053
3.83e-008,-0.000130184
3.84e-008,-5.99531e-005
3.85e-008,-3.59719e-005
3.86e-008,-0.00013361
3.87e-008,-0.000344302
3.88e-008,-0.000654346
3.89e-008,-0.0010055
3.9e-008,-0.00137721
3.91e-008,-0.00167184
3.92e-008,-0.00188082
3.93e-008,-0.00200586
3.94e-008,-0.00210692
3.95e-008,-0.002196
3.96e-008,-0.00232276
3.97e-008,-0.00248377
3.98e-008,-0.00260711
3.99e-008,-0.00263623
4e-008,-0.00261567
4.01e-008,-0.00249405
4.02e-008,-0.00233989
4.03e-008,-0.00215831
4.04e-008,-0.0019716
4.05e-008,-0.00179859
4.06e-008,-0.00161188
4.07e-008,-0.00141147
4.08e-008,-0.00122647
4.09e-008,-0.0010449
4.1e-008,-0.000919852
4.11e-008,-0.000847909
4.12e-008,-0.000835918
4.13e-008,-0.000875316
4.14e-008,-0.000942121
4.15e-008,-0.00098837
4.16e-008,-0.00107916
4.17e-008,-0.00121448
4.18e-008,-0.00140462
4.19e-008,-0.00164614
4.2e-008,-0.00192707
4.21e-008,-0.00217544
4.22e-008,-0.00235873
4.23e-008,-0.00247863
4.24e-008,-0.00255572
4.25e-008,-0.00261396
4.26e-008,-0.0026328
4.27e-008,-0.00265678
4.28e-008,-0.00264479
4.29e-008,-0.00259169
4.3e-008,-0.00246322
4.31e-008,-0.00230905
4.32e-008,-0.00214118
4.33e-008,-0.00199387
4.34e-008,-0.00187054
4.35e-008,-0.00175234
4.36e-008,-0.00164272
4.37e-008,-0.00153994
4.38e-008,-0.00143202
4.39e-008,-0.00135837
4.4e-008,-0.00132925
4.41e-008,-0.00135494
4.42e-008,-0.00138406
4.43e-008,-0.00147485
4.44e-008,-0.00160332
4.45e-008,-0.00175063
4.46e-008,-0.00188938
4.47e-008,-0.00208808
4.48e-008,-0.0023022
4.49e-008,-0.00249576
4.5e-008,-0.00268076
4.51e-008,-0.00281608
4.52e-008,-0.00292571
4.53e-008,-0.00297368
4.54e-008,-0.00298567
4.55e-008,-0.0029771
4.56e-008,-0.00294798
4.57e-008,-0.002924
4.58e-008,-0.00289145
4.59e-008,-0.00281608
4.6e-008,-0.00269618
4.61e-008,-0.00251974
4.62e-008,-0.00230905
4.63e-008,-0.00208466
4.64e-008,-0.00190651
4.65e-008,-0.00179346
4.66e-008,-0.00171123
4.67e-008,-0.00166327
4.68e-008,-0.00159818
4.69e-008,-0.0015348
4.7e-008,-0.00148684
4.71e-008,-0.00148341
4.72e-008,-0.00155022
4.73e-008,-0.00167869
4.74e-008,-0.00184656
4.75e-008,-0.00201271
4.76e-008,-0.00217202
4.77e-008,-0.00231077
4.78e-008,-0.00241354
4.79e-008,-0.00252146
4.8e-008,-0.00261224
4.81e-008,-0.00266021
4.82e-008,-0.00270988
4.83e-008,-0.00270646
4.84e-008,-0.00266021
4.85e-008,-0.00256257
4.86e-008,-0.00240669
4.87e-008,-0.00220799
4.88e-008,-0.00202128
4.89e-008,-0.00183457
4.9e-008,-0.00169068
4.91e-008,-0.00157249
4.92e-008,-0.001456
4.93e-008,-0.00132925
4.94e-008,-0.00118879
4.95e-008,-0.00102263
4.96e-008,-0.000865038
4.97e-008,-0.000760548
4.98e-008,-0.000731428
4.99e-008,-0.000777678
5e-008,-0.00087189
5.01e-008,-0.000991796
5.02e-008,-0.00110656
5.03e-008,-0.00118879
5.04e-008,-0.00120078
5.05e-008,-0.00118707
5.06e-008,-0.00119735
5.07e-008,-0.00125559
5.08e-008,-0.00138749
5.09e-008,-0.00153651
5.1e-008,-0.00167869
5.11e-008,-0.00173864
5.12e-008,-0.00167012
5.13e-008,-0.00151082
5.14e-008,-0.00127786
5.15e-008,-0.00103976
5.16e-008,-0.000837631
5.17e-008,-0.000683466
5.18e-008,-0.000532726
5.19e-008,-0.000349441
5.2e-008,-0.000159304
5.21e-008,2.74071e-005
5.22e-008,0.000181572
5.23e-008,0.000253516
5.24e-008,0.000263794
5.25e-008,0.000246664
5.26e-008,0.000246664
5.27e-008,0.000291201
5.28e-008,0.000368284
5.29e-008,0.000405968
5.3e-008,0.0003837
5.31e-008,0.000268933
5.32e-008,0.000107916
5.33e-008,-7.87956e-005
5.34e-008,-0.000226109
5.35e-008,-0.000294627
5.36e-008,-0.00027921
5.37e-008,-0.000246664
5.38e-008,-0.000200415
5.39e-008,-0.000196989
5.4e-008,-0.000214118
5.41e-008,-0.000241526
5.42e-008,-0.000239813
5.43e-008,-0.000128471
5.44e-008,6.68049e-005
5.45e-008,0.000277497
5.46e-008,0.000495042
5.47e-008,0.000642355
5.48e-008,0.000762261
5.49e-008,0.000801659
5.5e-008,0.000839344
5.51e-008,0.000911288
5.52e-008,0.00102777
5.53e-008,0.00113226
5.54e-008,0.00118879
5.55e-008,0.00117679
5.56e-008,0.00108258
5.57e-008,0.000955824
5.58e-008,0.000830779
5.59e-008,0.000736567
5.6e-008,0.00070916
5.61e-008,0.000745132
5.62e-008,0.000818789
5.63e-008,0.000895871
5.64e-008,0.000911288
5.65e-008,0.000895871
5.66e-008,0.000808511
5.67e-008,0.000697169
5.68e-008,0.000640642
5.69e-008,0.000690318
5.7e-008,0.000822214
5.71e-008,0.00103462
5.72e-008,0.00127272
5.73e-008,0.00146114
5.74e-008,0.00159133
5.75e-008,0.00167355
5.76e-008,0.00170781
5.77e-008,0.0017866
5.78e-008,0.0018654
5.79e-008,0.00198188
5.8e-008,0.0021172
5.81e-008,0.00224225
5.82e-008,0.00233303
5.83e-008,0.00236387
5.84e-008,0.00238271
5.85e-008,0.00235359
5.86e-008,0.00235016
5.87e-008,0.00236901
5.88e-008,0.00240155
5.89e-008,0.00244951
5.9e-008,0.0024735
5.91e-008,0.00243238
5.92e-008,0.00238442
5.93e-008,0.00228507
5.94e-008,0.00223197
5.95e-008,0.00222683
5.96e-008,0.00226452
5.97e-008,0.00235188
5.98e-008,0.00244609
5.99e-008,0.00254544
6e-008,0.00261567
6.01e-008,0.00269447
6.02e-008,0.00279724
6.03e-008,0.00292229
6.04e-008,0.00307131
6.05e-008,0.00320664
6.06e-008,0.00333339
6.07e-008,0.00340705
6.08e-008,0.00344987
6.09e-008,0.00346187
6.1e-008,0.003479
6.11e-008,0.00349612
6.12e-008,0.00350983
6.13e-008,0.00353038
6.14e-008,0.00352867
6.15e-008,0.0034927
6.16e-008,0.0034002
6.17e-008,0.00328886
6.18e-008,0.00316895
6.19e-008,0.00309187
6.2e-008,0.00308159
6.21e-008,0.00313641
6.22e-008,0.0031758
6.23e-008,0.0032289
6.24e-008,0.00326145
6.25e-008,0.00327687
6.26e-008,0.00328029
6.27e-008,0.00328886
6.28e-008,0.00333682
6.29e-008,0.00338821
6.3e-008,0.00343446
6.31e-008,0.00348585
6.32e-008,0.00351839
6.33e-008,0.00354409
6.34e-008,0.00355779
6.35e-008,0.0035595
6.36e-008,0.00355608
6.37e-008,0.00351668
6.38e-008,0.00346872
6.39e-008,0.00341733
6.4e-008,0.00336594
6.41e-008,0.00334367
6.42e-008,0.00329914
6.43e-008,0.00329742
6.44e-008,0.00326659
6.45e-008,0.0032152
6.46e-008,0.00315354
6.47e-008,0.00309358
6.48e-008,0.00307474
6.49e-008,0.00310215
6.5e-008,0.00311928
6.51e-008,0.00315182
6.52e-008,0.00319122
6.53e-008,0.00319122
6.54e-008,0.00315354
6.55e-008,0.00313812
6.56e-008,0.00313641
6.57e-008,0.00315525
6.58e-008,0.00320664
6.59e-008,0.00328543
6.6e-008,0.00336423
6.61e-008,0.0034396
6.62e-008,0.00346872
6.63e-008,0.00346015
6.64e-008,0.00340191
6.65e-008,0.00332312
6.66e-008,0.00320492
6.67e-008,0.00308673
6.68e-008,0.00299423
6.69e-008,0.00291886
6.7e-008,0.00290173
6.71e-008,0.00291886
6.72e-008,0.00296854
6.73e-008,0.00298567
6.74e-008,0.00297368
6.75e-008,0.00293085
6.76e-008,0.00287604
6.77e-008,0.00283493
6.78e-008,0.00279896
6.79e-008,0.00278696
6.8e-008,0.00276984
6.81e-008,0.00273386
6.82e-008,0.00266535
6.83e-008,0.0025934
6.84e-008,0.00254373
6.85e-008,0.00254715
6.86e-008,0.00258826
6.87e-008,0.00262766
6.88e-008,0.00266021
6.89e-008,0.00266535
6.9e-008,0.00263109
6.91e-008,0.00259854
6.92e-008,0.00256086
6.93e-008,0.00251118
6.94e-008,0.0024615
6.95e-008,0.00241012
6.96e-008,0.00231248
6.97e-008,0.00221484
6.98e-008,0.00209665
6.99e-008,0.00203669
7e-008,0.00200757
7.01e-008,0.00195105
7.02e-008,0.00189623
7.03e-008,0.00177975
7.04e-008,0.0016273
7.05e-008,0.00145087
7.06e-008,0.0012967
7.07e-008,0.0012042
7.08e-008,0.00120591
7.09e-008,0.00122647
7.1e-008,0.00126415
7.11e-008,0.0012573
7.12e-008,0.00121277
7.13e-008,0.0011905
7.14e-008,0.00116309
7.15e-008,0.00118193
7.16e-008,0.00121962
7.17e-008,0.00126244
7.18e-008,0.00126415
7.19e-008,0.00120591
7.2e-008,0.00114767
7.21e-008,0.00110485
7.22e-008,0.00107916
7.23e-008,0.00106888
7.24e-008,0.00104832
7.25e-008,0.0010192
7.26e-008,0.000942121
7.27e-008,0.000861612
7.28e-008,0.000787956
7.29e-008,0.000719438
7.3e-008,0.000642355
7.31e-008,0.00057555
7.32e-008,0.000455644
7.33e-008,0.000346015
7.34e-008,0.000239813
7.35e-008,0.000164443
7.36e-008,0.000135323
7.37e-008,0.000125045
7.38e-008,0.000131897
7.39e-008,0.000126758
7.4e-008,0.000102777
7.41e-008,5.82402e-005
7.42e-008,2.39813e-005
7.43e-008,4.96755e-005
7.44e-008,0.000118193
7.45e-008,0.000244951
7.46e-008,0.000376848
7.47e-008,0.000460783
7.48e-008,0.00051731
7.49e-008,0.000483051
7.5e-008,0.00044194
7.51e-008,0.000375135
7.52e-008,0.000320321
7.53e-008,0.000262081
7.54e-008,0.000198702
7.55e-008,0.000143888
7.56e-008,0.000113054
7.57e-008,0.000109629
7.58e-008,0.000118193
7.59e-008,0.000149026
7.6e-008,0.000184998
7.61e-008,0.000200415
7.62e-008,0.000181572
7.63e-008,0.000147313
7.64e-008,0.000118193
7.65e-008,9.5925e-005
7.66e-008,9.5925e-005
7.67e-008,0.000106203
7.68e-008,0.00011648
7.69e-008,0.000147313
7.7e-008,0.000200415
7.71e-008,0.000251803
7.72e-008,0.000310043
7.73e-008,0.000347728
7.74e-008,0.0003837
7.75e-008,0.000416246
7.76e-008,0.000426524
7.77e-008,0.000428237
7.78e-008,0.000417959
7.79e-008,0.000423098
7.8e-008,0.000417959
7.81e-008,0.000436801
7.82e-008,0.000486477
7.83e-008,0.000548143
7.84e-008,0.000601244
7.85e-008,0.000608096
7.86e-008,0.000594393
7.87e-008,0.000527588
7.88e-008,0.000436801
7.89e-008,0.000368284
7.9e-008,0.000320321
7.91e-008,0.00029634
7.92e-008,0.000322034
7.93e-008,0.000368284
7.94e-008,0.000455644
7.95e-008,0.000531014
7.96e-008,0.000625226
7.97e-008,0.000712586
7.98e-008,0.000791381
7.99e-008,0.000858186
8e-008,0.000906149
8.01e-008,0.000940408
8.02e-008,0.000955824
8.03e-008,0.000974667
8.04e-008,0.000978093
8.05e-008,0.00101064
8.06e-008,0.00107573
8.07e-008,0.00114254
8.08e-008,0.00120934
8.09e-008,0.00127786
8.1e-008,0.0013104
8.11e-008,0.0013104
8.12e-008,0.00127443
8.13e-008,0.00126073
8.14e-008,0.00123675
8.15e-008,0.00125902
8.16e-008,0.00127272
8.17e-008,0.00132925
8.18e-008,0.00135152
8.19e-008,0.00136008
8.2e-008,0.00136351
8.21e-008,0.00138064
8.22e-008,0.00147485
8.23e-008,0.00158448
8.24e-008,0.00170438
8.25e-008,0.00181915
8.26e-008,0.00188082
8.27e-008,0.00189452
8.28e-008,0.00184827
8.29e-008,0.0018123
8.3e-008,0.00180373
8.31e-008,0.00185855
8.32e-008,0.00190994
8.33e-008,0.00199901
8.34e-008,0.00204526
8.35e-008,0.00207095
8.36e-008,0.0021035
8.37e-008,0.00212577
8.38e-008,0.00221141
8.39e-008,0.00230391
8.4e-008,0.00237414
8.41e-008,0.00245294
8.42e-008,0.00250262
8.43e-008,0.00253516
8.44e-008,0.00259511
8.45e-008,0.00270817
8.46e-008,0.00283664
8.47e-008,0.00297881
8.48e-008,0.0030833
8.49e-008,0.00319978
8.5e-008,0.00329914
8.51e-008,0.00337108
8.52e-008,0.00342418
8.53e-008,0.00340705
8.54e-008,0.00340191
8.55e-008,0.00336765
8.56e-008,0.00335738
8.57e-008,0.00340705
8.58e-008,0.00348927
8.59e-008,0.0036126
8.6e-008,0.00369997
8.61e-008,0.00371881
8.62e-008,0.00371024
8.63e-008,0.00371024
8.64e-008,0.00374108
8.65e-008,0.00383186
8.66e-008,0.00394663
8.67e-008,0.00406825
8.68e-008,0.00419501
8.69e-008,0.00426524
8.7e-008,0.0043269
8.71e-008,0.00435774
8.72e-008,0.00437487
8.73e-008,0.00441769
8.74e-008,0.00447764
8.75e-008,0.0045513
8.76e-008,0.00462838
8.77e-008,0.00470889
8.78e-008,0.00481852
8.79e-008,0.00487847
8.8e-008,0.00491273
8.81e-008,0.0049487
8.82e-008,0.00497097
8.83e-008,0.00499838
8.84e-008,0.0050138
8.85e-008,0.00507889
8.86e-008,0.00515426
8.87e-008,0.00527074
8.88e-008,0.0053855
8.89e-008,0.00550884
8.9e-008,0.00558421
8.91e-008,0.00560476
8.92e-008,0.00557736
8.93e-008,0.00553967
8.94e-008,0.00553624
8.95e-008,0.00560134
8.96e-008,0.00572981
8.97e-008,0.005848
8.98e-008,0.00590453
8.99e-008,0.00590967
9e-008,0.00584286
9.01e-008,0.00578805
9.02e-008,0.00579147
9.03e-008,0.00583944
9.04e-008,0.00595249
9.05e-008,0.00605869
9.06e-008,0.0061392
9.07e-008,0.00614948
9.08e-008,0.00607582
9.09e-008,0.00599018
9.1e-008,0.00594906
9.11e-008,0.00593536
9.12e-008,0.00599018
9.13e-008,0.00609124
9.14e-008,0.0062317
9.15e-008,0.00637388
9.16e-008,0.00649207
9.17e-008,0.00658285
9.18e-008,0.0066291
9.19e-008,0.00661197
9.2e-008,0.00655202
9.21e-008,0.00646809
9.22e-008,0.00642698
9.23e-008,0.00642526
9.24e-008,0.00649892
9.25e-008,0.00662397
9.26e-008,0.00674901
9.27e-008,0.00682609
9.28e-008,0.00686378
9.29e-008,0.0068535
9.3e-008,0.00683123
9.31e-008,0.00684494
9.32e-008,0.00687748
9.33e-008,0.00692544
9.34e-008,0.00700081
9.35e-008,0.00704021
9.36e-008,0.00707276
9.37e-008,0.00706762
9.38e-008,0.00704706
9.39e-008,0.00700595
9.4e-008,0.00695114
9.41e-008,0.00690146
9.42e-008,0.0069066
9.43e-008,0.00695285
9.44e-008,0.0070522
9.45e-008,0.00716012
9.46e-008,0.00728688
9.47e-008,0.00740164
9.48e-008,0.00746502
9.49e-008,0.00747701
9.5e-008,0.00747701
9.51e-008,0.00744961
9.52e-008,0.00742905
9.53e-008,0.00738451
9.54e-008,0.00734512
9.55e-008,0.00733826
9.56e-008,0.00732285
9.57e-008,0.00733998
9.58e-008,0.00737938
9.59e-008,0.00738623
9.6e-008,0.00738451
9.61e-008,0.00734169
9.62e-008,0.00727317
9.63e-008,0.00718924
9.64e-008,0.00710702
9.65e-008,0.00705049
9.66e-008,0.00701966
9.67e-008,0.0069854
9.68e-008,0.00697683
9.69e-008,0.00698711
9.7e-008,0.00700253
9.71e-008,0.00705563
9.72e-008,0.00712757
9.73e-008,0.0071978
9.74e-008,0.00726289
9.75e-008,0.00726975
9.76e-008,0.00720979
9.77e-008,0.00711729
9.78e-008,0.00703336
9.79e-008,0.00698711
9.8e-008,0.00697169
9.81e-008,0.0069991
9.82e-008,0.00704364
9.83e-008,0.00708132
9.84e-008,0.00707961
9.85e-008,0.00702822
9.86e-008,0.00696998
9.87e-008,0.00689119
9.88e-008,0.00684836
9.89e-008,0.00681239
9.9e-008,0.0068141
9.91e-008,0.00682095
9.92e-008,0.00684151
9.93e-008,0.00682781
9.94e-008,0.0068398
9.95e-008,0.0068398
9.96e-008,0.00686035
9.97e-008,0.00687577
9.98e-008,0.00687577
9.99e-008,0.00687234
1e-007,0.00687748
1.001e-007,0.00687234
1.002e-007,0.00684322
1.003e-007,0.00679355
1.004e-007,0.00675929
1.005e-007,0.00671989
1.006e-007,0.00670105
1.007e-007,0.00668392
1.008e-007,0.00671475
1.009e-007,0.00677813
1.01e-007,0.00684151
1.011e-007,0.00686207
1.012e-007,0.00683466
1.013e-007,0.00675929
1.014e-007,0.00666679
1.015e-007,0.00657943
1.016e-007,0.00651605
1.017e-007,0.00649207
1.018e-007,0.00650577
1.019e-007,0.00655031
1.02e-007,0.00658114
1.021e-007,0.006576
1.022e-007,0.00654346
1.023e-007,0.00650749
1.024e-007,0.00645096
1.025e-007,0.00638244
1.026e-007,0.00632249
1.027e-007,0.0062711
1.028e-007,0.00623513
1.029e-007,0.00619915
1.03e-007,0.00617517
1.031e-007,0.00616661
1.032e-007,0.00616318
1.033e-007,0.00617689
1.034e-007,0.00615976
1.035e-007,0.00617003
1.036e-007,0.00615804
1.037e-007,0.00615633
1.038e-007,0.00613749
1.039e-007,0.00611008
1.04e-007,0.00606212
1.041e-007,0.00601073
1.042e-007,0.0059268
1.043e-007,0.00585314
1.044e-007,0.00578291
1.045e-007,0.00569726
1.046e-007,0.00561161
1.047e-007,0.00552425
1.048e-007,0.00547458
1.049e-007,0.00542833
1.05e-007,0.00542662
1.051e-007,0.00543689
1.052e-007,0.00545745
1.053e-007,0.00546259
1.054e-007,0.00545745
1.055e-007,0.00544717
1.056e-007,0.00545402
1.057e-007,0.00547115
1.058e-007,0.00543689
1.059e-007,0.00537523
1.06e-007,0.00526902
1.061e-007,0.00511829
1.062e-007,0.00499324
1.063e-007,0.00489389
1.064e-007,0.00483736
1.065e-007,0.00478426
1.066e-007,0.00472945
1.067e-007,0.00463866
1.068e-007,0.00452389
1.069e-007,0.00445195
1.07e-007,0.0044194
1.071e-007,0.00441598
1.072e-007,0.00440741
1.073e-007,0.00437658
1.074e-007,0.00429778
1.075e-007,0.00422413
1.076e-007,0.00416246
1.077e-007,0.0041813
1.078e-007,0.00419501
1.079e-007,0.00419329
1.08e-007,0.00414019
1.081e-007,0.0040083
1.082e-007,0.00383015
1.083e-007,0.00366057
1.084e-007,0.00356636
1.085e-007,0.00353724
1.086e-007,0.00354237
1.087e-007,0.00357492
1.088e-007,0.00356464
1.089e-007,0.00354409
1.09e-007,0.00346015
1.091e-007,0.00337793
1.092e-007,0.00331284
1.093e-007,0.00325117
1.094e-007,0.00318951
1.095e-007,0.00312442
1.096e-007,0.0030302
1.097e-007,0.00292743
1.098e-007,0.00277669
1.099e-007,0.00264308
1.1e-007,0.00251632
1.101e-007,0.00238613
1.102e-007,0.00229535
1.103e-007,0.00225081
1.104e-007,0.00221141
1.105e-007,0.00217373
1.106e-007,0.0021429
1.107e-007,0.0021035
1.108e-007,0.00207952
1.109e-007,0.00208294
1.11e-007,0.00212577
1.111e-007,0.00219771
1.112e-007,0.00223197
1.113e-007,0.0022097
1.114e-007,0.00210007
1.115e-007,0.00195105
1.116e-007,0.00177461
1.117e-007,0.00163929
1.118e-007,0.00156221
1.119e-007,0.00151767
1.12e-007,0.00150911
1.121e-007,0.00148341
1.122e-007,0.00143545
1.123e-007,0.00137036
1.124e-007,0.00131726
1.125e-007,0.00127443
1.126e-007,0.00127443
1.127e-007,0.00127101
1.128e-007,0.00123675
1.129e-007,0.00117166
1.13e-007,0.00107744
1.131e-007,0.000969528
1.132e-007,0.00090101
1.133e-007,0.000877029
1.134e-007,0.000897584
1.135e-007,0.000902723
1.136e-007,0.000878742
1.137e-007,0.000789669
1.138e-007,0.000630364
1.139e-007,0.000436801
1.14e-007,0.000299766
1.141e-007,0.000214118
1.142e-007,0.000188424
1.143e-007,0.000232961
1.144e-007,0.000322034
1.145e-007,0.000380274
1.146e-007,0.000390552
1.147e-007,0.000332312
1.148e-007,0.00022097
1.149e-007,0.000101064
1.15e-007,1.02777e-005
1.151e-007,-4.79625e-005
1.152e-007,-7.36567e-005
1.153e-007,-7.19438e-005
1.154e-007,-7.53697e-005
1.155e-007,-0.000102777
1.156e-007,-0.000171295
1.157e-007,-0.000268933
1.158e-007,-0.000349441
1.159e-007,-0.000395691
1.16e-007,-0.000388839
1.161e-007,-0.000359719
1.162e-007,-0.000310043
1.163e-007,-0.000310043
1.164e-007,-0.000351154
1.165e-007,-0.000445366
1.166e-007,-0.000582402
1.167e-007,-0.000693743
1.168e-007,-0.000745132
1.169e-007,-0.000728002
1.17e-007,-0.000685179
1.171e-007,-0.000654346
1.172e-007,-0.000700595
1.173e-007,-0.000791381
1.174e-007,-0.000894158
1.175e-007,-0.000974667
1.176e-007,-0.00097638
1.177e-007,-0.000931843
1.178e-007,-0.000892445
1.179e-007,-0.000919852
1.18e-007,-0.000993509
1.181e-007,-0.00106717
1.182e-007,-0.00111513
1.183e-007,-0.00110314
1.184e-007,-0.00107744
1.185e-007,-0.00105518
1.186e-007,-0.00109629
1.187e-007,-0.00117166
1.188e-007,-0.001283
1.189e-007,-0.00137378
1.19e-007,-0.00142517
1.191e-007,-0.00144573
1.192e-007,-0.00142688
1.193e-007,-0.00141318
1.194e-007,-0.00141318
1.195e-007,-0.00139263
1.196e-007,-0.00139263
1.197e-007,-0.00139091
1.198e-007,-0.00146457
1.199e-007,-0.00154165
1.2e-007,-0.00163586
1.201e-007,-0.00170438
1.202e-007,-0.00173179
1.203e-007,-0.0017061
1.204e-007,-0.00165813
1.205e-007,-0.00160503
1.206e-007,-0.00155878
1.207e-007,-0.00154508
1.208e-007,-0.0015742
1.209e-007,-0.00161188
1.21e-007,-0.00168383
1.211e-007,-0.00171466
1.212e-007,-0.00175748
1.213e-007,-0.00179517
1.214e-007,-0.0018397
1.215e-007,-0.0018654
1.216e-007,-0.00188767
1.217e-007,-0.00188595
1.218e-007,-0.00185855
1.219e-007,-0.00181744
1.22e-007,-0.00178832
1.221e-007,-0.00180545
1.222e-007,-0.00187568
1.223e-007,-0.00195619
1.224e-007,-0.00205554
1.225e-007,-0.00211549
1.226e-007,-0.00214118
1.227e-007,-0.00212748
1.228e-007,-0.00212234
1.229e-007,-0.00212405
1.23e-007,-0.00214804
1.231e-007,-0.00217373
1.232e-007,-0.00217373
1.233e-007,-0.00218572
1.234e-007,-0.00219428
1.235e-007,-0.00219428
1.236e-007,-0.00221655
1.237e-007,-0.00221484
1.238e-007,-0.00222169
1.239e-007,-0.00220114
1.24e-007,-0.00216859
1.241e-007,-0.00216345
1.242e-007,-0.002196
1.243e-007,-0.00226794
1.244e-007,-0.0023553
1.245e-007,-0.0024084
1.246e-007,-0.00243238
1.247e-007,-0.00241012
1.248e-007,-0.00232789
1.249e-007,-0.00222512
1.25e-007,-0.00215831
1.251e-007,-0.00211892
1.252e-007,-0.00211892
1.253e-007,-0.0021429
1.254e-007,-0.0021566
1.255e-007,-0.00215146
1.256e-007,-0.00208123
1.257e-007,-0.00196989
1.258e-007,-0.00186026
1.259e-007,-0.00176776
1.26e-007,-0.00174892
1.261e-007,-0.00180716
1.262e-007,-0.00188938
1.263e-007,-0.00196646
1.264e-007,-0.00198873
1.265e-007,-0.00195447
1.266e-007,-0.00191336
1.267e-007,-0.00189109
1.268e-007,-0.00189109
1.269e-007,-0.00193049
1.27e-007,-0.00198531
1.271e-007,-0.00202128
1.272e-007,-0.00199044
1.273e-007,-0.00192878
1.274e-007,-0.00185855
1.275e-007,-0.00181058
1.276e-007,-0.00180373
1.277e-007,-0.00178832
1.278e-007,-0.00180545
1.279e-007,-0.00181401
1.28e-007,-0.00178146
1.281e-007,-0.00173693
1.282e-007,-0.0016667
1.283e-007,-0.00163244
1.284e-007,-0.00160503
1.285e-007,-0.00158961
1.286e-007,-0.0015742
1.287e-007,-0.00158961
1.288e-007,-0.00159647
1.289e-007,-0.00158961
1.29e-007,-0.00157762
1.291e-007,-0.00155536
1.292e-007,-0.00152624
1.293e-007,-0.00150225
1.294e-007,-0.00151253
1.295e-007,-0.00151425
1.296e-007,-0.00151767
1.297e-007,-0.00156221
1.298e-007,-0.00158961
1.299e-007,-0.00161702
1.3e-007,-0.00162559
1.301e-007,-0.00162387
1.302e-007,-0.00162559
1.303e-007,-0.00160503
1.304e-007,-0.00156735
1.305e-007,-0.00152281
1.306e-007,-0.00150397
1.307e-007,-0.00151425
1.308e-007,-0.00155878
1.309e-007,-0.00164957
1.31e-007,-0.00176091
1.311e-007,-0.0018517
1.312e-007,-0.00191679
1.313e-007,-0.0019048
1.314e-007,-0.00187568
1.315e-007,-0.0018123
1.316e-007,-0.00177461
1.317e-007,-0.00175406
1.318e-007,-0.00172665
1.319e-007,-0.00173693
1.32e-007,-0.00173693
1.321e-007,-0.00171637
1.322e-007,-0.00172322
1.323e-007,-0.00175748
1.324e-007,-0.00181744
1.325e-007,-0.0018791
1.326e-007,-0.00193049
1.327e-007,-0.00195276
1.328e-007,-0.0019048
1.329e-007,-0.0018397
1.33e-007,-0.00178489
1.331e-007,-0.00176776
1.332e-007,-0.00179174
1.333e-007,-0.00182771
1.334e-007,-0.0018517
1.335e-007,-0.00184142
1.336e-007,-0.00178832
1.337e-007,-0.00173522
1.338e-007,-0.00168211
1.339e-007,-0.00166156
1.34e-007,-0.00170096
1.341e-007,-0.00176947
1.342e-007,-0.00185341
1.343e-007,-0.00195105
1.344e-007,-0.00202984
1.345e-007,-0.00209665
1.346e-007,-0.00211549
1.347e-007,-0.00207095
1.348e-007,-0.00202128
1.349e-007,-0.00198359
1.35e-007,-0.00197503
1.351e-007,-0.00199558
1.352e-007,-0.00205211
1.353e-007,-0.00212405
1.354e-007,-0.00216688
1.355e-007,-0.00213776
1.356e-007,-0.0020641
1.357e-007,-0.0019579
1.358e-007,-0.00188767
1.359e-007,-0.00186369
1.36e-007,-0.00192021
1.361e-007,-0.00208123
1.362e-007,-0.00228678
1.363e-007,-0.00246836
1.364e-007,-0.00254886
1.365e-007,-0.00253345
1.366e-007,-0.0024341
1.367e-007,-0.00233303
1.368e-007,-0.00224225
1.369e-007,-0.00221998
1.37e-007,-0.00225766
1.371e-007,-0.00233132
1.372e-007,-0.00239984
1.373e-007,-0.0024735
1.374e-007,-0.00250262
1.375e-007,-0.00252317
1.376e-007,-0.0025266
1.377e-007,-0.00253687
1.378e-007,-0.00253859
1.379e-007,-0.00254201
1.38e-007,-0.0025403
1.381e-007,-0.00254201
1.382e-007,-0.00256086
1.383e-007,-0.00258826
1.384e-007,-0.00262081
1.385e-007,-0.00265678
1.386e-007,-0.00267391
1.387e-007,-0.00270303
1.388e-007,-0.00271159
1.389e-007,-0.00272701
1.39e-007,-0.00274414
1.391e-007,-0.00275613
1.392e-007,-0.00276984
1.393e-007,-0.0027647
1.394e-007,-0.00276641
1.395e-007,-0.00278183
1.396e-007,-0.00281266
1.397e-007,-0.00288118
1.398e-007,-0.00295312
1.399e-007,-0.00303192
1.4e-007,-0.003109
1.401e-007,-0.00314668
1.402e-007,-0.00311928
1.403e-007,-0.00307988
1.404e-007,-0.00303363
1.405e-007,-0.00297539
1.406e-007,-0.00290173
1.407e-007,-0.0028452
1.408e-007,-0.00282979
1.409e-007,-0.00281951
1.41e-007,-0.00283664
1.411e-007,-0.00280581
1.412e-007,-0.00279382
1.413e-007,-0.00278868
1.414e-007,-0.00277497
1.415e-007,-0.00274757
1.416e-007,-0.00275099
1.417e-007,-0.00278354
1.418e-007,-0.00282636
1.419e-007,-0.00287604
1.42e-007,-0.00291715
1.421e-007,-0.00295312
1.422e-007,-0.00294969
1.423e-007,-0.0029771
1.424e-007,-0.00298909
1.425e-007,-0.00297025
1.426e-007,-0.00292743
1.427e-007,-0.00285548
1.428e-007,-0.00277669
1.429e-007,-0.00272359
1.43e-007,-0.00273558
1.431e-007,-0.0028178
1.432e-007,-0.00290516
1.433e-007,-0.00297881
1.434e-007,-0.00300451
1.435e-007,-0.00293428
1.436e-007,-0.00282979
1.437e-007,-0.00271159
1.438e-007,-0.0026191
1.439e-007,-0.00256942
1.44e-007,-0.00255743
1.441e-007,-0.00255572
1.442e-007,-0.00251461
1.443e-007,-0.00249576
1.444e-007,-0.00245979
1.445e-007,-0.00248206
1.446e-007,-0.00250947
1.447e-007,-0.0025403
1.448e-007,-0.00255914
1.449e-007,-0.00253687
1.45e-007,-0.0024478
1.451e-007,-0.00234845
1.452e-007,-0.00223882
1.453e-007,-0.00218229
1.454e-007,-0.00211892
1.455e-007,-0.00211378
1.456e-007,-0.00209322
1.457e-007,-0.00207438
1.458e-007,-0.00204526
1.459e-007,-0.00200243
1.46e-007,-0.00198702
1.461e-007,-0.00199216
1.462e-007,-0.00203669
1.463e-007,-0.00208466
1.464e-007,-0.00211206
1.465e-007,-0.00208294
1.466e-007,-0.00203327
1.467e-007,-0.0019185
1.468e-007,-0.00180373
1.469e-007,-0.00168383
1.47e-007,-0.0015879
1.471e-007,-0.0015211
1.472e-007,-0.00149026
1.473e-007,-0.00150397
1.474e-007,-0.00153651
1.475e-007,-0.00157762
1.476e-007,-0.00158105
1.477e-007,-0.00155022
1.478e-007,-0.00146628
1.479e-007,-0.00135665
1.48e-007,-0.00125902
1.481e-007,-0.00119735
1.482e-007,-0.00114596
1.483e-007,-0.00112541
1.484e-007,-0.00112027
1.485e-007,-0.00110314
1.486e-007,-0.00105004
1.487e-007,-0.000971241
1.488e-007,-0.000897584
1.489e-007,-0.00084277
1.49e-007,-0.000799946
1.491e-007,-0.000774252
1.492e-007,-0.000724577
1.493e-007,-0.000678327
1.494e-007,-0.000638929
1.495e-007,-0.00054643
1.496e-007,-0.000440227
1.497e-007,-0.000344302
1.498e-007,-0.000282636
1.499e-007,-0.000265507
1.5e-007,-0.000318608
1.501e-007,-0.000426524
1.502e-007,-0.000501893
1.503e-007,-0.000512171
1.504e-007,-0.000417959
1.505e-007,-0.000277497
1.506e-007,-0.000128471
1.507e-007,-5.31014e-005
1.508e-007,-4.96755e-005
1.509e-007,-0.000128471
1.51e-007,-0.000212405
1.511e-007,-0.000231248
1.512e-007,-0.000173008
1.513e-007,-5.48143e-005
1.514e-007,6.85179e-005
1.515e-007,0.000181572
1.516e-007,0.000226109
1.517e-007,0.000236387
1.518e-007,0.000214118
1.519e-007,0.000227822
1.52e-007,0.000248377
1.521e-007,0.000332312
1.522e-007,0.000416246
1.523e-007,0.000495042
1.524e-007,0.000578976
1.525e-007,0.000632077
1.526e-007,0.000686892
1.527e-007,0.000731428
1.528e-007,0.000786243
1.529e-007,0.000830779
1.53e-007,0.000856473
1.531e-007,0.000892445
1.532e-007,0.000935269
1.533e-007,0.0010192
1.534e-007,0.00110485
1.535e-007,0.00119221
1.536e-007,0.00122647
1.537e-007,0.00122304
1.538e-007,0.00115281
1.539e-007,0.00108943
1.54e-007,0.00103633
1.541e-007,0.00106031
1.542e-007,0.00114767
1.543e-007,0.00128642
1.544e-007,0.0014029
1.545e-007,0.00145943
1.546e-007,0.00147142
1.547e-007,0.00144573
1.548e-007,0.00140976
1.549e-007,0.00137378
1.55e-007,0.00137721
1.551e-007,0.00143202
1.552e-007,0.00153651
1.553e-007,0.00166156
1.554e-007,0.00180716
1.555e-007,0.00196989
1.556e-007,0.0021035
1.557e-007,0.00220285
1.558e-007,0.0022097
1.559e-007,0.00217544
1.56e-007,0.0021172
1.561e-007,0.00205211
1.562e-007,0.00201614
1.563e-007,0.00202813
1.564e-007,0.00207438
1.565e-007,0.00212405
1.566e-007,0.00215489
1.567e-007,0.00214804
1.568e-007,0.00213947
1.569e-007,0.00213091
1.57e-007,0.00214461
1.571e-007,0.00216345
1.572e-007,0.0022097
1.573e-007,0.00222341
1.574e-007,0.00222854
1.575e-007,0.00223197
1.576e-007,0.0022491
1.577e-007,0.00231077
1.578e-007,0.00241697
1.579e-007,0.00253516
1.58e-007,0.00264993
1.581e-007,0.00269618
1.582e-007,0.00267048
1.583e-007,0.00258141
1.584e-007,0.00251289
1.585e-007,0.00246664
1.586e-007,0.00250604
1.587e-007,0.00257113
1.588e-007,0.00265849
1.589e-007,0.00270646
1.59e-007,0.00270303
1.591e-007,0.00269275
1.592e-007,0.00267391
1.593e-007,0.00268419
1.594e-007,0.00270474
1.595e-007,0.00275271
1.596e-007,0.00277669
1.597e-007,0.00277326
1.598e-007,0.00276812
1.599e-007,0.00275099
1.6e-007,0.00274414
1.601e-007,0.00274585
1.602e-007,0.00274243
1.603e-007,0.00278696
1.604e-007,0.00284349
1.605e-007,0.00291544
1.606e-007,0.00298053
1.607e-007,0.00301993
1.608e-007,0.00299937
1.609e-007,0.00293599
1.61e-007,0.00285034
1.611e-007,0.00278354
1.612e-007,0.00271845
1.613e-007,0.00272187
1.614e-007,0.00273386
1.615e-007,0.00279039
1.616e-007,0.00287261
1.617e-007,0.00298567
1.618e-007,0.00307474
1.619e-007,0.0031621
1.62e-007,0.00319293
1.621e-007,0.00318094
1.622e-007,0.00309872
1.623e-007,0.0030165
1.624e-007,0.00296682
1.625e-007,0.0029634
1.626e-007,0.00301307
1.627e-007,0.00310386
1.628e-007,0.00318266
1.629e-007,0.00318437
1.63e-007,0.00310386
1.631e-007,0.00301993
1.632e-007,0.00292914
1.633e-007,0.00292743
1.634e-007,0.0029771
1.635e-007,0.00309358
1.636e-007,0.00321691
1.637e-007,0.00328886
1.638e-007,0.00332826
1.639e-007,0.0033214
1.64e-007,0.00329742
1.641e-007,0.00327173
1.642e-007,0.00320492
1.643e-007,0.00314154
1.644e-007,0.00310386
1.645e-007,0.00306446
1.646e-007,0.00303534
1.647e-007,0.00304219
1.648e-007,0.0030833
1.649e-007,0.00311928
1.65e-007,0.00312442
1.651e-007,0.00307817
1.652e-007,0.00302678
1.653e-007,0.00294627
1.654e-007,0.00289317
1.655e-007,0.00285891
1.656e-007,0.0028572
1.657e-007,0.00288974
1.658e-007,0.00294627
1.659e-007,0.00302678
1.66e-007,0.003109
1.661e-007,0.00320492
1.662e-007,0.00324432
1.663e-007,0.00327173
1.664e-007,0.00325289
1.665e-007,0.00319293
1.666e-007,0.00312099
1.667e-007,0.00303877
1.668e-007,0.00297196
1.669e-007,0.002924
1.67e-007,0.00288974
1.671e-007,0.00288803
1.672e-007,0.00288974
1.673e-007,0.00292229
1.674e-007,0.00293599
1.675e-007,0.00291372
1.676e-007,0.00289317
1.677e-007,0.00287432
1.678e-007,0.00287946
1.679e-007,0.00289831
1.68e-007,0.00291715
1.681e-007,0.00295655
1.682e-007,0.00299252
1.683e-007,0.00297196
1.684e-007,0.00294627
1.685e-007,0.00290344
1.686e-007,0.00285548
1.687e-007,0.00281095
1.688e-007,0.00276812
1.689e-007,0.00272187
1.69e-007,0.00266535
1.691e-007,0.00266363
1.692e-007,0.00268247
1.693e-007,0.00270817
1.694e-007,0.00274928
1.695e-007,0.00274071
1.696e-007,0.00271502
1.697e-007,0.00265507
1.698e-007,0.00256428
1.699e-007,0.00249576
1.7e-007,0.00245465
1.701e-007,0.00244609
1.702e-007,0.00248377
1.703e-007,0.00252317
1.704e-007,0.00257113
1.705e-007,0.00258998
1.706e-007,0.00260368
1.707e-007,0.00261053
1.708e-007,0.00259854
1.709e-007,0.00257285
1.71e-007,0.00254544
1.711e-007,0.00248206
1.712e-007,0.00244095
1.713e-007,0.00241354
1.714e-007,0.0024341
1.715e-007,0.00246836
1.716e-007,0.0024872
1.717e-007,0.00248035
1.718e-007,0.00245123
1.719e-007,0.00236387
1.72e-007,0.00226623
1.721e-007,0.00217373
1.722e-007,0.00212063
1.723e-007,0.00209665
1.724e-007,0.00208466
1.725e-007,0.00210179
1.726e-007,0.00213776
1.727e-007,0.00218229
1.728e-007,0.0022097
1.729e-007,0.00222512
1.73e-007,0.00223711
1.731e-007,0.00223197
1.732e-007,0.00223197
1.733e-007,0.00224053
1.734e-007,0.00220285
1.735e-007,0.00216345
1.736e-007,0.00206068
1.737e-007,0.00195447
1.738e-007,0.00188938
1.739e-007,0.00187568
1.74e-007,0.00190651
1.741e-007,0.00196989
1.742e-007,0.00200243
1.743e-007,0.00198873
1.744e-007,0.00194077
1.745e-007,0.00187568
1.746e-007,0.00181744
1.747e-007,0.00178489
1.748e-007,0.00177461
1.749e-007,0.00176091
1.75e-007,0.00170267
1.751e-007,0.00160674
1.752e-007,0.00145943
1.753e-007,0.00128985
1.754e-007,0.00117679
1.755e-007,0.00112541
1.756e-007,0.00118707
