LECROYWM8500,500500138,Waveform
Segments,1,SegmentSize,2002
Segment,TrigTime,TimeSinceSegment1
#1,21-Mar-2024 16:38:12,0                 
Time,Ampl
-2.45e-008,0.00026722
-2.44e-008,0.000173008
-2.43e-008,0.000113054
-2.42e-008,7.87956e-005
-2.41e-008,7.53697e-005
-2.4e-008,6.3379e-005
-2.39e-008,3.42589e-005
-2.38e-008,1.54165e-005
-2.37e-008,2.74071e-005
-2.36e-008,7.53697e-005
-2.35e-008,0.000150739
-2.34e-008,0.000241526
-2.33e-008,0.000299766
-2.32e-008,0.000289488
-2.31e-008,0.000231248
-2.3e-008,0.000109629
-2.29e-008,4.28237e-005
-2.28e-008,1.71295e-006
-2.27e-008,0
-2.26e-008,4.28237e-005
-2.25e-008,0.000121619
-2.24e-008,0.000169582
-2.23e-008,0.000167869
-2.22e-008,0.00011648
-2.21e-008,5.48143e-005
-2.2e-008,8.56473e-006
-2.19e-008,3.59719e-005
-2.18e-008,0.000119906
-2.17e-008,0.000205554
-2.16e-008,0.000315182
-2.15e-008,0.000378561
-2.14e-008,0.000346015
-2.13e-008,0.000289488
-2.12e-008,0.000212405
-2.11e-008,0.000173008
-2.1e-008,0.000183285
-2.09e-008,0.00020898
-2.08e-008,0.000253516
-2.07e-008,0.000323747
-2.06e-008,0.000366571
-2.05e-008,0.000397404
-2.04e-008,0.000440227
-2.03e-008,0.000469347
-2.02e-008,0.000464209
-2.01e-008,0.000402543
-2e-008,0.00030833
-1.99e-008,0.000181572
-1.98e-008,8.05085e-005
-1.97e-008,-1.88424e-005
-1.96e-008,-1.19906e-005
-1.95e-008,7.53697e-005
-1.94e-008,0.00016273
-1.93e-008,0.000291201
-1.92e-008,0.000346015
-1.91e-008,0.000390552
-1.9e-008,0.0003837
-1.89e-008,0.000416246
-1.88e-008,0.000423098
-1.87e-008,0.000483051
-1.86e-008,0.00051731
-1.85e-008,0.000476199
-1.84e-008,0.000421385
-1.83e-008,0.000265507
-1.82e-008,0.000114767
-1.81e-008,-6.85179e-006
-1.8e-008,-1.71295e-005
-1.79e-008,8.22214e-005
-1.78e-008,0.000248377
-1.77e-008,0.000436801
-1.76e-008,0.000594393
-1.75e-008,0.000647494
-1.74e-008,0.000572124
-1.73e-008,0.000375135
-1.72e-008,0.000140462
-1.71e-008,-5.82402e-005
-1.7e-008,-0.000155878
-1.69e-008,-0.000150739
-1.68e-008,-2.56942e-005
-1.67e-008,0.000167869
-1.66e-008,0.000361432
-1.65e-008,0.000510458
-1.64e-008,0.000568698
-1.63e-008,0.000568698
-1.62e-008,0.000548143
-1.61e-008,0.000529301
-1.6e-008,0.000532726
-1.59e-008,0.000554995
-1.58e-008,0.000602957
-1.57e-008,0.000616661
-1.56e-008,0.000590967
-1.55e-008,0.000501893
-1.54e-008,0.000405968
-1.53e-008,0.000337451
-1.52e-008,0.000339163
-1.51e-008,0.000364858
-1.5e-008,0.000368284
-1.49e-008,0.000368284
-1.48e-008,0.000315182
-1.47e-008,0.000289488
-1.46e-008,0.000243238
-1.45e-008,0.000313469
-1.44e-008,0.000426524
-1.43e-008,0.000560134
-1.42e-008,0.000647494
-1.41e-008,0.000652633
-1.4e-008,0.000524162
-1.39e-008,0.000310043
-1.38e-008,8.73603e-005
-1.37e-008,-0.000106203
-1.36e-008,-0.000186711
-1.35e-008,-0.000176434
-1.34e-008,-7.70826e-005
-1.33e-008,7.70826e-005
-1.32e-008,0.000234674
-1.31e-008,0.000311756
-1.3e-008,0.000330599
-1.29e-008,0.000256942
-1.28e-008,0.000167869
-1.27e-008,3.2546e-005
-1.26e-008,-3.42589e-005
-1.25e-008,-4.45366e-005
-1.24e-008,1.02777e-005
-1.23e-008,0.000130184
-1.22e-008,0.000311756
-1.21e-008,0.000489903
-1.2e-008,0.000584115
-1.19e-008,0.000616661
-1.18e-008,0.000568698
-1.17e-008,0.000452218
-1.16e-008,0.000315182
-1.15e-008,0.000179859
-1.14e-008,8.73603e-005
-1.13e-008,8.22214e-005
-1.12e-008,0.0001456
-1.11e-008,0.000246664
-1.1e-008,0.00041282
-1.09e-008,0.000556708
-1.08e-008,0.000697169
-1.07e-008,0.000757123
-1.06e-008,0.000751984
-1.05e-008,0.000731428
-1.04e-008,0.00073828
-1.03e-008,0.000760548
-1.02e-008,0.00082564
-1.01e-008,0.000895871
-1e-008,0.000984944
-9.9e-009,0.000979806
-9.8e-009,0.000950686
-9.7e-009,0.000859899
-9.6e-009,0.000777678
-9.5e-009,0.000745132
-9.4e-009,0.000777678
-9.3e-009,0.000875316
-9.2e-009,0.000974667
-9.1e-009,0.00106031
-9e-009,0.0010586
-8.9e-009,0.00101406
-8.8e-009,0.000974667
-8.7e-009,0.000894158
-8.6e-009,0.00087189
-8.5e-009,0.000822214
-8.4e-009,0.000803372
-8.3e-009,0.000770826
-8.2e-009,0.000736567
-8.1e-009,0.000743419
-8e-009,0.000789669
-7.9e-009,0.000907862
-7.8e-009,0.00102092
-7.7e-009,0.00106717
-7.6e-009,0.00105175
-7.5e-009,0.000923278
-7.4e-009,0.000693743
-7.3e-009,0.000414533
-7.2e-009,0.000164443
-7.1e-009,2.05554e-005
-7e-009,-2.39813e-005
-6.9e-009,6.3379e-005
-6.8e-009,0.000256942
-6.7e-009,0.00042995
-6.6e-009,0.00056356
-6.5e-009,0.000585828
-6.4e-009,0.000577263
-6.3e-009,0.000481338
-6.2e-009,0.000381987
-6.1e-009,0.000248377
-6e-009,0.000200415
-5.9e-009,0.000205554
-5.8e-009,0.000313469
-5.7e-009,0.000510458
-5.6e-009,0.000817076
-5.5e-009,0.00126073
-5.4e-009,0.00185512
-5.3e-009,0.00261053
-5.2e-009,0.00360061
-5.1e-009,0.00474315
-5e-009,0.00593194
-4.9e-009,0.0070779
-4.8e-009,0.00806455
-4.7e-009,0.00887649
-4.6e-009,0.00955996
-4.5e-009,0.0101937
-4.4e-009,0.0108961
-4.3e-009,0.0116412
-4.2e-009,0.0124069
-4.1e-009,0.0131349
-4e-009,0.0137139
-3.9e-009,0.0140119
-3.8e-009,0.0140239
-3.7e-009,0.0137207
-3.6e-009,0.0131263
-3.5e-009,0.0122664
-3.4e-009,0.0111342
-3.3e-009,0.00978949
-3.2e-009,0.00837974
-3.1e-009,0.00700424
-3e-009,0.00581545
-2.9e-009,0.00495042
-2.8e-009,0.00445024
-2.7e-009,0.00433204
-2.6e-009,0.00444338
-2.5e-009,0.00470718
-2.4e-009,0.00502065
-2.3e-009,0.00537865
-2.2e-009,0.00578633
-2.1e-009,0.00624198
-2e-009,0.00674558
-1.9e-009,0.00729201
-1.8e-009,0.00783844
-1.7e-009,0.00834719
-1.6e-009,0.00880797
-1.5e-009,0.00919339
-1.4e-009,0.00952227
-1.3e-009,0.00974838
-1.2e-009,0.00995051
-1.1e-009,0.0100242
-1e-009,0.0100927
-9e-010,0.0100396
-8e-010,0.00991796
-7e-010,0.00964389
-6e-010,0.00918653
-5e-010,0.00853561
-4e-010,0.00765687
-3e-010,0.00658114
-2e-010,0.0055037
-1e-010,0.00453074
4.138488e-023,0.00379932
1e-010,0.00333682
2e-010,0.00316553
3e-010,0.00320492
4e-010,0.00339849
5e-010,0.00369311
6e-010,0.00409223
7e-010,0.00455815
8e-010,0.00509088
9e-010,0.0055962
1e-009,0.00612207
1.1e-009,0.00654174
1.2e-009,0.00694257
1.3e-009,0.00732285
1.4e-009,0.00773224
1.5e-009,0.00815705
1.6e-009,0.00854418
1.7e-009,0.00885594
1.8e-009,0.00903408
1.9e-009,0.0090101
2e-009,0.00881825
2.1e-009,0.00845168
2.2e-009,0.00796178
2.3e-009,0.00732799
2.4e-009,0.00653318
2.5e-009,0.00565272
2.6e-009,0.00475
2.7e-009,0.00388668
2.8e-009,0.00315182
2.9e-009,0.00254715
3e-009,0.00215489
3.1e-009,0.00192707
3.2e-009,0.001826
3.3e-009,0.00184142
3.4e-009,0.00197331
3.5e-009,0.00226623
3.6e-009,0.00270132
3.7e-009,0.00321863
3.8e-009,0.00384043
3.9e-009,0.0045119
4e-009,0.00523477
4.1e-009,0.00590453
4.2e-009,0.00650063
4.3e-009,0.00693401
4.4e-009,0.00719609
4.5e-009,0.00729201
4.6e-009,0.00723377
4.7e-009,0.0070522
4.8e-009,0.00681582
4.9e-009,0.00652461
5e-009,0.00613749
5.1e-009,0.00562532
5.2e-009,0.00495384
5.3e-009,0.00423954
5.4e-009,0.00344987
5.5e-009,0.00272701
5.6e-009,0.00206239
5.7e-009,0.00148512
5.8e-009,0.000979806
5.9e-009,0.000553282
6e-009,0.000262081
6.1e-009,0.000174721
6.2e-009,0.000316895
6.3e-009,0.000729715
6.4e-009,0.00127101
6.5e-009,0.0019322
6.6e-009,0.00267391
6.7e-009,0.00342247
6.8e-009,0.0041539
6.9e-009,0.00487676
7e-009,0.00558763
7.1e-009,0.00617689
7.2e-009,0.00663596
7.3e-009,0.00685864
7.4e-009,0.006946
7.5e-009,0.00682781
7.6e-009,0.00652461
7.7e-009,0.00606726
7.8e-009,0.00549171
7.9e-009,0.00479625
8e-009,0.0040751
8.1e-009,0.00328715
8.2e-009,0.00255229
8.3e-009,0.00180887
8.4e-009,0.00112369
8.5e-009,0.000503606
8.6e-009,-1.71295e-005
8.7e-009,-0.000313469
8.8e-009,-0.000393978
8.9e-009,-0.000253516
9e-009,5.82402e-005
9.1e-009,0.000505319
9.2e-009,0.000954111
9.3e-009,0.001456
9.4e-009,0.00198873
9.5e-009,0.00253516
9.6e-009,0.003109
9.7e-009,0.00371709
9.8e-009,0.00429264
9.9e-009,0.00476884
1e-008,0.00505148
1.01e-008,0.00522963
1.02e-008,0.00520565
1.03e-008,0.00509259
1.04e-008,0.00484593
1.05e-008,0.00452903
1.06e-008,0.0040888
1.07e-008,0.00353724
1.08e-008,0.00288632
1.09e-008,0.00217373
1.1e-008,0.00148341
1.11e-008,0.000832492
1.12e-008,0.000294627
1.13e-008,-0.000121619
1.14e-008,-0.000402543
1.15e-008,-0.000544717
1.16e-008,-0.00060467
1.17e-008,-0.000582402
1.18e-008,-0.000513884
1.19e-008,-0.000438514
1.2e-008,-0.000214118
1.21e-008,6.68049e-005
1.22e-008,0.000501893
1.23e-008,0.00109629
1.24e-008,0.00180202
1.25e-008,0.00254373
1.26e-008,0.00325802
1.27e-008,0.00390723
1.28e-008,0.00450162
1.29e-008,0.00497097
1.3e-008,0.00522278
1.31e-008,0.00527416
1.32e-008,0.00514055
1.33e-008,0.00479625
1.34e-008,0.00430977
1.35e-008,0.00372052
1.36e-008,0.00309187
1.37e-008,0.00247521
1.38e-008,0.00190651
1.39e-008,0.00139091
1.4e-008,0.00091814
1.41e-008,0.000539578
1.42e-008,0.000181572
1.43e-008,-0.00010449
1.44e-008,-0.000342589
1.45e-008,-0.000496755
1.46e-008,-0.000476199
1.47e-008,-0.000284349
1.48e-008,5.13884e-005
1.49e-008,0.000520736
1.5e-008,0.00100721
1.51e-008,0.00155364
1.52e-008,0.00209493
1.53e-008,0.00267391
1.54e-008,0.00327515
1.55e-008,0.00388668
1.56e-008,0.00443653
1.57e-008,0.00487333
1.58e-008,0.00512
1.59e-008,0.0052125
1.6e-008,0.00512342
1.61e-008,0.00484764
1.62e-008,0.00442797
1.63e-008,0.00391922
1.64e-008,0.00333511
1.65e-008,0.00270303
1.66e-008,0.00206924
1.67e-008,0.00149026
1.68e-008,0.00097638
1.69e-008,0.000489903
1.7e-008,6.5092e-005
1.71e-008,-0.000274071
1.72e-008,-0.000510458
1.73e-008,-0.000522449
1.74e-008,-0.000395691
1.75e-008,-0.000102777
1.76e-008,0.000256942
1.77e-008,0.000656059
1.78e-008,0.00107059
1.79e-008,0.00155878
1.8e-008,0.00211892
1.81e-008,0.00278868
1.82e-008,0.00345844
1.83e-008,0.00402885
1.84e-008,0.00443311
1.85e-008,0.00464551
1.86e-008,0.00466264
1.87e-008,0.00460611
1.88e-008,0.00448449
1.89e-008,0.0042601
1.9e-008,0.00396376
1.91e-008,0.00348927
1.92e-008,0.00293428
1.93e-008,0.00227137
1.94e-008,0.00169068
1.95e-008,0.00118879
1.96e-008,0.000829066
1.97e-008,0.000596106
1.98e-008,0.000433376
1.99e-008,0.000291201
2e-008,0.000202128
2.01e-008,0.000152452
2.02e-008,0.000121619
2.03e-008,0.000173008
2.04e-008,0.00027921
2.05e-008,0.000447079
2.06e-008,0.000712586
2.07e-008,0.001098
2.08e-008,0.00159818
2.09e-008,0.00210864
2.1e-008,0.00261224
2.11e-008,0.00304905
2.12e-008,0.00343103
2.13e-008,0.00375992
2.14e-008,0.00404769
2.15e-008,0.00422413
2.16e-008,0.00429264
2.17e-008,0.00416589
2.18e-008,0.0039158
2.19e-008,0.00351668
2.2e-008,0.00308673
2.21e-008,0.00260197
2.22e-008,0.00216345
2.23e-008,0.00170438
2.24e-008,0.00123503
2.25e-008,0.000818789
2.26e-008,0.000489903
2.27e-008,0.000289488
2.28e-008,0.000274071
2.29e-008,0.000340876
2.3e-008,0.000447079
2.31e-008,0.000584115
2.32e-008,0.000693743
2.33e-008,0.000803372
2.34e-008,0.00102434
2.35e-008,0.00133781
2.36e-008,0.00180031
2.37e-008,0.00235873
2.38e-008,0.00294798
2.39e-008,0.00349612
2.4e-008,0.00392779
2.41e-008,0.00416075
2.42e-008,0.00422413
2.43e-008,0.0041676
2.44e-008,0.00401515
2.45e-008,0.0039158
2.46e-008,0.00388496
2.47e-008,0.00384043
2.48e-008,0.00373251
2.49e-008,0.0035064
2.5e-008,0.00307817
2.51e-008,0.00253687
2.52e-008,0.00199044
2.53e-008,0.00153309
2.54e-008,0.00124189
2.55e-008,0.00116309
2.56e-008,0.00114939
2.57e-008,0.00118879
2.58e-008,0.00116652
2.59e-008,0.0010586
2.6e-008,0.000969528
2.61e-008,0.000935269
2.62e-008,0.00107744
2.63e-008,0.00139948
2.64e-008,0.00184998
2.65e-008,0.00236558
2.66e-008,0.0028709
2.67e-008,0.00327687
2.68e-008,0.0036383
2.69e-008,0.00396205
2.7e-008,0.00420015
2.71e-008,0.00438343
2.72e-008,0.00446737
2.73e-008,0.00437829
2.74e-008,0.00414533
2.75e-008,0.00375478
2.76e-008,0.00329057
2.77e-008,0.00282122
2.78e-008,0.00239813
2.79e-008,0.00200929
2.8e-008,0.00171466
2.81e-008,0.00137378
2.82e-008,0.00103805
2.83e-008,0.000668049
2.84e-008,0.000356293
2.85e-008,0.0001456
2.86e-008,0.000109629
2.87e-008,0.000174721
2.88e-008,0.000346015
2.89e-008,0.000549856
2.9e-008,0.000781104
2.91e-008,0.00100379
2.92e-008,0.00125902
2.93e-008,0.00155878
2.94e-008,0.00184313
2.95e-008,0.00211549
2.96e-008,0.00226452
2.97e-008,0.00238613
2.98e-008,0.00242382
2.99e-008,0.00241183
3e-008,0.00243924
3.01e-008,0.0024615
3.02e-008,0.00243238
3.03e-008,0.00230391
3.04e-008,0.00204868
3.05e-008,0.0017335
3.06e-008,0.00133439
3.07e-008,0.000957537
3.08e-008,0.000626939
3.09e-008,0.000356293
3.1e-008,0.000126758
3.11e-008,-8.05085e-005
3.12e-008,-0.000328886
3.13e-008,-0.000590967
3.14e-008,-0.000786243
3.15e-008,-0.000847909
3.16e-008,-0.000772539
3.17e-008,-0.000543004
3.18e-008,-0.000179859
3.19e-008,0.000232961
3.2e-008,0.000649207
3.21e-008,0.00101064
3.22e-008,0.00131383
3.23e-008,0.00150739
3.24e-008,0.00167697
3.25e-008,0.00176947
3.26e-008,0.00180202
3.27e-008,0.001826
3.28e-008,0.00177633
3.29e-008,0.00169924
3.3e-008,0.00159133
3.31e-008,0.0014029
3.32e-008,0.00117508
3.33e-008,0.000894158
3.34e-008,0.000541291
3.35e-008,0.000178146
3.36e-008,-0.000149026
3.37e-008,-0.000421385
3.38e-008,-0.00060467
3.39e-008,-0.000668049
3.4e-008,-0.000704021
3.41e-008,-0.000697169
3.42e-008,-0.000729715
3.43e-008,-0.000829066
3.44e-008,-0.000921565
3.45e-008,-0.000904436
3.46e-008,-0.000750271
3.47e-008,-0.000515597
3.48e-008,-0.000164443
3.49e-008,0.000142175
3.5e-008,0.000364858
3.51e-008,0.000481338
3.52e-008,0.000549856
3.53e-008,0.000560134
3.54e-008,0.000640642
3.55e-008,0.000722864
3.56e-008,0.000801659
3.57e-008,0.000835918
3.58e-008,0.000741706
3.59e-008,0.000548143
3.6e-008,0.000256942
3.61e-008,-8.90732e-005
3.62e-008,-0.000407681
3.63e-008,-0.000674901
3.64e-008,-0.000914714
3.65e-008,-0.00111684
3.66e-008,-0.00130698
3.67e-008,-0.00153137
3.68e-008,-0.00173179
3.69e-008,-0.00194419
3.7e-008,-0.00205211
3.71e-008,-0.00209322
3.72e-008,-0.00203669
3.73e-008,-0.00196304
3.74e-008,-0.00184484
3.75e-008,-0.00168554
3.76e-008,-0.00151767
3.77e-008,-0.00134809
3.78e-008,-0.00111342
3.79e-008,-0.000817076
3.8e-008,-0.000520736
3.81e-008,-0.000265507
3.82e-008,-0.000106203
3.83e-008,-5.13884e-005
3.84e-008,-7.02308e-005
3.85e-008,-0.000157591
3.86e-008,-0.000224396
3.87e-008,-0.000334025
3.88e-008,-0.000448792
3.89e-008,-0.000656059
3.9e-008,-0.000948973
3.91e-008,-0.00136179
3.92e-008,-0.00179517
3.93e-008,-0.00219428
3.94e-008,-0.00254201
3.95e-008,-0.00272016
3.96e-008,-0.00284692
3.97e-008,-0.0028846
3.98e-008,-0.00286062
3.99e-008,-0.00281266
4e-008,-0.00272187
4.01e-008,-0.00262766
4.02e-008,-0.00249234
4.03e-008,-0.0023553
4.04e-008,-0.00222854
4.05e-008,-0.0021172
4.06e-008,-0.00206068
4.07e-008,-0.00201271
4.08e-008,-0.00197845
4.09e-008,-0.00189623
4.1e-008,-0.00173864
4.11e-008,-0.00155707
4.12e-008,-0.00132925
4.13e-008,-0.00111855
4.14e-008,-0.000971241
4.15e-008,-0.000974667
4.16e-008,-0.00105518
4.17e-008,-0.00124703
4.18e-008,-0.00150739
4.19e-008,-0.00178489
4.2e-008,-0.0021035
4.21e-008,-0.00240326
4.22e-008,-0.00269618
4.23e-008,-0.00297368
4.24e-008,-0.00317752
4.25e-008,-0.00326145
4.26e-008,-0.00331284
4.27e-008,-0.00324432
4.28e-008,-0.00313127
4.29e-008,-0.00293428
4.3e-008,-0.0027253
4.31e-008,-0.0025403
4.32e-008,-0.00232789
4.33e-008,-0.00216688
4.34e-008,-0.00202128
4.35e-008,-0.00185512
4.36e-008,-0.00174549
4.37e-008,-0.00160332
4.38e-008,-0.00145087
4.39e-008,-0.00135323
4.4e-008,-0.00128814
4.41e-008,-0.00132239
4.42e-008,-0.00140633
4.43e-008,-0.00150911
4.44e-008,-0.00166498
4.45e-008,-0.00184142
4.46e-008,-0.00202128
4.47e-008,-0.00222341
4.48e-008,-0.00240155
4.49e-008,-0.00257113
4.5e-008,-0.00271331
4.51e-008,-0.00284692
4.52e-008,-0.00291715
4.53e-008,-0.00294113
4.54e-008,-0.0029771
4.55e-008,-0.00299081
4.56e-008,-0.00295483
4.57e-008,-0.00292914
4.58e-008,-0.0028846
4.59e-008,-0.00282636
4.6e-008,-0.00274585
4.61e-008,-0.00263109
4.62e-008,-0.00251289
4.63e-008,-0.00238613
4.64e-008,-0.00228336
4.65e-008,-0.00217202
4.66e-008,-0.00207095
4.67e-008,-0.00200243
4.68e-008,-0.00192021
4.69e-008,-0.00188595
4.7e-008,-0.00181915
4.71e-008,-0.00176605
4.72e-008,-0.00181401
4.73e-008,-0.0018791
4.74e-008,-0.00198873
4.75e-008,-0.00212405
4.76e-008,-0.00223197
4.77e-008,-0.00237928
4.78e-008,-0.00248549
4.79e-008,-0.00257113
4.8e-008,-0.00262595
4.81e-008,-0.00270303
4.82e-008,-0.00272872
4.83e-008,-0.00272872
4.84e-008,-0.00267391
4.85e-008,-0.00258141
4.86e-008,-0.00242211
4.87e-008,-0.0022354
4.88e-008,-0.00202984
4.89e-008,-0.00184484
4.9e-008,-0.00167869
4.91e-008,-0.00153137
4.92e-008,-0.0014286
4.93e-008,-0.00128642
4.94e-008,-0.00113397
4.95e-008,-0.00102948
4.96e-008,-0.000969528
4.97e-008,-0.000964389
4.98e-008,-0.00100893
4.99e-008,-0.00113054
5e-008,-0.00119221
5.01e-008,-0.00123503
5.02e-008,-0.0012573
5.03e-008,-0.00126415
5.04e-008,-0.00127957
5.05e-008,-0.00132411
5.06e-008,-0.00141832
5.07e-008,-0.00149369
5.08e-008,-0.00153309
5.09e-008,-0.00158276
5.1e-008,-0.00157762
5.11e-008,-0.00155707
5.12e-008,-0.00151596
5.13e-008,-0.00142003
5.14e-008,-0.00128814
5.15e-008,-0.00118365
5.16e-008,-0.00108601
5.17e-008,-0.000957537
5.18e-008,-0.000818789
5.19e-008,-0.000692031
5.2e-008,-0.000609809
5.21e-008,-0.000507032
5.22e-008,-0.000387126
5.23e-008,-0.000241526
5.24e-008,-5.99531e-005
5.25e-008,0.000164443
5.26e-008,0.000313469
5.27e-008,0.000349441
5.28e-008,0.000280923
5.29e-008,4.62496e-005
5.3e-008,-0.000181572
5.31e-008,-0.000352867
5.32e-008,-0.000359719
5.33e-008,-0.000287775
5.34e-008,-0.000140462
5.35e-008,-5.13884e-005
5.36e-008,-5.13884e-005
5.37e-008,-0.000123332
5.38e-008,-0.000200415
5.39e-008,-0.000210692
5.4e-008,-8.73603e-005
5.41e-008,0.000106203
5.42e-008,0.000301479
5.43e-008,0.000467634
5.44e-008,0.000553282
5.45e-008,0.000560134
5.46e-008,0.000541291
5.47e-008,0.000525875
5.48e-008,0.000568698
5.49e-008,0.000649207
5.5e-008,0.000714299
5.51e-008,0.000779391
5.52e-008,0.000815363
5.53e-008,0.000832492
5.54e-008,0.000847909
5.55e-008,0.000853048
5.56e-008,0.000865038
5.57e-008,0.000863325
5.58e-008,0.000818789
5.59e-008,0.000770826
5.6e-008,0.000702308
5.61e-008,0.000613235
5.62e-008,0.000601244
5.63e-008,0.000596106
5.64e-008,0.000637216
5.65e-008,0.000685179
5.66e-008,0.000787956
5.67e-008,0.000890732
5.68e-008,0.000983232
5.69e-008,0.00104832
5.7e-008,0.00108943
5.71e-008,0.00109971
5.72e-008,0.00112541
5.73e-008,0.00117166
5.74e-008,0.001283
5.75e-008,0.00146971
5.76e-008,0.0017198
5.77e-008,0.00199901
5.78e-008,0.00222854
5.79e-008,0.00234331
5.8e-008,0.00238442
5.81e-008,0.00238271
5.82e-008,0.00233817
5.83e-008,0.00231248
5.84e-008,0.00233989
5.85e-008,0.00238442
5.86e-008,0.00245808
5.87e-008,0.00252831
5.88e-008,0.00254373
5.89e-008,0.00251289
5.9e-008,0.00239641
5.91e-008,0.00223368
5.92e-008,0.00211549
5.93e-008,0.00205211
5.94e-008,0.00210521
5.95e-008,0.00224053
5.96e-008,0.00238442
5.97e-008,0.00256599
5.98e-008,0.00264479
5.99e-008,0.00272872
6e-008,0.00277326
6.01e-008,0.00283664
6.02e-008,0.00290687
6.03e-008,0.00299594
6.04e-008,0.00306446
6.05e-008,0.00311414
6.06e-008,0.00321006
6.07e-008,0.00331113
6.08e-008,0.00336765
6.09e-008,0.00341904
6.1e-008,0.00340705
6.11e-008,0.00342247
6.12e-008,0.00336937
6.13e-008,0.00333511
6.14e-008,0.00325802
6.15e-008,0.00316724
6.16e-008,0.00301821
6.17e-008,0.00289317
6.18e-008,0.00280067
6.19e-008,0.00274071
6.2e-008,0.00277497
6.21e-008,0.00285891
6.22e-008,0.00298224
6.23e-008,0.00307474
6.24e-008,0.00308159
6.25e-008,0.00305076
6.26e-008,0.00299081
6.27e-008,0.00296511
6.28e-008,0.00298909
6.29e-008,0.00301993
6.3e-008,0.00309358
6.31e-008,0.00313812
6.32e-008,0.00316039
6.33e-008,0.00314668
6.34e-008,0.00313641
6.35e-008,0.00313983
6.36e-008,0.00313641
6.37e-008,0.00311756
6.38e-008,0.0031227
6.39e-008,0.00314668
6.4e-008,0.00316553
6.41e-008,0.00324603
6.42e-008,0.00333853
6.43e-008,0.00336251
6.44e-008,0.00332483
6.45e-008,0.00320835
6.46e-008,0.00303192
6.47e-008,0.00287946
6.48e-008,0.00279039
6.49e-008,0.00276641
6.5e-008,0.00282636
6.51e-008,0.00292743
6.52e-008,0.00292057
6.53e-008,0.00286747
6.54e-008,0.00275784
6.55e-008,0.00269447
6.56e-008,0.00270988
6.57e-008,0.00276127
6.58e-008,0.00285206
6.59e-008,0.00293257
6.6e-008,0.00300622
6.61e-008,0.0030165
6.62e-008,0.00297025
6.63e-008,0.00291544
6.64e-008,0.00283835
6.65e-008,0.0027647
6.66e-008,0.00273386
6.67e-008,0.00276298
6.68e-008,0.00283835
6.69e-008,0.00294456
6.7e-008,0.00299937
6.71e-008,0.00294798
6.72e-008,0.00279039
6.73e-008,0.00249919
6.74e-008,0.00224396
6.75e-008,0.00208637
6.76e-008,0.00207609
6.77e-008,0.00221141
6.78e-008,0.00238956
6.79e-008,0.00253345
6.8e-008,0.00255914
6.81e-008,0.00246836
6.82e-008,0.00232618
6.83e-008,0.00215831
6.84e-008,0.00197331
6.85e-008,0.00187396
6.86e-008,0.001826
6.87e-008,0.00182429
6.88e-008,0.00181915
6.89e-008,0.00189623
6.9e-008,0.00196989
6.91e-008,0.00206753
6.92e-008,0.00215146
6.93e-008,0.00217716
6.94e-008,0.00214632
6.95e-008,0.00201443
6.96e-008,0.0018791
6.97e-008,0.00164957
6.98e-008,0.0014817
6.99e-008,0.00138064
7e-008,0.00133781
7.01e-008,0.00133267
7.02e-008,0.00126929
7.03e-008,0.00119906
7.04e-008,0.00114596
7.05e-008,0.0011117
7.06e-008,0.00112712
7.07e-008,0.00117851
7.08e-008,0.00125045
7.09e-008,0.00127101
7.1e-008,0.00121277
7.11e-008,0.00102263
7.12e-008,0.0007674
7.13e-008,0.000561847
7.14e-008,0.000476199
7.15e-008,0.000501893
7.16e-008,0.000616661
7.17e-008,0.000728002
7.18e-008,0.000774252
7.19e-008,0.00075541
7.2e-008,0.000664623
7.21e-008,0.000625226
7.22e-008,0.000676614
7.23e-008,0.000758835
7.24e-008,0.000865038
7.25e-008,0.000878742
7.26e-008,0.000829066
7.27e-008,0.000644068
7.28e-008,0.000460783
7.29e-008,0.000282636
7.3e-008,0.000171295
7.31e-008,0.000121619
7.32e-008,0.000150739
7.33e-008,0.000227822
7.34e-008,0.000284349
7.35e-008,0.000316895
7.36e-008,0.000258655
7.37e-008,0.00016273
7.38e-008,1.88424e-005
7.39e-008,-0.000107916
7.4e-008,-0.000166156
7.41e-008,-0.000140462
7.42e-008,-0.000138749
7.43e-008,-0.000142175
7.44e-008,-0.000205554
7.45e-008,-0.000298053
7.46e-008,-0.000371709
7.47e-008,-0.00042995
7.48e-008,-0.000472773
7.49e-008,-0.00044194
7.5e-008,-0.000405968
7.51e-008,-0.000392265
7.52e-008,-0.000368284
7.53e-008,-0.000349441
7.54e-008,-0.000363145
7.55e-008,-0.000375135
7.56e-008,-0.000385413
7.57e-008,-0.000390552
7.58e-008,-0.000405968
7.59e-008,-0.000359719
7.6e-008,-0.000253516
7.61e-008,-0.000119906
7.62e-008,-5.82402e-005
7.63e-008,-7.87956e-005
7.64e-008,-0.000171295
7.65e-008,-0.000268933
7.66e-008,-0.00035458
7.67e-008,-0.000359719
7.68e-008,-0.000315182
7.69e-008,-0.000236387
7.7e-008,-0.000149026
7.71e-008,-7.70826e-005
7.72e-008,-2.39813e-005
7.73e-008,1.71295e-005
7.74e-008,6.16661e-005
7.75e-008,7.19438e-005
7.76e-008,0.000101064
7.77e-008,5.65272e-005
7.78e-008,3.59719e-005
7.79e-008,1.88424e-005
7.8e-008,-1.71295e-006
7.81e-008,4.62496e-005
7.82e-008,6.16661e-005
7.83e-008,0.000125045
7.84e-008,0.000173008
7.85e-008,0.000217544
7.86e-008,0.000292914
7.87e-008,0.000335738
7.88e-008,0.000373422
7.89e-008,0.000376848
7.9e-008,0.000323747
7.91e-008,0.000258655
7.92e-008,0.000173008
7.93e-008,0.000121619
7.94e-008,0.000121619
7.95e-008,0.000121619
7.96e-008,0.000138749
7.97e-008,0.000190137
7.98e-008,0.000311756
7.99e-008,0.00045907
8e-008,0.000635503
8.01e-008,0.000832492
8.02e-008,0.000957537
8.03e-008,0.00102777
8.04e-008,0.00105004
8.05e-008,0.0010723
8.06e-008,0.00106374
8.07e-008,0.00107916
8.08e-008,0.0010843
8.09e-008,0.00103119
8.1e-008,0.000954111
8.11e-008,0.000846196
8.12e-008,0.00078453
8.13e-008,0.000803372
8.14e-008,0.000878742
8.15e-008,0.00101406
8.16e-008,0.00119735
8.17e-008,0.00132925
8.18e-008,0.00140119
8.19e-008,0.0014286
8.2e-008,0.00139605
8.21e-008,0.00132239
8.22e-008,0.00126758
8.23e-008,0.00122304
8.24e-008,0.00122304
8.25e-008,0.00132411
8.26e-008,0.00142003
8.27e-008,0.0015742
8.28e-008,0.00173864
8.29e-008,0.00181744
8.3e-008,0.00191679
8.31e-008,0.00194077
8.32e-008,0.00193906
8.33e-008,0.00193563
8.34e-008,0.00198531
8.35e-008,0.00204868
8.36e-008,0.00213433
8.37e-008,0.00219942
8.38e-008,0.00228507
8.39e-008,0.00232447
8.4e-008,0.00231933
8.41e-008,0.00231419
8.42e-008,0.0023022
8.43e-008,0.00232961
8.44e-008,0.00236729
8.45e-008,0.00244266
8.46e-008,0.0025266
8.47e-008,0.00258998
8.48e-008,0.00264308
8.49e-008,0.00269447
8.5e-008,0.00269447
8.51e-008,0.00273729
8.52e-008,0.00285206
8.53e-008,0.00300965
8.54e-008,0.00317238
8.55e-008,0.00332654
8.56e-008,0.00344302
8.57e-008,0.00349784
8.58e-008,0.00354066
8.59e-008,0.0035595
8.6e-008,0.00358691
8.61e-008,0.00362802
8.62e-008,0.00367427
8.63e-008,0.0036777
8.64e-008,0.00370168
8.65e-008,0.00370853
8.66e-008,0.00372395
8.67e-008,0.00380274
8.68e-008,0.00389524
8.69e-008,0.00402714
8.7e-008,0.00417103
8.71e-008,0.00428408
8.72e-008,0.00438686
8.73e-008,0.00442454
8.74e-008,0.00445709
8.75e-008,0.00443996
8.76e-008,0.0044451
8.77e-008,0.00454959
8.78e-008,0.0046969
8.79e-008,0.00485792
8.8e-008,0.00502921
8.81e-008,0.00513028
8.82e-008,0.00511657
8.83e-008,0.00503949
8.84e-008,0.00490245
8.85e-008,0.00481852
8.86e-008,0.00484935
8.87e-008,0.00490417
8.88e-008,0.00501893
8.89e-008,0.00513884
8.9e-008,0.00527074
8.91e-008,0.00540949
8.92e-008,0.00555851
8.93e-008,0.00570069
8.94e-008,0.0057949
8.95e-008,0.00585999
8.96e-008,0.00584457
8.97e-008,0.00581888
8.98e-008,0.00584457
8.99e-008,0.00591138
9e-008,0.0059936
9.01e-008,0.00603129
9.02e-008,0.00604156
9.03e-008,0.00593879
9.04e-008,0.00582745
9.05e-008,0.00573323
9.06e-008,0.0057418
9.07e-008,0.00583087
9.08e-008,0.00595078
9.09e-008,0.00599874
9.1e-008,0.00602101
9.11e-008,0.0059936
9.12e-008,0.00595078
9.13e-008,0.00596448
9.14e-008,0.00602443
9.15e-008,0.00613578
9.16e-008,0.00624027
9.17e-008,0.00626082
9.18e-008,0.00617689
9.19e-008,0.00615119
9.2e-008,0.00612721
9.21e-008,0.00619573
9.22e-008,0.00632763
9.23e-008,0.00644239
9.24e-008,0.00650749
9.25e-008,0.00655031
9.26e-008,0.0065486
9.27e-008,0.00655545
9.28e-008,0.00660341
9.29e-008,0.00666508
9.3e-008,0.00672332
9.31e-008,0.00675758
9.32e-008,0.00670619
9.33e-008,0.00660855
9.34e-008,0.00648008
9.35e-008,0.00637388
9.36e-008,0.00634818
9.37e-008,0.00640985
9.38e-008,0.00651091
9.39e-008,0.00665309
9.4e-008,0.00676443
9.41e-008,0.00682609
9.42e-008,0.00686378
9.43e-008,0.00689461
9.44e-008,0.00693743
9.45e-008,0.00698197
9.46e-008,0.00697683
9.47e-008,0.00694771
9.48e-008,0.00689632
9.49e-008,0.00685007
9.5e-008,0.00686035
9.51e-008,0.00695285
9.52e-008,0.00706077
9.53e-008,0.00710702
9.54e-008,0.00711558
9.55e-008,0.00702822
9.56e-008,0.00691517
9.57e-008,0.00682781
9.58e-008,0.0067747
9.59e-008,0.00677813
9.6e-008,0.00679697
9.61e-008,0.00681753
9.62e-008,0.00678841
9.63e-008,0.00679355
9.64e-008,0.00677642
9.65e-008,0.00677128
9.66e-008,0.00680896
9.67e-008,0.00683123
9.68e-008,0.00686892
9.69e-008,0.00686035
9.7e-008,0.00680554
9.71e-008,0.00665137
9.72e-008,0.00657086
9.73e-008,0.00648864
9.74e-008,0.00651776
9.75e-008,0.0066411
9.76e-008,0.00683295
9.77e-008,0.00699568
9.78e-008,0.00711901
9.79e-008,0.00720123
9.8e-008,0.00722521
9.81e-008,0.00717382
9.82e-008,0.00705905
9.83e-008,0.00693058
9.84e-008,0.00680554
9.85e-008,0.00670961
9.86e-008,0.0066548
9.87e-008,0.00659656
9.88e-008,0.00654517
9.89e-008,0.00649207
9.9e-008,0.00639443
9.91e-008,0.0062711
9.92e-008,0.00617175
9.93e-008,0.00613749
9.94e-008,0.00614263
9.95e-008,0.00617689
9.96e-008,0.00627281
9.97e-008,0.00634989
9.98e-008,0.00643554
9.99e-008,0.00645781
1e-007,0.00648008
1.001e-007,0.00642526
1.002e-007,0.00634476
1.003e-007,0.00628138
1.004e-007,0.00623684
1.005e-007,0.00623513
1.006e-007,0.00625568
1.007e-007,0.00624027
1.008e-007,0.00623684
1.009e-007,0.0061786
1.01e-007,0.00614434
1.011e-007,0.00613749
1.012e-007,0.00619744
1.013e-007,0.00630022
1.014e-007,0.00636874
1.015e-007,0.00638929
1.016e-007,0.00634647
1.017e-007,0.0062317
1.018e-007,0.00608953
1.019e-007,0.00595249
1.02e-007,0.00588397
1.021e-007,0.00593022
1.022e-007,0.006033
1.023e-007,0.00613064
1.024e-007,0.00617689
1.025e-007,0.0061923
1.026e-007,0.00612379
1.027e-007,0.0059799
1.028e-007,0.00581717
1.029e-007,0.00568184
1.03e-007,0.00554995
1.031e-007,0.00545402
1.032e-007,0.00537865
1.033e-007,0.00530328
1.034e-007,0.00525875
1.035e-007,0.00525361
1.036e-007,0.00530842
1.037e-007,0.00538722
1.038e-007,0.00549513
1.039e-007,0.00559791
1.04e-007,0.00563388
1.041e-007,0.00558078
1.042e-007,0.00542833
1.043e-007,0.00521935
1.044e-007,0.0050275
1.045e-007,0.0048682
1.046e-007,0.00482366
1.047e-007,0.00490931
1.048e-007,0.00512856
1.049e-007,0.00528444
1.05e-007,0.00542319
1.051e-007,0.00540606
1.052e-007,0.00529814
1.053e-007,0.0051337
1.054e-007,0.00491787
1.055e-007,0.00474829
1.056e-007,0.00462153
1.057e-007,0.00453588
1.058e-007,0.00448107
1.059e-007,0.00448621
1.06e-007,0.00447764
1.061e-007,0.00448278
1.062e-007,0.00448278
1.063e-007,0.00440056
1.064e-007,0.00424126
1.065e-007,0.00405455
1.066e-007,0.00386955
1.067e-007,0.00376506
1.068e-007,0.00378733
1.069e-007,0.00384214
1.07e-007,0.00393464
1.071e-007,0.0039432
1.072e-007,0.00383358
1.073e-007,0.00361774
1.074e-007,0.00335395
1.075e-007,0.00318779
1.076e-007,0.00311928
1.077e-007,0.00318437
1.078e-007,0.00331969
1.079e-007,0.00344645
1.08e-007,0.0034533
1.081e-007,0.00338478
1.082e-007,0.00323062
1.083e-007,0.00308502
1.084e-007,0.00292914
1.085e-007,0.00284349
1.086e-007,0.00281951
1.087e-007,0.00287604
1.088e-007,0.00295312
1.089e-007,0.0030028
1.09e-007,0.00300965
1.091e-007,0.00295826
1.092e-007,0.00283321
1.093e-007,0.00268933
1.094e-007,0.00258998
1.095e-007,0.00249405
1.096e-007,0.00244609
1.097e-007,0.00241183
1.098e-007,0.00237586
1.099e-007,0.00228507
1.1e-007,0.00216516
1.101e-007,0.002011
1.102e-007,0.00184313
1.103e-007,0.00174549
1.104e-007,0.00166327
1.105e-007,0.00167869
1.106e-007,0.00173522
1.107e-007,0.00179859
1.108e-007,0.00182258
1.109e-007,0.00178318
1.11e-007,0.0017198
1.111e-007,0.00162216
1.112e-007,0.00152624
1.113e-007,0.00145943
1.114e-007,0.00139605
1.115e-007,0.00134295
1.116e-007,0.00132068
1.117e-007,0.0013104
1.118e-007,0.00130527
1.119e-007,0.00130698
1.12e-007,0.00127957
1.121e-007,0.00121962
1.122e-007,0.00112198
1.123e-007,0.000978093
1.124e-007,0.000865038
1.125e-007,0.00081365
1.126e-007,0.000834205
1.127e-007,0.000913001
1.128e-007,0.00093013
1.129e-007,0.000866751
1.13e-007,0.000666336
1.131e-007,0.00040083
1.132e-007,0.000176434
1.133e-007,2.74071e-005
1.134e-007,5.99531e-005
1.135e-007,0.000140462
1.136e-007,0.000217544
1.137e-007,0.000202128
1.138e-007,9.7638e-005
1.139e-007,-5.82402e-005
1.14e-007,-0.000155878
1.141e-007,-0.000227822
1.142e-007,-0.000244951
1.143e-007,-0.000251803
1.144e-007,-0.000366571
1.145e-007,-0.000524162
1.146e-007,-0.00066291
1.147e-007,-0.000693743
1.148e-007,-0.00054643
1.149e-007,-0.000351154
1.15e-007,-0.000138749
1.151e-007,-3.2546e-005
1.152e-007,-9.5925e-005
1.153e-007,-0.000294627
1.154e-007,-0.000582402
1.155e-007,-0.000847909
1.156e-007,-0.0010586
1.157e-007,-0.00117851
1.158e-007,-0.00117679
1.159e-007,-0.001098
1.16e-007,-0.00098837
1.161e-007,-0.000810224
1.162e-007,-0.000674901
1.163e-007,-0.000669762
1.164e-007,-0.000726289
1.165e-007,-0.000923278
1.166e-007,-0.0011117
1.167e-007,-0.00126073
1.168e-007,-0.00132068
1.169e-007,-0.00132925
1.17e-007,-0.00131383
1.171e-007,-0.00136693
1.172e-007,-0.00150911
1.173e-007,-0.00172665
1.174e-007,-0.00188424
1.175e-007,-0.00196818
1.176e-007,-0.00194591
1.177e-007,-0.00189795
1.178e-007,-0.00183799
1.179e-007,-0.00180373
1.18e-007,-0.00181401
1.181e-007,-0.00182086
1.182e-007,-0.00179346
1.183e-007,-0.00173864
1.184e-007,-0.00166156
1.185e-007,-0.00161702
1.186e-007,-0.0016273
1.187e-007,-0.00165813
1.188e-007,-0.00171123
1.189e-007,-0.00169582
1.19e-007,-0.00166156
1.191e-007,-0.0015879
1.192e-007,-0.0015485
1.193e-007,-0.00154508
1.194e-007,-0.00164443
1.195e-007,-0.00173522
1.196e-007,-0.00182943
1.197e-007,-0.00187396
1.198e-007,-0.00191336
1.199e-007,-0.00186711
1.2e-007,-0.0018397
1.201e-007,-0.00186883
1.202e-007,-0.00189795
1.203e-007,-0.00187225
1.204e-007,-0.00185341
1.205e-007,-0.00181058
1.206e-007,-0.00177975
1.207e-007,-0.0017592
1.208e-007,-0.00179517
1.209e-007,-0.00187739
1.21e-007,-0.00200929
1.211e-007,-0.00215831
1.212e-007,-0.00227137
1.213e-007,-0.00236044
1.214e-007,-0.00235701
1.215e-007,-0.00231248
1.216e-007,-0.00222341
1.217e-007,-0.00217716
1.218e-007,-0.00221141
1.219e-007,-0.00231248
1.22e-007,-0.00240155
1.221e-007,-0.00245637
1.222e-007,-0.00243581
1.223e-007,-0.00236215
1.224e-007,-0.00230734
1.225e-007,-0.00232447
1.226e-007,-0.00238442
1.227e-007,-0.00244095
1.228e-007,-0.00249919
1.229e-007,-0.0025009
1.23e-007,-0.00247521
1.231e-007,-0.00250262
1.232e-007,-0.00252146
1.233e-007,-0.00262252
1.234e-007,-0.00268761
1.235e-007,-0.00271673
1.236e-007,-0.00265849
1.237e-007,-0.00260197
1.238e-007,-0.00253174
1.239e-007,-0.00249405
1.24e-007,-0.00249919
1.241e-007,-0.00252317
1.242e-007,-0.00257456
1.243e-007,-0.00262595
1.244e-007,-0.00256257
1.245e-007,-0.00249748
1.246e-007,-0.00240326
1.247e-007,-0.00230563
1.248e-007,-0.00221655
1.249e-007,-0.00221827
1.25e-007,-0.00224567
1.251e-007,-0.00232104
1.252e-007,-0.00239127
1.253e-007,-0.00247863
1.254e-007,-0.00254715
1.255e-007,-0.00255229
1.256e-007,-0.00252317
1.257e-007,-0.0024478
1.258e-007,-0.00238613
1.259e-007,-0.00229192
1.26e-007,-0.00223882
1.261e-007,-0.00219942
1.262e-007,-0.00217887
1.263e-007,-0.00215831
1.264e-007,-0.00218401
1.265e-007,-0.00221655
1.266e-007,-0.00224739
1.267e-007,-0.00233989
1.268e-007,-0.00234674
1.269e-007,-0.00232447
1.27e-007,-0.00227308
1.271e-007,-0.00218915
1.272e-007,-0.00209836
1.273e-007,-0.00196646
1.274e-007,-0.00185683
1.275e-007,-0.00175748
1.276e-007,-0.00173522
1.277e-007,-0.00179174
1.278e-007,-0.00193734
1.279e-007,-0.00213947
1.28e-007,-0.00232276
1.281e-007,-0.00238442
1.282e-007,-0.00230905
1.283e-007,-0.00212063
1.284e-007,-0.00188253
1.285e-007,-0.00172665
1.286e-007,-0.00169582
1.287e-007,-0.00179517
1.288e-007,-0.00200415
1.289e-007,-0.00215317
1.29e-007,-0.00225424
1.291e-007,-0.00217887
1.292e-007,-0.00199387
1.293e-007,-0.00175063
1.294e-007,-0.00157934
1.295e-007,-0.00152624
1.296e-007,-0.00158619
1.297e-007,-0.00174035
1.298e-007,-0.00186197
1.299e-007,-0.00195447
1.3e-007,-0.00192707
1.301e-007,-0.00189109
1.302e-007,-0.00184827
1.303e-007,-0.00190822
1.304e-007,-0.00192707
1.305e-007,-0.00193906
1.306e-007,-0.00188253
1.307e-007,-0.00174378
1.308e-007,-0.00163586
1.309e-007,-0.00161702
1.31e-007,-0.00171466
1.311e-007,-0.00188938
1.312e-007,-0.00205896
1.313e-007,-0.00218743
1.314e-007,-0.002196
1.315e-007,-0.00209836
1.316e-007,-0.00194248
1.317e-007,-0.00175748
1.318e-007,-0.00172836
1.319e-007,-0.00174892
1.32e-007,-0.0018654
1.321e-007,-0.00203327
1.322e-007,-0.00218229
1.323e-007,-0.00228678
1.324e-007,-0.00233475
1.325e-007,-0.00227137
1.326e-007,-0.00217544
1.327e-007,-0.00213604
1.328e-007,-0.00208123
1.329e-007,-0.00202642
1.33e-007,-0.0020778
1.331e-007,-0.00209836
1.332e-007,-0.00215489
1.333e-007,-0.00223197
1.334e-007,-0.00226109
1.335e-007,-0.00229364
1.336e-007,-0.00230049
1.337e-007,-0.00227651
1.338e-007,-0.00225081
1.339e-007,-0.00232276
1.34e-007,-0.00239813
1.341e-007,-0.00250433
1.342e-007,-0.00256257
1.343e-007,-0.00253516
1.344e-007,-0.00242382
1.345e-007,-0.00231248
1.346e-007,-0.00218401
1.347e-007,-0.00213091
1.348e-007,-0.002196
1.349e-007,-0.00231419
1.35e-007,-0.00240155
1.351e-007,-0.00247863
1.352e-007,-0.0024615
1.353e-007,-0.00243581
1.354e-007,-0.00242211
1.355e-007,-0.00245294
1.356e-007,-0.0025266
1.357e-007,-0.0025934
1.358e-007,-0.00264308
1.359e-007,-0.00270817
1.36e-007,-0.00272187
1.361e-007,-0.00268933
1.362e-007,-0.00269789
1.363e-007,-0.00269447
1.364e-007,-0.00272016
1.365e-007,-0.00273044
1.366e-007,-0.00270817
1.367e-007,-0.00270817
1.368e-007,-0.00272016
1.369e-007,-0.00278354
1.37e-007,-0.0028709
1.371e-007,-0.00302506
1.372e-007,-0.00315867
1.373e-007,-0.00322719
1.374e-007,-0.00320664
1.375e-007,-0.00311242
1.376e-007,-0.00301307
1.377e-007,-0.00292571
1.378e-007,-0.0029103
1.379e-007,-0.00292743
1.38e-007,-0.00294798
1.381e-007,-0.00296169
1.382e-007,-0.00289488
1.383e-007,-0.00283664
1.384e-007,-0.00279039
1.385e-007,-0.00285206
1.386e-007,-0.00301307
1.387e-007,-0.00314668
1.388e-007,-0.00326488
1.389e-007,-0.00330256
1.39e-007,-0.00327344
1.391e-007,-0.00319122
1.392e-007,-0.00317923
1.393e-007,-0.00318608
1.394e-007,-0.00327173
1.395e-007,-0.00334539
1.396e-007,-0.00340876
1.397e-007,-0.00339335
1.398e-007,-0.00338821
1.399e-007,-0.00335052
1.4e-007,-0.0033608
1.401e-007,-0.00333339
1.402e-007,-0.00334881
1.403e-007,-0.00330427
1.404e-007,-0.00328715
1.405e-007,-0.00330427
1.406e-007,-0.00333682
1.407e-007,-0.00340705
1.408e-007,-0.00348071
1.409e-007,-0.00354237
1.41e-007,-0.00356636
1.411e-007,-0.00355265
1.412e-007,-0.00354923
1.413e-007,-0.00355436
1.414e-007,-0.00352867
1.415e-007,-0.00352182
1.416e-007,-0.00343446
1.417e-007,-0.00334025
1.418e-007,-0.00328029
1.419e-007,-0.00326145
1.42e-007,-0.00331113
1.421e-007,-0.00342761
1.422e-007,-0.00352696
1.423e-007,-0.00353724
1.424e-007,-0.00352011
1.425e-007,-0.00346529
1.426e-007,-0.00341048
1.427e-007,-0.00340363
1.428e-007,-0.00343788
1.429e-007,-0.00349612
1.43e-007,-0.00351325
1.431e-007,-0.00343446
1.432e-007,-0.003294
1.433e-007,-0.00316039
1.434e-007,-0.00305076
1.435e-007,-0.00299423
1.436e-007,-0.0030028
1.437e-007,-0.0030833
1.438e-007,-0.00315867
1.439e-007,-0.00323576
1.44e-007,-0.00324261
1.441e-007,-0.00318608
1.442e-007,-0.0030559
1.443e-007,-0.00289659
1.444e-007,-0.002739
1.445e-007,-0.00266021
1.446e-007,-0.00265335
1.447e-007,-0.00273386
1.448e-007,-0.00284349
1.449e-007,-0.00286919
1.45e-007,-0.00287946
1.451e-007,-0.00278011
1.452e-007,-0.00268076
1.453e-007,-0.00253516
1.454e-007,-0.00241012
1.455e-007,-0.00231933
1.456e-007,-0.00227651
1.457e-007,-0.00231077
1.458e-007,-0.00238785
1.459e-007,-0.00252317
1.46e-007,-0.00263451
1.461e-007,-0.00267048
1.462e-007,-0.00262423
1.463e-007,-0.00249234
1.464e-007,-0.00233989
1.465e-007,-0.002196
1.466e-007,-0.00210007
1.467e-007,-0.00208466
1.468e-007,-0.00213604
1.469e-007,-0.00220114
1.47e-007,-0.00222169
1.471e-007,-0.00221484
1.472e-007,-0.00216345
1.473e-007,-0.00208637
1.474e-007,-0.00196304
1.475e-007,-0.00184484
1.476e-007,-0.00175063
1.477e-007,-0.00167012
1.478e-007,-0.00167184
1.479e-007,-0.00166327
1.48e-007,-0.0017061
1.481e-007,-0.00174892
1.482e-007,-0.00174207
1.483e-007,-0.0017061
1.484e-007,-0.00170267
1.485e-007,-0.00160503
1.486e-007,-0.00149712
1.487e-007,-0.00137721
1.488e-007,-0.00127786
1.489e-007,-0.00121619
1.49e-007,-0.0011905
1.491e-007,-0.00121962
1.492e-007,-0.0012299
1.493e-007,-0.00123846
1.494e-007,-0.00120591
1.495e-007,-0.00118365
1.496e-007,-0.00117679
1.497e-007,-0.00123503
1.498e-007,-0.00130355
1.499e-007,-0.00134124
1.5e-007,-0.0013104
1.501e-007,-0.00125388
1.502e-007,-0.00114425
1.503e-007,-0.00106545
1.504e-007,-0.00102092
1.505e-007,-0.00106374
1.506e-007,-0.00108087
1.507e-007,-0.00105518
1.508e-007,-0.000969528
1.509e-007,-0.000827353
1.51e-007,-0.000661197
1.511e-007,-0.000525875
1.512e-007,-0.000431663
1.513e-007,-0.00040083
1.514e-007,-0.000397404
1.515e-007,-0.000380274
1.516e-007,-0.000371709
1.517e-007,-0.000375135
1.518e-007,-0.000399117
1.519e-007,-0.000423098
1.52e-007,-0.000409394
1.521e-007,-0.000316895
1.522e-007,-0.000161017
1.523e-007,3.2546e-005
1.524e-007,0.000229535
1.525e-007,0.000393978
1.526e-007,0.000445366
1.527e-007,0.000438514
1.528e-007,0.0003837
1.529e-007,0.000316895
1.53e-007,0.000323747
1.531e-007,0.000306617
1.532e-007,0.000335738
1.533e-007,0.000340876
1.534e-007,0.00032546
1.535e-007,0.000369997
1.536e-007,0.000443653
1.537e-007,0.000532726
1.538e-007,0.000589254
1.539e-007,0.000644068
1.54e-007,0.00068004
1.541e-007,0.000644068
1.542e-007,0.000635503
1.543e-007,0.0006218
1.544e-007,0.000700595
1.545e-007,0.000786243
1.546e-007,0.000883881
1.547e-007,0.000971241
1.548e-007,0.0010723
1.549e-007,0.00116994
1.55e-007,0.00125388
1.551e-007,0.00130527
1.552e-007,0.0013361
1.553e-007,0.00131212
1.554e-007,0.00126073
1.555e-007,0.00123332
1.556e-007,0.00130527
1.557e-007,0.00142003
1.558e-007,0.00158961
1.559e-007,0.0016804
1.56e-007,0.00178489
1.561e-007,0.00180031
1.562e-007,0.00181915
1.563e-007,0.00182086
1.564e-007,0.00185341
1.565e-007,0.00188253
1.566e-007,0.00191507
1.567e-007,0.00194248
1.568e-007,0.00196475
1.569e-007,0.00203669
1.57e-007,0.00209151
1.571e-007,0.0021035
1.572e-007,0.00212919
1.573e-007,0.00210692
1.574e-007,0.0021172
1.575e-007,0.00213433
1.576e-007,0.00216688
1.577e-007,0.00221313
1.578e-007,0.00224225
1.579e-007,0.00224053
1.58e-007,0.00220114
1.581e-007,0.00216859
1.582e-007,0.0021566
1.583e-007,0.00218572
1.584e-007,0.00224396
1.585e-007,0.00228336
1.586e-007,0.00229192
1.587e-007,0.00231077
1.588e-007,0.00226623
1.589e-007,0.0022491
1.59e-007,0.00223197
1.591e-007,0.00226452
1.592e-007,0.00234502
1.593e-007,0.0024615
1.594e-007,0.0025266
1.595e-007,0.00253002
1.596e-007,0.00251289
1.597e-007,0.00247521
1.598e-007,0.00243067
1.599e-007,0.00243067
1.6e-007,0.00244095
1.601e-007,0.00251118
1.602e-007,0.00257627
1.603e-007,0.00262423
1.604e-007,0.00263623
1.605e-007,0.00265849
1.606e-007,0.0026722
1.607e-007,0.00270988
1.608e-007,0.00279039
1.609e-007,0.0028572
1.61e-007,0.00288118
1.611e-007,0.0028315
1.612e-007,0.00268933
1.613e-007,0.00256428
1.614e-007,0.00244438
1.615e-007,0.00243752
1.616e-007,0.00255743
1.617e-007,0.002739
1.618e-007,0.00289488
1.619e-007,0.00297539
1.62e-007,0.00288803
1.621e-007,0.00273558
1.622e-007,0.00256599
1.623e-007,0.00246493
1.624e-007,0.00241526
1.625e-007,0.00244438
1.626e-007,0.00243238
1.627e-007,0.00244609
1.628e-007,0.00248549
1.629e-007,0.00256257
1.63e-007,0.00268419
1.631e-007,0.00283493
1.632e-007,0.0028846
1.633e-007,0.00284692
1.634e-007,0.00274757
1.635e-007,0.00263965
1.636e-007,0.00253687
1.637e-007,0.00252831
1.638e-007,0.00256428
1.639e-007,0.00263623
1.64e-007,0.00269789
1.641e-007,0.00269104
1.642e-007,0.00266021
1.643e-007,0.00258998
1.644e-007,0.00256428
1.645e-007,0.00258312
1.646e-007,0.00266363
1.647e-007,0.00273558
1.648e-007,0.00275956
1.649e-007,0.00275784
1.65e-007,0.00271159
1.651e-007,0.00260711
1.652e-007,0.00258998
1.653e-007,0.00260539
1.654e-007,0.00267391
1.655e-007,0.00280923
1.656e-007,0.00288289
1.657e-007,0.00288803
1.658e-007,0.0028572
1.659e-007,0.00280923
1.66e-007,0.00278183
1.661e-007,0.00278868
1.662e-007,0.00286576
1.663e-007,0.00287775
1.664e-007,0.00290002
1.665e-007,0.00283493
1.666e-007,0.00279382
1.667e-007,0.00277497
1.668e-007,0.00285548
1.669e-007,0.00296169
1.67e-007,0.00311242
1.671e-007,0.00320664
1.672e-007,0.00318094
1.673e-007,0.00300622
1.674e-007,0.00274928
1.675e-007,0.00251118
1.676e-007,0.00233303
1.677e-007,0.00220456
1.678e-007,0.00218401
1.679e-007,0.00221141
1.68e-007,0.00233475
1.681e-007,0.00243067
1.682e-007,0.00250262
1.683e-007,0.00258141
1.684e-007,0.00260368
1.685e-007,0.00256599
1.686e-007,0.00250433
1.687e-007,0.00242382
1.688e-007,0.00237757
1.689e-007,0.00236558
1.69e-007,0.00236387
1.691e-007,0.0023416
1.692e-007,0.00230391
1.693e-007,0.00229877
1.694e-007,0.00229192
1.695e-007,0.00234674
1.696e-007,0.00240669
1.697e-007,0.00244951
1.698e-007,0.00247178
1.699e-007,0.00246493
1.7e-007,0.00244438
1.701e-007,0.00247007
1.702e-007,0.00252488
1.703e-007,0.00256086
1.704e-007,0.00260882
1.705e-007,0.00261053
1.706e-007,0.00264308
1.707e-007,0.00263451
1.708e-007,0.00261738
1.709e-007,0.00256771
1.71e-007,0.00249062
1.711e-007,0.00239641
1.712e-007,0.00232961
1.713e-007,0.00236044
1.714e-007,0.00240155
1.715e-007,0.00244095
1.716e-007,0.0024084
1.717e-007,0.0022885
1.718e-007,0.00210521
1.719e-007,0.00194419
1.72e-007,0.00183285
1.721e-007,0.00184142
1.722e-007,0.00192021
1.723e-007,0.00207267
1.724e-007,0.00221827
1.725e-007,0.00233475
1.726e-007,0.00232961
1.727e-007,0.00225766
1.728e-007,0.00216345
1.729e-007,0.00208294
1.73e-007,0.00203841
1.731e-007,0.00200929
1.732e-007,0.0019973
1.733e-007,0.00194591
1.734e-007,0.00193734
1.735e-007,0.00188082
1.736e-007,0.00189966
1.737e-007,0.00192021
1.738e-007,0.00192193
1.739e-007,0.00187396
1.74e-007,0.00175577
1.741e-007,0.0015879
1.742e-007,0.001468
1.743e-007,0.00143202
1.744e-007,0.00153309
1.745e-007,0.00170267
1.746e-007,0.00190137
1.747e-007,0.00203155
1.748e-007,0.00204526
1.749e-007,0.00194933
1.75e-007,0.00179003
1.751e-007,0.00160503
1.752e-007,0.00142175
1.753e-007,0.00127957
1.754e-007,0.00117679
1.755e-007,0.00110485
1.756e-007,0.00108601
