LECROYWM8500,500500138,Waveform
Segments,1,SegmentSize,2002
Segment,TrigTime,TimeSinceSegment1
#1,21-Mar-2024 16:58:09,0                 
Time,Ampl
-2.45e-008,8.22214e-005
-2.44e-008,9.42121e-005
-2.43e-008,0.000107916
-2.42e-008,0.000125045
-2.41e-008,0.000125045
-2.4e-008,0.0001456
-2.39e-008,0.000135323
-2.38e-008,0.00011648
-2.37e-008,0.000101064
-2.36e-008,8.39344e-005
-2.35e-008,9.42121e-005
-2.34e-008,0.000121619
-2.33e-008,0.000173008
-2.32e-008,0.000198702
-2.31e-008,0.000212405
-2.3e-008,0.000190137
-2.29e-008,0.000166156
-2.28e-008,0.000137036
-2.27e-008,0.000126758
-2.26e-008,0.000150739
-2.25e-008,0.000198702
-2.24e-008,0.00025009
-2.23e-008,0.00026722
-2.22e-008,0.000289488
-2.21e-008,0.000251803
-2.2e-008,0.000227822
-2.19e-008,0.000202128
-2.18e-008,0.000184998
-2.17e-008,0.000195276
-2.16e-008,0.000222683
-2.15e-008,0.000260368
-2.14e-008,0.000298053
-2.13e-008,0.000316895
-2.12e-008,0.000323747
-2.11e-008,0.00027921
-2.1e-008,0.000217544
-2.09e-008,0.000181572
-2.08e-008,0.000174721
-2.07e-008,0.000190137
-2.06e-008,0.000241526
-2.05e-008,0.000251803
-2.04e-008,0.000270646
-2.03e-008,0.000239813
-2.02e-008,0.000178146
-2.01e-008,0.000131897
-2e-008,0.000101064
-1.99e-008,0.000150739
-1.98e-008,0.000207267
-1.97e-008,0.000258655
-1.96e-008,0.00027921
-1.95e-008,0.000298053
-1.94e-008,0.000272359
-1.93e-008,0.000222683
-1.92e-008,0.000203841
-1.91e-008,0.000207267
-1.9e-008,0.00020898
-1.89e-008,0.000210692
-1.88e-008,0.000226109
-1.87e-008,0.000244951
-1.86e-008,0.000248377
-1.85e-008,0.000253516
-1.84e-008,0.000268933
-1.83e-008,0.000311756
-1.82e-008,0.000342589
-1.81e-008,0.000364858
-1.8e-008,0.000363145
-1.79e-008,0.00029634
-1.78e-008,0.000193563
-1.77e-008,0.000121619
-1.76e-008,3.93978e-005
-1.75e-008,1.88424e-005
-1.74e-008,5.65272e-005
-1.73e-008,0.000102777
-1.72e-008,0.000169582
-1.71e-008,0.000224396
-1.7e-008,0.000275784
-1.69e-008,0.000289488
-1.68e-008,0.000260368
-1.67e-008,0.00022097
-1.66e-008,0.000155878
-1.65e-008,0.000101064
-1.64e-008,6.5092e-005
-1.63e-008,3.2546e-005
-1.62e-008,2.56942e-005
-1.61e-008,4.96755e-005
-1.6e-008,9.7638e-005
-1.59e-008,0.000149026
-1.58e-008,0.000203841
-1.57e-008,0.000227822
-1.56e-008,0.000263794
-1.55e-008,0.000275784
-1.54e-008,0.000258655
-1.53e-008,0.000229535
-1.52e-008,0.00019185
-1.51e-008,0.000193563
-1.5e-008,0.000200415
-1.49e-008,0.000196989
-1.48e-008,0.000195276
-1.47e-008,0.000196989
-1.46e-008,0.000179859
-1.45e-008,0.000152452
-1.44e-008,0.000161017
-1.43e-008,0.000152452
-1.42e-008,0.000169582
-1.41e-008,0.000207267
-1.4e-008,0.000234674
-1.39e-008,0.000272359
-1.38e-008,0.000277497
-1.37e-008,0.000289488
-1.36e-008,0.000268933
-1.35e-008,0.00025009
-1.34e-008,0.000226109
-1.33e-008,0.000198702
-1.32e-008,0.000219257
-1.31e-008,0.000231248
-1.3e-008,0.000255229
-1.29e-008,0.000268933
-1.28e-008,0.000272359
-1.27e-008,0.000306617
-1.26e-008,0.000301479
-1.25e-008,0.000268933
-1.24e-008,0.000287775
-1.23e-008,0.000322034
-1.22e-008,0.000347728
-1.21e-008,0.000344302
-1.2e-008,0.000351154
-1.19e-008,0.000356293
-1.18e-008,0.000334025
-1.17e-008,0.000294627
-1.16e-008,0.000275784
-1.15e-008,0.000304905
-1.14e-008,0.000351154
-1.13e-008,0.000409394
-1.12e-008,0.000472773
-1.11e-008,0.000539578
-1.1e-008,0.000599531
-1.09e-008,0.000582402
-1.08e-008,0.000587541
-1.07e-008,0.000519023
-1.06e-008,0.000448792
-1.05e-008,0.000404255
-1.04e-008,0.000395691
-1.03e-008,0.000416246
-1.02e-008,0.000508745
-1.01e-008,0.000608096
-1e-008,0.000685179
-9.9e-009,0.000734854
-9.8e-009,0.000716012
-9.7e-009,0.000681753
-9.6e-009,0.000652633
-9.5e-009,0.000640642
-9.4e-009,0.000676614
-9.3e-009,0.00073828
-9.2e-009,0.000830779
-9.1e-009,0.000887306
-9e-009,0.000913001
-8.9e-009,0.000904436
-8.8e-009,0.000887306
-8.7e-009,0.000885594
-8.6e-009,0.000904436
-8.5e-009,0.00093013
-8.4e-009,0.000921565
-8.3e-009,0.000882168
-8.2e-009,0.000818789
-8.1e-009,0.000750271
-8e-009,0.000716012
-7.9e-009,0.000736567
-7.8e-009,0.000789669
-7.7e-009,0.000844483
-7.6e-009,0.000873603
-7.5e-009,0.000851335
-7.4e-009,0.000750271
-7.3e-009,0.000594393
-7.2e-009,0.000407681
-7.1e-009,0.000251803
-7e-009,0.000157591
-6.9e-009,0.00020898
-6.8e-009,0.000339163
-6.7e-009,0.000548143
-6.6e-009,0.000697169
-6.5e-009,0.000801659
-6.4e-009,0.000774252
-6.3e-009,0.000623513
-6.2e-009,0.000405968
-6.1e-009,0.000193563
-6e-009,5.82402e-005
-5.9e-009,1.71295e-005
-5.8e-009,9.42121e-005
-5.7e-009,0.000335738
-5.6e-009,0.000734854
-5.5e-009,0.00137892
-5.4e-009,0.00227822
-5.3e-009,0.00345501
-5.2e-009,0.00488875
-5.1e-009,0.00650406
-5e-009,0.00819474
-4.9e-009,0.00983232
-4.8e-009,0.0113123
-4.7e-009,0.0126313
-4.6e-009,0.0138218
-4.5e-009,0.0149283
-4.4e-009,0.0160537
-4.3e-009,0.0171466
-4.2e-009,0.0182138
-4.1e-009,0.0191422
-4e-009,0.0198428
-3.9e-009,0.0202419
-3.8e-009,0.0202813
-3.7e-009,0.0198942
-3.6e-009,0.0191182
-3.5e-009,0.0180082
-3.4e-009,0.0166173
-3.3e-009,0.0149934
-3.2e-009,0.0132993
-3.1e-009,0.01166
-3e-009,0.0102006
-2.9e-009,0.00903237
-2.8e-009,0.00821701
-2.7e-009,0.0077802
-2.6e-009,0.00765859
-2.5e-009,0.00779048
-2.4e-009,0.0080971
-2.3e-009,0.00854418
-2.2e-009,0.00902209
-2.1e-009,0.00957023
-2e-009,0.0101492
-1.9e-009,0.0107642
-1.8e-009,0.0114579
-1.7e-009,0.012126
-1.6e-009,0.0127923
-1.5e-009,0.013385
-1.4e-009,0.0139091
-1.3e-009,0.0142877
-1.2e-009,0.0145806
-1.1e-009,0.0147588
-1e-009,0.0148872
-9e-010,0.0148872
-8e-010,0.0147947
-7e-010,0.0145344
-6e-010,0.0140719
-5e-010,0.0133798
-4e-010,0.0124291
-3e-010,0.0112541
-2e-010,0.00989569
-1e-010,0.00851848
4.138488e-023,0.00722864
1e-010,0.00617517
2e-010,0.00549513
3e-010,0.00521078
4e-010,0.00526217
5e-010,0.00555851
6e-010,0.00604156
7e-010,0.00658799
8e-010,0.00719266
9e-010,0.0078196
1e-009,0.00850649
1.1e-009,0.00925334
1.2e-009,0.010043
1.3e-009,0.0107916
1.4e-009,0.011487
1.5e-009,0.0120866
1.6e-009,0.0125782
1.7e-009,0.0129379
1.8e-009,0.01314
1.9e-009,0.0131726
2e-009,0.0130047
2.1e-009,0.0126501
2.2e-009,0.0121362
2.3e-009,0.0114356
2.4e-009,0.0106083
2.5e-009,0.00960449
2.6e-009,0.00847224
2.7e-009,0.00731257
2.8e-009,0.0061923
2.9e-009,0.00518166
3e-009,0.00436801
3.1e-009,0.00379932
3.2e-009,0.00350298
3.3e-009,0.00343103
3.4e-009,0.00358691
3.5e-009,0.00388839
3.6e-009,0.00433718
3.7e-009,0.0049213
3.8e-009,0.00562018
3.9e-009,0.00642184
4e-009,0.00727831
4.1e-009,0.00812965
4.2e-009,0.00896899
4.3e-009,0.00971583
4.4e-009,0.0103256
4.5e-009,0.0107333
4.6e-009,0.0109115
4.7e-009,0.0108858
4.8e-009,0.0106425
4.9e-009,0.0102743
5e-009,0.00972611
5.1e-009,0.00908204
5.2e-009,0.0082821
5.3e-009,0.00738623
5.4e-009,0.00637901
5.5e-009,0.0053581
5.6e-009,0.00437487
5.7e-009,0.0035064
5.8e-009,0.00275442
5.9e-009,0.00216688
6e-009,0.00175234
6.1e-009,0.00153823
6.2e-009,0.00154165
6.3e-009,0.00181744
6.4e-009,0.00233303
6.5e-009,0.00307131
6.6e-009,0.00398603
6.7e-009,0.00501722
6.8e-009,0.00607925
6.9e-009,0.00713442
7e-009,0.00808854
7.1e-009,0.00885594
7.2e-009,0.00944519
7.3e-009,0.00980833
7.4e-009,0.0100225
7.5e-009,0.0100293
7.6e-009,0.00991111
7.7e-009,0.00958394
7.8e-009,0.00901524
7.9e-009,0.00825469
8e-009,0.00733313
8.1e-009,0.0063105
8.2e-009,0.00526217
8.3e-009,0.00426352
8.4e-009,0.00339677
8.5e-009,0.00260197
8.6e-009,0.00193734
8.7e-009,0.00139948
8.8e-009,0.00101235
8.9e-009,0.000817076
9e-009,0.000832492
9.1e-009,0.00102606
9.2e-009,0.0014029
9.3e-009,0.00195276
9.4e-009,0.00262595
9.5e-009,0.00342761
9.6e-009,0.00430464
9.7e-009,0.00517653
9.8e-009,0.00605869
9.9e-009,0.00682438
1e-008,0.0074359
1.01e-008,0.00780932
1.02e-008,0.00798405
1.03e-008,0.00793266
1.04e-008,0.00765687
1.05e-008,0.00729544
1.06e-008,0.00681924
1.07e-008,0.00630022
1.08e-008,0.00573837
1.09e-008,0.00508917
1.1e-008,0.00435089
1.11e-008,0.00356293
1.12e-008,0.00277155
1.13e-008,0.00200586
1.14e-008,0.00133096
1.15e-008,0.000779391
1.16e-008,0.00035458
1.17e-008,3.76848e-005
1.18e-008,-0.000102777
1.19e-008,-8.73603e-005
1.2e-008,0.000125045
1.21e-008,0.000498468
1.22e-008,0.00103119
1.23e-008,0.0016941
1.24e-008,0.00242725
1.25e-008,0.00321691
1.26e-008,0.00402885
1.27e-008,0.0048425
1.28e-008,0.00562532
1.29e-008,0.00632763
1.3e-008,0.00686549
1.31e-008,0.00724234
1.32e-008,0.00737424
1.33e-008,0.00725776
1.34e-008,0.00690146
1.35e-008,0.00634476
1.36e-008,0.0056493
1.37e-008,0.00489389
1.38e-008,0.00408367
1.39e-008,0.00331284
1.4e-008,0.00258826
1.41e-008,0.00192535
1.42e-008,0.00126929
1.43e-008,0.000664623
1.44e-008,0.000155878
1.45e-008,-0.000229535
1.46e-008,-0.000369997
1.47e-008,-0.000320321
1.48e-008,-2.56942e-005
1.49e-008,0.00044194
1.5e-008,0.00105518
1.51e-008,0.00174721
1.52e-008,0.00250604
1.53e-008,0.00331969
1.54e-008,0.00411621
1.55e-008,0.00485278
1.56e-008,0.00551569
1.57e-008,0.00604328
1.58e-008,0.00644411
1.59e-008,0.00670961
1.6e-008,0.00684322
1.61e-008,0.00682095
1.62e-008,0.00661026
1.63e-008,0.0062317
1.64e-008,0.00563217
1.65e-008,0.00487676
1.66e-008,0.00402885
1.67e-008,0.00318437
1.68e-008,0.00237072
1.69e-008,0.00165471
1.7e-008,0.00104318
1.71e-008,0.000554995
1.72e-008,0.000161017
1.73e-008,-7.19438e-005
1.74e-008,-0.000161017
1.75e-008,-0.00010449
1.76e-008,7.19438e-005
1.77e-008,0.000397404
1.78e-008,0.000837631
1.79e-008,0.00143545
1.8e-008,0.00213091
1.81e-008,0.00288118
1.82e-008,0.00364001
1.83e-008,0.0043526
1.84e-008,0.00496241
1.85e-008,0.00542833
1.86e-008,0.00573666
1.87e-008,0.00591309
1.88e-008,0.00597476
1.89e-008,0.00590967
1.9e-008,0.00571268
1.91e-008,0.00537009
1.92e-008,0.00495384
1.93e-008,0.00447422
1.94e-008,0.00392436
1.95e-008,0.00334881
1.96e-008,0.00273386
1.97e-008,0.00212748
1.98e-008,0.00154337
1.99e-008,0.000986657
2e-008,0.000537865
2.01e-008,0.000241526
2.02e-008,6.16661e-005
2.03e-008,1.19906e-005
2.04e-008,9.5925e-005
2.05e-008,0.000318608
2.06e-008,0.000685179
2.07e-008,0.00121791
2.08e-008,0.00181401
2.09e-008,0.00249576
2.1e-008,0.00315354
2.11e-008,0.00376677
2.12e-008,0.00425839
2.13e-008,0.00468148
2.14e-008,0.0050018
2.15e-008,0.00523477
2.16e-008,0.00539064
2.17e-008,0.00541805
2.18e-008,0.00532384
2.19e-008,0.00507375
2.2e-008,0.00471403
2.21e-008,0.00425325
2.22e-008,0.00374793
2.23e-008,0.00323576
2.24e-008,0.00271159
2.25e-008,0.00223368
2.26e-008,0.00174035
2.27e-008,0.00130527
2.28e-008,0.000889019
2.29e-008,0.00056356
2.3e-008,0.000346015
2.31e-008,0.000275784
2.32e-008,0.000351154
2.33e-008,0.000565272
2.34e-008,0.000887306
2.35e-008,0.00131383
2.36e-008,0.00179174
2.37e-008,0.00231248
2.38e-008,0.0028452
2.39e-008,0.00339849
2.4e-008,0.00395519
2.41e-008,0.00447079
2.42e-008,0.00496583
2.43e-008,0.00535125
2.44e-008,0.00562874
2.45e-008,0.00575893
2.46e-008,0.00574351
2.47e-008,0.00557393
2.48e-008,0.00532384
2.49e-008,0.00499153
2.5e-008,0.00455986
2.51e-008,0.0040888
2.52e-008,0.00354409
2.53e-008,0.00299081
2.54e-008,0.00244095
2.55e-008,0.00193906
2.56e-008,0.00152966
2.57e-008,0.00121619
2.58e-008,0.000991796
2.59e-008,0.000907862
2.6e-008,0.000911288
2.61e-008,0.00103119
2.62e-008,0.00124703
2.63e-008,0.00158961
2.64e-008,0.00201785
2.65e-008,0.00255058
2.66e-008,0.00312442
2.67e-008,0.00372223
2.68e-008,0.00429264
2.69e-008,0.00476542
2.7e-008,0.00515083
2.71e-008,0.00538722
2.72e-008,0.00551569
2.73e-008,0.00550712
2.74e-008,0.00537351
2.75e-008,0.00515597
2.76e-008,0.00482023
2.77e-008,0.00436801
2.78e-008,0.00388325
2.79e-008,0.00335052
2.8e-008,0.00282294
2.81e-008,0.00233475
2.82e-008,0.00189281
2.83e-008,0.00150054
2.84e-008,0.00114596
2.85e-008,0.000841057
2.86e-008,0.000597818
2.87e-008,0.000448792
2.88e-008,0.000407681
2.89e-008,0.00048819
2.9e-008,0.000630364
2.91e-008,0.000873603
2.92e-008,0.00114425
2.93e-008,0.00146286
2.94e-008,0.00183457
2.95e-008,0.00223026
2.96e-008,0.00262081
2.97e-008,0.00299423
2.98e-008,0.00331455
2.99e-008,0.00356807
3e-008,0.00373594
3.01e-008,0.00382158
3.02e-008,0.00379075
3.03e-008,0.00372395
3.04e-008,0.00355608
3.05e-008,0.00331284
3.06e-008,0.00303705
3.07e-008,0.00266192
3.08e-008,0.00223711
3.09e-008,0.00177633
3.1e-008,0.00132925
3.11e-008,0.000902723
3.12e-008,0.000565272
3.13e-008,0.000275784
3.14e-008,7.36567e-005
3.15e-008,-6.16661e-005
3.16e-008,-0.000157591
3.17e-008,-0.000183285
3.18e-008,-0.000152452
3.19e-008,-1.19906e-005
3.2e-008,0.000184998
3.21e-008,0.000460783
3.22e-008,0.000789669
3.23e-008,0.00112369
3.24e-008,0.00147999
3.25e-008,0.00182771
3.26e-008,0.00212748
3.27e-008,0.00238785
3.28e-008,0.00253859
3.29e-008,0.00260368
3.3e-008,0.00259683
3.31e-008,0.00251289
3.32e-008,0.00237586
3.33e-008,0.00217373
3.34e-008,0.00192707
3.35e-008,0.00158961
3.36e-008,0.00120763
3.37e-008,0.000815363
3.38e-008,0.000421385
3.39e-008,9.7638e-005
3.4e-008,-0.000200415
3.41e-008,-0.000448792
3.42e-008,-0.000681753
3.43e-008,-0.00091814
3.44e-008,-0.00108258
3.45e-008,-0.00116309
3.46e-008,-0.00114254
3.47e-008,-0.00104661
3.48e-008,-0.00084277
3.49e-008,-0.000609809
3.5e-008,-0.000337451
3.51e-008,-8.90732e-005
3.52e-008,0.00016273
3.53e-008,0.000426524
3.54e-008,0.000674901
3.55e-008,0.000861612
3.56e-008,0.00102606
3.57e-008,0.00114425
3.58e-008,0.00119735
3.59e-008,0.00116309
3.6e-008,0.00108772
3.61e-008,0.000940408
3.62e-008,0.00075541
3.63e-008,0.00051731
3.64e-008,0.000217544
3.65e-008,-0.000130184
3.66e-008,-0.000520736
3.67e-008,-0.000945547
3.68e-008,-0.00137036
3.69e-008,-0.00170267
3.7e-008,-0.00200415
3.71e-008,-0.00220628
3.72e-008,-0.00232276
3.73e-008,-0.00239641
3.74e-008,-0.00238785
3.75e-008,-0.00230049
3.76e-008,-0.00216003
3.77e-008,-0.00194248
3.78e-008,-0.00168211
3.79e-008,-0.00139776
3.8e-008,-0.00110485
3.81e-008,-0.000863325
3.82e-008,-0.000657772
3.83e-008,-0.000462496
3.84e-008,-0.000311756
3.85e-008,-0.000190137
3.86e-008,-0.000143888
3.87e-008,-0.000171295
3.88e-008,-0.000243238
3.89e-008,-0.000411107
3.9e-008,-0.000632077
3.91e-008,-0.000913001
3.92e-008,-0.00119221
3.93e-008,-0.001468
3.94e-008,-0.00174549
3.95e-008,-0.00201956
3.96e-008,-0.00229535
3.97e-008,-0.00253516
3.98e-008,-0.00276298
3.99e-008,-0.00297539
4e-008,-0.00315354
4.01e-008,-0.00327173
4.02e-008,-0.00328372
4.03e-008,-0.00320492
4.04e-008,-0.00306275
4.05e-008,-0.00285034
4.06e-008,-0.0026465
4.07e-008,-0.00244266
4.08e-008,-0.0022491
4.09e-008,-0.00204012
4.1e-008,-0.00181058
4.11e-008,-0.00156392
4.12e-008,-0.00132925
4.13e-008,-0.00115795
4.14e-008,-0.00105175
4.15e-008,-0.00103291
4.16e-008,-0.00106545
4.17e-008,-0.00111855
4.18e-008,-0.00123503
4.19e-008,-0.00135837
4.2e-008,-0.00151596
4.21e-008,-0.00173008
4.22e-008,-0.00199387
4.23e-008,-0.00229021
4.24e-008,-0.00262937
4.25e-008,-0.00291886
4.26e-008,-0.00311928
4.27e-008,-0.00325631
4.28e-008,-0.00333511
4.29e-008,-0.0033471
4.3e-008,-0.00328715
4.31e-008,-0.0032152
4.32e-008,-0.00308673
4.33e-008,-0.00293085
4.34e-008,-0.00274243
4.35e-008,-0.00251289
4.36e-008,-0.00231248
4.37e-008,-0.00213776
4.38e-008,-0.00201956
4.39e-008,-0.00190308
4.4e-008,-0.00180031
4.41e-008,-0.00170952
4.42e-008,-0.00160846
4.43e-008,-0.00154679
4.44e-008,-0.00152281
4.45e-008,-0.00153309
4.46e-008,-0.0016136
4.47e-008,-0.00176776
4.48e-008,-0.00197845
4.49e-008,-0.00216859
4.5e-008,-0.00238956
4.51e-008,-0.00260025
4.52e-008,-0.00281095
4.53e-008,-0.00298395
4.54e-008,-0.00317238
4.55e-008,-0.00331113
4.56e-008,-0.0034396
4.57e-008,-0.00351325
4.58e-008,-0.00353038
4.59e-008,-0.00347043
4.6e-008,-0.00334367
4.61e-008,-0.00316381
4.62e-008,-0.00297025
4.63e-008,-0.00277497
4.64e-008,-0.00262937
4.65e-008,-0.00249748
4.66e-008,-0.00239984
4.67e-008,-0.00233475
4.68e-008,-0.00219771
4.69e-008,-0.00206581
4.7e-008,-0.00188938
4.71e-008,-0.00171637
4.72e-008,-0.00161702
4.73e-008,-0.00158961
4.74e-008,-0.00162216
4.75e-008,-0.00175577
4.76e-008,-0.00188767
4.77e-008,-0.00204012
4.78e-008,-0.00223882
4.79e-008,-0.00240326
4.8e-008,-0.00253687
4.81e-008,-0.00263451
4.82e-008,-0.00269275
4.83e-008,-0.0026996
4.84e-008,-0.00267734
4.85e-008,-0.00261738
4.86e-008,-0.00257285
4.87e-008,-0.00254886
4.88e-008,-0.00248549
4.89e-008,-0.00241354
4.9e-008,-0.0022885
4.91e-008,-0.00214804
4.92e-008,-0.00195961
4.93e-008,-0.00174721
4.94e-008,-0.00151596
4.95e-008,-0.00132411
4.96e-008,-0.00119906
4.97e-008,-0.00106717
4.98e-008,-0.00101064
4.99e-008,-0.00095925
5e-008,-0.000883881
5.01e-008,-0.00082564
5.02e-008,-0.00079652
5.03e-008,-0.000856473
5.04e-008,-0.000962676
5.05e-008,-0.00112541
5.06e-008,-0.00128985
5.07e-008,-0.00138749
5.08e-008,-0.00144744
5.09e-008,-0.0014286
5.1e-008,-0.00137892
5.11e-008,-0.00135837
5.12e-008,-0.00139776
5.13e-008,-0.00146971
5.14e-008,-0.00155193
5.15e-008,-0.00154679
5.16e-008,-0.00147999
5.17e-008,-0.00134638
5.18e-008,-0.00114767
5.19e-008,-0.000924991
5.2e-008,-0.000746845
5.21e-008,-0.00059268
5.22e-008,-0.000452218
5.23e-008,-0.00027921
5.24e-008,-9.42121e-005
5.25e-008,9.7638e-005
5.26e-008,0.000255229
5.27e-008,0.000332312
5.28e-008,0.000381987
5.29e-008,0.000356293
5.3e-008,0.000272359
5.31e-008,0.000200415
5.32e-008,0.000149026
5.33e-008,0.000109629
5.34e-008,5.65272e-005
5.35e-008,1.71295e-006
5.36e-008,-7.36567e-005
5.37e-008,-0.000128471
5.38e-008,-0.0002381
5.39e-008,-0.000318608
5.4e-008,-0.000369997
5.41e-008,-0.0003837
5.42e-008,-0.000342589
5.43e-008,-0.000275784
5.44e-008,-0.00019185
5.45e-008,-0.000107916
5.46e-008,-2.91201e-005
5.47e-008,6.68049e-005
5.48e-008,0.000155878
5.49e-008,0.000289488
5.5e-008,0.000467634
5.51e-008,0.000640642
5.52e-008,0.000830779
5.53e-008,0.00100207
5.54e-008,0.00112369
5.55e-008,0.00125216
5.56e-008,0.0013498
5.57e-008,0.00141832
5.58e-008,0.0014817
5.59e-008,0.00146457
5.6e-008,0.00140804
5.61e-008,0.00132925
5.62e-008,0.00119564
5.63e-008,0.00108087
5.64e-008,0.000983232
5.65e-008,0.000902723
5.66e-008,0.00084277
5.67e-008,0.000822214
5.68e-008,0.000798233
5.69e-008,0.00081365
5.7e-008,0.000841057
5.71e-008,0.000904436
5.72e-008,0.000984944
5.73e-008,0.00107916
5.74e-008,0.00118879
5.75e-008,0.0013104
5.76e-008,0.00144915
5.77e-008,0.00155878
5.78e-008,0.00165813
5.79e-008,0.00175234
5.8e-008,0.00182429
5.81e-008,0.00191679
5.82e-008,0.00204697
5.83e-008,0.00219771
5.84e-008,0.00232447
5.85e-008,0.00244095
5.86e-008,0.00249234
5.87e-008,0.0025266
5.88e-008,0.0025403
5.89e-008,0.00253687
5.9e-008,0.00253687
5.91e-008,0.0025266
5.92e-008,0.00248549
5.93e-008,0.00242896
5.94e-008,0.00237072
5.95e-008,0.00235016
5.96e-008,0.00234502
5.97e-008,0.00238613
5.98e-008,0.00242382
5.99e-008,0.00247007
6e-008,0.00249234
6.01e-008,0.00250775
6.02e-008,0.00254715
6.03e-008,0.00260368
6.04e-008,0.00267391
6.05e-008,0.00274928
6.06e-008,0.00283664
6.07e-008,0.00291201
6.08e-008,0.00301479
6.09e-008,0.00311071
6.1e-008,0.00316039
6.11e-008,0.00322205
6.12e-008,0.00326316
6.13e-008,0.00328201
6.14e-008,0.00331798
6.15e-008,0.00335738
6.16e-008,0.00337451
6.17e-008,0.00337964
6.18e-008,0.00334367
6.19e-008,0.00328543
6.2e-008,0.00319636
6.21e-008,0.00313127
6.22e-008,0.00306275
6.23e-008,0.0030165
6.24e-008,0.00298395
6.25e-008,0.00292914
6.26e-008,0.00292571
6.27e-008,0.00291372
6.28e-008,0.00293942
6.29e-008,0.00295826
6.3e-008,0.00301479
6.31e-008,0.00301821
6.32e-008,0.00304219
6.33e-008,0.00309529
6.34e-008,0.00312955
6.35e-008,0.00320664
6.36e-008,0.0032683
6.37e-008,0.00333339
6.38e-008,0.00335909
6.39e-008,0.00335909
6.4e-008,0.00331969
6.41e-008,0.00329228
6.42e-008,0.00323918
6.43e-008,0.00319465
6.44e-008,0.00314326
6.45e-008,0.00311585
6.46e-008,0.00311242
6.47e-008,0.00313298
6.48e-008,0.00313127
6.49e-008,0.00310729
6.5e-008,0.00303877
6.51e-008,0.00294284
6.52e-008,0.00280581
6.53e-008,0.00270132
6.54e-008,0.0026722
6.55e-008,0.00270817
6.56e-008,0.00278868
6.57e-008,0.00286233
6.58e-008,0.002924
6.59e-008,0.00295483
6.6e-008,0.00293942
6.61e-008,0.00290002
6.62e-008,0.00287261
6.63e-008,0.00282122
6.64e-008,0.00278868
6.65e-008,0.00278011
6.66e-008,0.00280752
6.67e-008,0.00282979
6.68e-008,0.00286576
6.69e-008,0.00291715
6.7e-008,0.00294798
6.71e-008,0.0029377
6.72e-008,0.00290173
6.73e-008,0.00287946
6.74e-008,0.00282465
6.75e-008,0.00277326
6.76e-008,0.00270988
6.77e-008,0.0025934
6.78e-008,0.00248891
6.79e-008,0.00233989
6.8e-008,0.0022097
6.81e-008,0.00209151
6.82e-008,0.00201956
6.83e-008,0.00196989
6.84e-008,0.00195105
6.85e-008,0.00194248
6.86e-008,0.00192364
6.87e-008,0.00193563
6.88e-008,0.00194591
6.89e-008,0.00196132
6.9e-008,0.00199387
6.91e-008,0.00202299
6.92e-008,0.00202813
6.93e-008,0.00202299
6.94e-008,0.00198531
6.95e-008,0.00197674
6.96e-008,0.00196475
6.97e-008,0.00194419
6.98e-008,0.00190822
6.99e-008,0.00186026
7e-008,0.00177119
7.01e-008,0.00167355
7.02e-008,0.00160161
7.03e-008,0.0015348
7.04e-008,0.00151082
7.05e-008,0.00148855
7.06e-008,0.00144573
7.07e-008,0.00137036
7.08e-008,0.00127272
7.09e-008,0.00117337
7.1e-008,0.0010586
7.11e-008,0.000967815
7.12e-008,0.000916427
7.13e-008,0.000894158
7.14e-008,0.000873603
7.15e-008,0.000853048
7.16e-008,0.000794807
7.17e-008,0.000721151
7.18e-008,0.000654346
7.19e-008,0.000580689
7.2e-008,0.000543004
7.21e-008,0.00048819
7.22e-008,0.000445366
7.23e-008,0.00042995
7.24e-008,0.000433376
7.25e-008,0.000433376
7.26e-008,0.000452218
7.27e-008,0.000457357
7.28e-008,0.000448792
7.29e-008,0.000378561
7.3e-008,0.000327173
7.31e-008,0.000244951
7.32e-008,0.000188424
7.33e-008,0.000138749
7.34e-008,0.000113054
7.35e-008,0.000140462
7.36e-008,0.000140462
7.37e-008,0.000150739
7.38e-008,0.000109629
7.39e-008,8.05085e-005
7.4e-008,1.02777e-005
7.41e-008,-5.13884e-005
7.42e-008,-0.000135323
7.43e-008,-0.000167869
7.44e-008,-0.000184998
7.45e-008,-0.000193563
7.46e-008,-0.00016273
7.47e-008,-0.000137036
7.48e-008,-0.00010449
7.49e-008,-5.31014e-005
7.5e-008,-2.56942e-005
7.51e-008,-1.02777e-005
7.52e-008,-3.2546e-005
7.53e-008,-5.82402e-005
7.54e-008,-0.000109629
7.55e-008,-0.000159304
7.56e-008,-0.000181572
7.57e-008,-0.000161017
7.58e-008,-0.000131897
7.59e-008,-9.7638e-005
7.6e-008,-7.53697e-005
7.61e-008,-4.62496e-005
7.62e-008,-5.31014e-005
7.63e-008,-8.90732e-005
7.64e-008,-0.000149026
7.65e-008,-0.000200415
7.66e-008,-0.0002381
7.67e-008,-0.000268933
7.68e-008,-0.000287775
7.69e-008,-0.000272359
7.7e-008,-0.000229535
7.71e-008,-0.00019185
7.72e-008,-0.000188424
7.73e-008,-0.000166156
7.74e-008,-0.000142175
7.75e-008,-9.93509e-005
7.76e-008,-5.13884e-005
7.77e-008,1.88424e-005
7.78e-008,5.31014e-005
7.79e-008,0.000113054
7.8e-008,0.000154165
7.81e-008,0.000181572
7.82e-008,0.000198702
7.83e-008,0.000193563
7.84e-008,0.000215831
7.85e-008,0.0002381
7.86e-008,0.000253516
7.87e-008,0.000262081
7.88e-008,0.000265507
7.89e-008,0.000292914
7.9e-008,0.000299766
7.91e-008,0.000316895
7.92e-008,0.000358006
7.93e-008,0.000387126
7.94e-008,0.000388839
7.95e-008,0.0003837
7.96e-008,0.0003837
7.97e-008,0.000376848
7.98e-008,0.000380274
7.99e-008,0.000395691
8e-008,0.000423098
8.01e-008,0.000450505
8.02e-008,0.00044194
8.03e-008,0.000443653
8.04e-008,0.00050018
8.05e-008,0.000582402
8.06e-008,0.000673188
8.07e-008,0.000772539
8.08e-008,0.000861612
8.09e-008,0.000880455
8.1e-008,0.000911288
8.11e-008,0.000877029
8.12e-008,0.000870177
8.13e-008,0.000859899
8.14e-008,0.000889019
8.15e-008,0.000974667
8.16e-008,0.00106717
8.17e-008,0.00116138
8.18e-008,0.00120249
8.19e-008,0.00122647
8.2e-008,0.00123503
8.21e-008,0.00121277
8.22e-008,0.00119392
8.23e-008,0.00123846
8.24e-008,0.00129499
8.25e-008,0.00139263
8.26e-008,0.00144573
8.27e-008,0.00150568
8.28e-008,0.00154508
8.29e-008,0.00159133
8.3e-008,0.00162559
8.31e-008,0.00168554
8.32e-008,0.00174378
8.33e-008,0.00179517
8.34e-008,0.00189623
8.35e-008,0.00197503
8.36e-008,0.00208294
8.37e-008,0.002196
8.38e-008,0.00225766
8.39e-008,0.0023022
8.4e-008,0.00232276
8.41e-008,0.00232104
8.42e-008,0.00233475
8.43e-008,0.00237414
8.44e-008,0.00246322
8.45e-008,0.00254715
8.46e-008,0.00261567
8.47e-008,0.00265678
8.48e-008,0.00267391
8.49e-008,0.00272872
8.5e-008,0.00278696
8.51e-008,0.0029103
8.52e-008,0.00304562
8.53e-008,0.00315011
8.54e-008,0.00319636
8.55e-008,0.00319293
8.56e-008,0.00318779
8.57e-008,0.0031758
8.58e-008,0.00319807
8.59e-008,0.0032683
8.6e-008,0.00335395
8.61e-008,0.00346358
8.62e-008,0.00355779
8.63e-008,0.0036383
8.64e-008,0.00373422
8.65e-008,0.00383871
8.66e-008,0.00395519
8.67e-008,0.00405112
8.68e-008,0.00412306
8.69e-008,0.00416589
8.7e-008,0.00419843
8.71e-008,0.00424811
8.72e-008,0.00431663
8.73e-008,0.00441426
8.74e-008,0.00454445
8.75e-008,0.00464722
8.76e-008,0.00473287
8.77e-008,0.00474829
8.78e-008,0.00475685
8.79e-008,0.0047363
8.8e-008,0.00473801
8.81e-008,0.00474144
8.82e-008,0.00479111
8.83e-008,0.00484079
8.84e-008,0.00490588
8.85e-008,0.00496926
8.86e-008,0.00503778
8.87e-008,0.00508574
8.88e-008,0.00514227
8.89e-008,0.00518509
8.9e-008,0.00525532
8.91e-008,0.00531356
8.92e-008,0.00540092
8.93e-008,0.00551911
8.94e-008,0.00562874
8.95e-008,0.00576064
8.96e-008,0.00583772
8.97e-008,0.00588397
8.98e-008,0.0059011
8.99e-008,0.00589254
9e-008,0.00591309
9.01e-008,0.00595763
9.02e-008,0.00603642
9.03e-008,0.00613235
9.04e-008,0.00619573
9.05e-008,0.0062317
9.06e-008,0.00624712
9.07e-008,0.00626939
9.08e-008,0.0062711
9.09e-008,0.00634304
9.1e-008,0.00640985
9.11e-008,0.00646124
9.12e-008,0.00652975
9.13e-008,0.00657429
9.14e-008,0.00660684
9.15e-008,0.00662397
9.16e-008,0.00664281
9.17e-008,0.00663767
9.18e-008,0.00665137
9.19e-008,0.00669248
9.2e-008,0.00675072
9.21e-008,0.00682267
9.22e-008,0.00689804
9.23e-008,0.0069323
9.24e-008,0.00698368
9.25e-008,0.00701109
9.26e-008,0.00698882
9.27e-008,0.0069854
9.28e-008,0.00699054
9.29e-008,0.00700424
9.3e-008,0.00703679
9.31e-008,0.00707276
9.32e-008,0.0070916
9.33e-008,0.00712928
9.34e-008,0.00717725
9.35e-008,0.00720465
9.36e-008,0.00724577
9.37e-008,0.00730401
9.38e-008,0.00734169
9.39e-008,0.0073434
9.4e-008,0.0073297
9.41e-008,0.0072903
9.42e-008,0.00726289
9.43e-008,0.00724405
9.44e-008,0.00724577
9.45e-008,0.00726975
9.46e-008,0.00731771
9.47e-008,0.00734854
9.48e-008,0.0073965
9.49e-008,0.00744275
9.5e-008,0.00750442
9.51e-008,0.00751984
9.52e-008,0.00751984
9.53e-008,0.00747016
9.54e-008,0.00741363
9.55e-008,0.00736225
9.56e-008,0.00731771
9.57e-008,0.00730914
9.58e-008,0.00736396
9.59e-008,0.00744961
9.6e-008,0.00754553
9.61e-008,0.00762604
9.62e-008,0.00766886
9.63e-008,0.00765859
9.64e-008,0.00761062
9.65e-008,0.0075147
9.66e-008,0.00742562
9.67e-008,0.00733141
9.68e-008,0.00727489
9.69e-008,0.00725262
9.7e-008,0.00726632
9.71e-008,0.00728516
9.72e-008,0.0073434
9.73e-008,0.00735711
9.74e-008,0.00734169
9.75e-008,0.00727831
9.76e-008,0.00721322
9.77e-008,0.00714813
9.78e-008,0.00713271
9.79e-008,0.00713271
9.8e-008,0.00716012
9.81e-008,0.00722864
9.82e-008,0.00726632
9.83e-008,0.00728345
9.84e-008,0.00726118
9.85e-008,0.00721665
9.86e-008,0.00717553
9.87e-008,0.00710873
9.88e-008,0.00707447
9.89e-008,0.00707447
9.9e-008,0.00707618
9.91e-008,0.00706077
9.92e-008,0.00703507
9.93e-008,0.0069597
9.94e-008,0.00689804
9.95e-008,0.00682952
9.96e-008,0.00680896
9.97e-008,0.00680382
9.98e-008,0.00685693
9.99e-008,0.00688776
1e-007,0.00692202
1.001e-007,0.00693572
1.002e-007,0.00694429
1.003e-007,0.00694257
1.004e-007,0.00693743
1.005e-007,0.00696998
1.006e-007,0.00696998
1.007e-007,0.00697683
1.008e-007,0.00693743
1.009e-007,0.00688776
1.01e-007,0.00679869
1.011e-007,0.00673017
1.012e-007,0.00668563
1.013e-007,0.00668906
1.014e-007,0.00671133
1.015e-007,0.00674045
1.016e-007,0.00673188
1.017e-007,0.00668734
1.018e-007,0.00664795
1.019e-007,0.00659313
1.02e-007,0.00653832
1.021e-007,0.00650577
1.022e-007,0.00648179
1.023e-007,0.0064561
1.024e-007,0.00640128
1.025e-007,0.00634304
1.026e-007,0.0063105
1.027e-007,0.00626082
1.028e-007,0.00627452
1.029e-007,0.00630536
1.03e-007,0.00631735
1.031e-007,0.00633105
1.032e-007,0.00631564
1.033e-007,0.00626425
1.034e-007,0.00621628
1.035e-007,0.0061786
1.036e-007,0.00618203
1.037e-007,0.0061255
1.038e-007,0.00608267
1.039e-007,0.00599703
1.04e-007,0.00590453
1.041e-007,0.00584971
1.042e-007,0.00582745
1.043e-007,0.00582573
1.044e-007,0.00587883
1.045e-007,0.00589254
1.046e-007,0.0058617
1.047e-007,0.00576064
1.048e-007,0.00558763
1.049e-007,0.0054249
1.05e-007,0.00529472
1.051e-007,0.00521078
1.052e-007,0.00520565
1.053e-007,0.00518852
1.054e-007,0.00520736
1.055e-007,0.00520736
1.056e-007,0.00515426
1.057e-007,0.00510287
1.058e-007,0.00503949
1.059e-007,0.0050138
1.06e-007,0.00499153
1.061e-007,0.00499153
1.062e-007,0.00496241
1.063e-007,0.00490417
1.064e-007,0.00482366
1.065e-007,0.00472431
1.066e-007,0.00459412
1.067e-007,0.00448963
1.068e-007,0.00440913
1.069e-007,0.0043526
1.07e-007,0.00431491
1.071e-007,0.00428408
1.072e-007,0.00422584
1.073e-007,0.00418473
1.074e-007,0.00413505
1.075e-007,0.00410765
1.076e-007,0.00408538
1.077e-007,0.00404084
1.078e-007,0.00397918
1.079e-007,0.00389695
1.08e-007,0.00381131
1.081e-007,0.0036914
1.082e-007,0.00359205
1.083e-007,0.00353381
1.084e-007,0.00348242
1.085e-007,0.00340705
1.086e-007,0.00331627
1.087e-007,0.00323233
1.088e-007,0.00312613
1.089e-007,0.0030559
1.09e-007,0.00299594
1.091e-007,0.0029634
1.092e-007,0.00295826
1.093e-007,0.00292914
1.094e-007,0.00284692
1.095e-007,0.00276127
1.096e-007,0.00263109
1.097e-007,0.00251289
1.098e-007,0.00242211
1.099e-007,0.00236901
1.1e-007,0.00233817
1.101e-007,0.00230049
1.102e-007,0.00222512
1.103e-007,0.00213604
1.104e-007,0.00204526
1.105e-007,0.00195105
1.106e-007,0.00188767
1.107e-007,0.00186026
1.108e-007,0.00183457
1.109e-007,0.00180202
1.11e-007,0.00173522
1.111e-007,0.00164957
1.112e-007,0.00156392
1.113e-007,0.00147827
1.114e-007,0.0014286
1.115e-007,0.00139263
1.116e-007,0.00136864
1.117e-007,0.00131554
1.118e-007,0.00127272
1.119e-007,0.00123332
1.12e-007,0.00116823
1.121e-007,0.00109971
1.122e-007,0.00103291
1.123e-007,0.000974667
1.124e-007,0.000928417
1.125e-007,0.000859899
1.126e-007,0.000757123
1.127e-007,0.000647494
1.128e-007,0.000508745
1.129e-007,0.000414533
1.13e-007,0.000330599
1.131e-007,0.000280923
1.132e-007,0.000241526
1.133e-007,0.000193563
1.134e-007,0.000150739
1.135e-007,9.07862e-005
1.136e-007,6.68049e-005
1.137e-007,6.85179e-005
1.138e-007,0.000121619
1.139e-007,0.00016273
1.14e-007,0.000167869
1.141e-007,0.000111342
1.142e-007,0
1.143e-007,-0.000137036
1.144e-007,-0.000262081
1.145e-007,-0.000344302
1.146e-007,-0.000407681
1.147e-007,-0.000443653
1.148e-007,-0.000447079
1.149e-007,-0.000457357
1.15e-007,-0.000503606
1.151e-007,-0.000587541
1.152e-007,-0.000683466
1.153e-007,-0.000810224
1.154e-007,-0.000914714
1.155e-007,-0.000955824
1.156e-007,-0.000933556
1.157e-007,-0.000870177
1.158e-007,-0.000765687
1.159e-007,-0.000721151
1.16e-007,-0.000719438
1.161e-007,-0.00081365
1.162e-007,-0.000933556
1.163e-007,-0.0010449
1.164e-007,-0.00112369
1.165e-007,-0.00115453
1.166e-007,-0.00114767
1.167e-007,-0.00112027
1.168e-007,-0.00112541
1.169e-007,-0.00116138
1.17e-007,-0.00121962
1.171e-007,-0.00131383
1.172e-007,-0.00140119
1.173e-007,-0.00146286
1.174e-007,-0.00147656
1.175e-007,-0.00145429
1.176e-007,-0.00138064
1.177e-007,-0.00132582
1.178e-007,-0.00128814
1.179e-007,-0.00129499
1.18e-007,-0.00133781
1.181e-007,-0.00143202
1.182e-007,-0.00152795
1.183e-007,-0.00162387
1.184e-007,-0.00167355
1.185e-007,-0.00166156
1.186e-007,-0.00167012
1.187e-007,-0.00166156
1.188e-007,-0.00165985
1.189e-007,-0.00169239
1.19e-007,-0.00170952
1.191e-007,-0.00174892
1.192e-007,-0.00174378
1.193e-007,-0.00174035
1.194e-007,-0.00172665
1.195e-007,-0.00172151
1.196e-007,-0.00171809
1.197e-007,-0.00173179
1.198e-007,-0.00176262
1.199e-007,-0.00182943
1.2e-007,-0.00188253
1.201e-007,-0.00195447
1.202e-007,-0.00202984
1.203e-007,-0.0020898
1.204e-007,-0.00211549
1.205e-007,-0.00212405
1.206e-007,-0.00210179
1.207e-007,-0.00210521
1.208e-007,-0.00213091
1.209e-007,-0.00216688
1.21e-007,-0.00226623
1.211e-007,-0.00234674
1.212e-007,-0.00237757
1.213e-007,-0.00240669
1.214e-007,-0.002381
1.215e-007,-0.00231077
1.216e-007,-0.00225253
1.217e-007,-0.00221827
1.218e-007,-0.00223368
1.219e-007,-0.00231248
1.22e-007,-0.00241183
1.221e-007,-0.00249748
1.222e-007,-0.0025403
1.223e-007,-0.00254544
1.224e-007,-0.00247692
1.225e-007,-0.0024341
1.226e-007,-0.00238785
1.227e-007,-0.00236044
1.228e-007,-0.0023553
1.229e-007,-0.00238613
1.23e-007,-0.00240326
1.231e-007,-0.0024341
1.232e-007,-0.00246322
1.233e-007,-0.00251974
1.234e-007,-0.0025797
1.235e-007,-0.00262423
1.236e-007,-0.00263109
1.237e-007,-0.00261396
1.238e-007,-0.00253687
1.239e-007,-0.00247007
1.24e-007,-0.00241354
1.241e-007,-0.00240155
1.242e-007,-0.00243581
1.243e-007,-0.00248377
1.244e-007,-0.00252317
1.245e-007,-0.00252317
1.246e-007,-0.00251461
1.247e-007,-0.00250262
1.248e-007,-0.00249062
1.249e-007,-0.00251118
1.25e-007,-0.00256942
1.251e-007,-0.00260025
1.252e-007,-0.00261738
1.253e-007,-0.00261738
1.254e-007,-0.00261224
1.255e-007,-0.00257627
1.256e-007,-0.00254544
1.257e-007,-0.0024735
1.258e-007,-0.00242211
1.259e-007,-0.00239299
1.26e-007,-0.002381
1.261e-007,-0.00240155
1.262e-007,-0.00240669
1.263e-007,-0.00242725
1.264e-007,-0.00239299
1.265e-007,-0.00233646
1.266e-007,-0.00226452
1.267e-007,-0.00222169
1.268e-007,-0.00217544
1.269e-007,-0.00218229
1.27e-007,-0.00219942
1.271e-007,-0.00223197
1.272e-007,-0.00221141
1.273e-007,-0.00219086
1.274e-007,-0.00218058
1.275e-007,-0.00214118
1.276e-007,-0.00211549
1.277e-007,-0.00212234
1.278e-007,-0.00213091
1.279e-007,-0.00215317
1.28e-007,-0.00218229
1.281e-007,-0.00217544
1.282e-007,-0.00214461
1.283e-007,-0.00209322
1.284e-007,-0.00205554
1.285e-007,-0.00200929
1.286e-007,-0.00198188
1.287e-007,-0.00196304
1.288e-007,-0.00196132
1.289e-007,-0.0019322
1.29e-007,-0.00189623
1.291e-007,-0.00186883
1.292e-007,-0.00186369
1.293e-007,-0.00186369
1.294e-007,-0.00188767
1.295e-007,-0.00192535
1.296e-007,-0.0019322
1.297e-007,-0.00193049
1.298e-007,-0.00192364
1.299e-007,-0.00187568
1.3e-007,-0.00185683
1.301e-007,-0.00182771
1.302e-007,-0.00181058
1.303e-007,-0.00183457
1.304e-007,-0.00188424
1.305e-007,-0.00195447
1.306e-007,-0.00204183
1.307e-007,-0.00210864
1.308e-007,-0.00213947
1.309e-007,-0.00215317
1.31e-007,-0.00213604
1.311e-007,-0.00209836
1.312e-007,-0.0020778
1.313e-007,-0.0020641
1.314e-007,-0.00205554
1.315e-007,-0.00209665
1.316e-007,-0.00214461
1.317e-007,-0.00218572
1.318e-007,-0.00221998
1.319e-007,-0.00225081
1.32e-007,-0.00222341
1.321e-007,-0.00216174
1.322e-007,-0.00209836
1.323e-007,-0.00199558
1.324e-007,-0.00198359
1.325e-007,-0.00196132
1.326e-007,-0.00199901
1.327e-007,-0.00210692
1.328e-007,-0.0022097
1.329e-007,-0.00229192
1.33e-007,-0.00234674
1.331e-007,-0.00235188
1.332e-007,-0.00233475
1.333e-007,-0.00231933
1.334e-007,-0.00230734
1.335e-007,-0.00229535
1.336e-007,-0.00230734
1.337e-007,-0.00229192
1.338e-007,-0.00227993
1.339e-007,-0.00231077
1.34e-007,-0.00232104
1.341e-007,-0.0023159
1.342e-007,-0.00233132
1.343e-007,-0.00232961
1.344e-007,-0.00231077
1.345e-007,-0.00232618
1.346e-007,-0.00234674
1.347e-007,-0.00239813
1.348e-007,-0.00246664
1.349e-007,-0.00251803
1.35e-007,-0.00253516
1.351e-007,-0.00254373
1.352e-007,-0.00254886
1.353e-007,-0.00255914
1.354e-007,-0.00261053
1.355e-007,-0.00268076
1.356e-007,-0.00275956
1.357e-007,-0.00281951
1.358e-007,-0.00286233
1.359e-007,-0.00287432
1.36e-007,-0.0028572
1.361e-007,-0.00283321
1.362e-007,-0.00284863
1.363e-007,-0.0028709
1.364e-007,-0.00288803
1.365e-007,-0.00291544
1.366e-007,-0.00291544
1.367e-007,-0.00292743
1.368e-007,-0.00293942
1.369e-007,-0.00298224
1.37e-007,-0.00305418
1.371e-007,-0.00309701
1.372e-007,-0.00313812
1.373e-007,-0.00314326
1.374e-007,-0.00311071
1.375e-007,-0.00306104
1.376e-007,-0.00304391
1.377e-007,-0.00300793
1.378e-007,-0.00304219
1.379e-007,-0.00306275
1.38e-007,-0.00310386
1.381e-007,-0.00312784
1.382e-007,-0.00312955
1.383e-007,-0.00313641
1.384e-007,-0.00316724
1.385e-007,-0.00318951
1.386e-007,-0.00319465
1.387e-007,-0.00321006
1.388e-007,-0.00323062
1.389e-007,-0.00321178
1.39e-007,-0.00321178
1.391e-007,-0.00322548
1.392e-007,-0.00328543
1.393e-007,-0.00338821
1.394e-007,-0.00347214
1.395e-007,-0.00354751
1.396e-007,-0.00359548
1.397e-007,-0.00359719
1.398e-007,-0.00358006
1.399e-007,-0.00357321
1.4e-007,-0.00355265
1.401e-007,-0.00354066
1.402e-007,-0.00352867
1.403e-007,-0.00351154
1.404e-007,-0.00349441
1.405e-007,-0.00348242
1.406e-007,-0.00350126
1.407e-007,-0.00349099
1.408e-007,-0.00351154
1.409e-007,-0.00352011
1.41e-007,-0.00351668
1.411e-007,-0.00351668
1.412e-007,-0.00353895
1.413e-007,-0.00354923
1.414e-007,-0.00360061
1.415e-007,-0.00365029
1.416e-007,-0.00368797
1.417e-007,-0.00367941
1.418e-007,-0.00366057
1.419e-007,-0.00362288
1.42e-007,-0.00358348
1.421e-007,-0.00358862
1.422e-007,-0.00360575
1.423e-007,-0.00367256
1.424e-007,-0.00370853
1.425e-007,-0.00372909
1.426e-007,-0.0036914
1.427e-007,-0.00364515
1.428e-007,-0.00359548
1.429e-007,-0.00358862
1.43e-007,-0.00360233
1.431e-007,-0.00361603
1.432e-007,-0.00362631
1.433e-007,-0.00355608
1.434e-007,-0.00344131
1.435e-007,-0.0033471
1.436e-007,-0.0032546
1.437e-007,-0.00321863
1.438e-007,-0.00325289
1.439e-007,-0.00330427
1.44e-007,-0.0033214
1.441e-007,-0.0033214
1.442e-007,-0.00323576
1.443e-007,-0.00310215
1.444e-007,-0.00296169
1.445e-007,-0.00287775
1.446e-007,-0.00286576
1.447e-007,-0.00289488
1.448e-007,-0.00296682
1.449e-007,-0.0030028
1.45e-007,-0.00299423
1.451e-007,-0.00292914
1.452e-007,-0.00284178
1.453e-007,-0.00276984
1.454e-007,-0.00274585
1.455e-007,-0.00275784
1.456e-007,-0.00280923
1.457e-007,-0.0028178
1.458e-007,-0.0028572
1.459e-007,-0.00286233
1.46e-007,-0.00285206
1.461e-007,-0.00279382
1.462e-007,-0.00273729
1.463e-007,-0.00267562
1.464e-007,-0.00261224
1.465e-007,-0.00256771
1.466e-007,-0.00256086
1.467e-007,-0.00255058
1.468e-007,-0.00253516
1.469e-007,-0.00247521
1.47e-007,-0.00240155
1.471e-007,-0.00230905
1.472e-007,-0.00221998
1.473e-007,-0.00212919
1.474e-007,-0.00208123
1.475e-007,-0.00205211
1.476e-007,-0.00204526
1.477e-007,-0.00205896
1.478e-007,-0.00208294
1.479e-007,-0.00204868
1.48e-007,-0.00203155
1.481e-007,-0.00197674
1.482e-007,-0.00192878
1.483e-007,-0.00188595
1.484e-007,-0.00184998
1.485e-007,-0.00182086
1.486e-007,-0.00181401
1.487e-007,-0.00180202
1.488e-007,-0.0017592
1.489e-007,-0.0016804
1.49e-007,-0.00160674
1.491e-007,-0.00151253
1.492e-007,-0.00144915
1.493e-007,-0.00138235
1.494e-007,-0.00132239
1.495e-007,-0.0012967
1.496e-007,-0.00126415
1.497e-007,-0.00123846
1.498e-007,-0.00123503
1.499e-007,-0.00122133
1.5e-007,-0.00121791
1.501e-007,-0.00124874
1.502e-007,-0.00123332
1.503e-007,-0.00118193
1.504e-007,-0.00108258
1.505e-007,-0.00098837
1.506e-007,-0.000889019
1.507e-007,-0.000787956
1.508e-007,-0.000698882
1.509e-007,-0.000644068
1.51e-007,-0.000611522
1.511e-007,-0.000602957
1.512e-007,-0.000578976
1.513e-007,-0.000544717
1.514e-007,-0.00050018
1.515e-007,-0.000460783
1.516e-007,-0.000433376
1.517e-007,-0.000423098
1.518e-007,-0.000409394
1.519e-007,-0.000387126
1.52e-007,-0.000351154
1.521e-007,-0.000280923
1.522e-007,-0.000202128
1.523e-007,-0.000142175
1.524e-007,-0.000106203
1.525e-007,-8.73603e-005
1.526e-007,-9.93509e-005
1.527e-007,-8.05085e-005
1.528e-007,-5.99531e-005
1.529e-007,3.59719e-005
1.53e-007,0.000126758
1.531e-007,0.000227822
1.532e-007,0.000323747
1.533e-007,0.000405968
1.534e-007,0.000438514
1.535e-007,0.000464209
1.536e-007,0.000476199
1.537e-007,0.000529301
1.538e-007,0.000560134
1.539e-007,0.000632077
1.54e-007,0.000616661
1.541e-007,0.000626939
1.542e-007,0.000614948
1.543e-007,0.000601244
1.544e-007,0.000609809
1.545e-007,0.000652633
1.546e-007,0.000758835
1.547e-007,0.000868464
1.548e-007,0.000952398
1.549e-007,0.00102777
1.55e-007,0.00103976
1.551e-007,0.00107573
1.552e-007,0.00111684
1.553e-007,0.00118193
1.554e-007,0.00127786
1.555e-007,0.0013755
1.556e-007,0.00145429
1.557e-007,0.00148855
1.558e-007,0.00150568
1.559e-007,0.0015211
1.56e-007,0.00155707
1.561e-007,0.00161017
1.562e-007,0.00169924
1.563e-007,0.00173693
1.564e-007,0.00178489
1.565e-007,0.0018123
1.566e-007,0.00185683
1.567e-007,0.00191679
1.568e-007,0.00199558
1.569e-007,0.00206924
1.57e-007,0.00212748
1.571e-007,0.00216688
1.572e-007,0.00213947
1.573e-007,0.00206924
1.574e-007,0.00198702
1.575e-007,0.00194591
1.576e-007,0.00194591
1.577e-007,0.00204183
1.578e-007,0.00215489
1.579e-007,0.00225253
1.58e-007,0.00230563
1.581e-007,0.00230049
1.582e-007,0.00225938
1.583e-007,0.00221827
1.584e-007,0.00222854
1.585e-007,0.00226623
1.586e-007,0.00233646
1.587e-007,0.00240669
1.588e-007,0.00245979
1.589e-007,0.00247692
1.59e-007,0.00251118
1.591e-007,0.00249919
1.592e-007,0.00249919
1.593e-007,0.00249919
1.594e-007,0.00249405
1.595e-007,0.0024872
1.596e-007,0.00246493
1.597e-007,0.00244438
1.598e-007,0.00244609
1.599e-007,0.0024478
1.6e-007,0.00252146
1.601e-007,0.00259169
1.602e-007,0.00270303
1.603e-007,0.00280409
1.604e-007,0.00285034
1.605e-007,0.00283321
1.606e-007,0.00280067
1.607e-007,0.00274071
1.608e-007,0.0026859
1.609e-007,0.00263451
1.61e-007,0.00262595
1.611e-007,0.00265507
1.612e-007,0.00269275
1.613e-007,0.002739
1.614e-007,0.00278354
1.615e-007,0.00284007
1.616e-007,0.00287432
1.617e-007,0.00286233
1.618e-007,0.00280409
1.619e-007,0.002739
1.62e-007,0.00270646
1.621e-007,0.00268933
1.622e-007,0.00271502
1.623e-007,0.00278011
1.624e-007,0.00283835
1.625e-007,0.0028709
1.626e-007,0.00287946
1.627e-007,0.00286233
1.628e-007,0.00282808
1.629e-007,0.00281266
1.63e-007,0.00280752
1.631e-007,0.00282636
1.632e-007,0.00289831
1.633e-007,0.00295997
1.634e-007,0.00301136
1.635e-007,0.0030559
1.636e-007,0.00305932
1.637e-007,0.00300793
1.638e-007,0.00296854
1.639e-007,0.00292743
1.64e-007,0.00291201
1.641e-007,0.00289145
1.642e-007,0.00289659
1.643e-007,0.00289659
1.644e-007,0.0028709
1.645e-007,0.00286233
1.646e-007,0.00281608
1.647e-007,0.00280752
1.648e-007,0.00281437
1.649e-007,0.00284692
1.65e-007,0.00287775
1.651e-007,0.00289659
1.652e-007,0.00290002
1.653e-007,0.00290687
1.654e-007,0.00292229
1.655e-007,0.00295141
1.656e-007,0.00298738
1.657e-007,0.00303363
1.658e-007,0.00301993
1.659e-007,0.00301136
1.66e-007,0.00299423
1.661e-007,0.00297025
1.662e-007,0.00298224
1.663e-007,0.0030028
1.664e-007,0.00301136
1.665e-007,0.00302335
1.666e-007,0.00302678
1.667e-007,0.00302164
1.668e-007,0.00300451
1.669e-007,0.00297539
1.67e-007,0.00294284
1.671e-007,0.00290173
1.672e-007,0.00286576
1.673e-007,0.0028572
1.674e-007,0.00287775
1.675e-007,0.00293942
1.676e-007,0.00299081
1.677e-007,0.00300965
1.678e-007,0.00298224
1.679e-007,0.0029103
1.68e-007,0.0028315
1.681e-007,0.0027253
1.682e-007,0.00267562
1.683e-007,0.00268076
1.684e-007,0.00270132
1.685e-007,0.00273558
1.686e-007,0.00273215
1.687e-007,0.00268761
1.688e-007,0.00261567
1.689e-007,0.00253687
1.69e-007,0.00247007
1.691e-007,0.00245637
1.692e-007,0.00247178
1.693e-007,0.00252317
1.694e-007,0.00256428
1.695e-007,0.00258998
1.696e-007,0.00256942
1.697e-007,0.00251289
1.698e-007,0.00247178
1.699e-007,0.00246836
1.7e-007,0.0025009
1.701e-007,0.00253345
1.702e-007,0.00258312
1.703e-007,0.00260539
1.704e-007,0.00257799
1.705e-007,0.00255229
1.706e-007,0.0024735
1.707e-007,0.00242896
1.708e-007,0.00240326
1.709e-007,0.0024084
1.71e-007,0.00241183
1.711e-007,0.00241697
1.712e-007,0.00240498
1.713e-007,0.00237072
1.714e-007,0.00230905
1.715e-007,0.00224567
1.716e-007,0.00218572
1.717e-007,0.00214118
1.718e-007,0.0021172
1.719e-007,0.0020898
1.72e-007,0.00205382
1.721e-007,0.0020247
1.722e-007,0.00200586
1.723e-007,0.00198531
1.724e-007,0.00197503
1.725e-007,0.00198531
1.726e-007,0.00199044
1.727e-007,0.00204183
1.728e-007,0.00208808
1.729e-007,0.00206581
1.73e-007,0.002011
1.731e-007,0.00193906
1.732e-007,0.00184998
1.733e-007,0.00175748
1.734e-007,0.00167184
1.735e-007,0.00159989
1.736e-007,0.00158448
1.737e-007,0.00156735
1.738e-007,0.00152966
1.739e-007,0.00152281
1.74e-007,0.00151425
1.741e-007,0.00152966
1.742e-007,0.00154337
1.743e-007,0.00156906
1.744e-007,0.00154679
1.745e-007,0.00150739
1.746e-007,0.00143545
1.747e-007,0.00133952
1.748e-007,0.00127786
1.749e-007,0.00122647
1.75e-007,0.00122304
1.751e-007,0.00123675
1.752e-007,0.00123846
1.753e-007,0.00121277
1.754e-007,0.00117337
1.755e-007,0.00114939
1.756e-007,0.00112541
