LECROYWM8500,500500138,Waveform
Segments,1,SegmentSize,2002
Segment,TrigTime,TimeSinceSegment1
#1,21-Mar-2024 16:45:26,0                 
Time,Ampl
-2.45e-008,0.000203841
-2.44e-008,0.000210692
-2.43e-008,0.000210692
-2.42e-008,0.000161017
-2.41e-008,0.000113054
-2.4e-008,6.68049e-005
-2.39e-008,5.82402e-005
-2.38e-008,0.000114767
-2.37e-008,0.000195276
-2.36e-008,0.000315182
-2.35e-008,0.0003837
-2.34e-008,0.000378561
-2.33e-008,0.00029634
-2.32e-008,0.000186711
-2.31e-008,7.02308e-005
-2.3e-008,6.85179e-006
-2.29e-008,-2.39813e-005
-2.28e-008,3.59719e-005
-2.27e-008,9.7638e-005
-2.26e-008,0.000183285
-2.25e-008,0.000280923
-2.24e-008,0.000366571
-2.23e-008,0.00040083
-2.22e-008,0.000435089
-2.21e-008,0.000436801
-2.2e-008,0.000392265
-2.19e-008,0.000352867
-2.18e-008,0.000294627
-2.17e-008,0.000256942
-2.16e-008,0.000255229
-2.15e-008,0.000256942
-2.14e-008,0.000291201
-2.13e-008,0.000310043
-2.12e-008,0.000340876
-2.11e-008,0.000352867
-2.1e-008,0.000328886
-2.09e-008,0.000301479
-2.08e-008,0.000251803
-2.07e-008,0.000217544
-2.06e-008,0.000196989
-2.05e-008,0.000176434
-2.04e-008,0.000212405
-2.03e-008,0.000258655
-2.02e-008,0.00029634
-2.01e-008,0.000322034
-2e-008,0.000351154
-1.99e-008,0.000334025
-1.98e-008,0.000318608
-1.97e-008,0.000282636
-1.96e-008,0.000298053
-1.95e-008,0.000363145
-1.94e-008,0.000414533
-1.93e-008,0.000417959
-1.92e-008,0.000399117
-1.91e-008,0.000330599
-1.9e-008,0.000256942
-1.89e-008,0.000193563
-1.88e-008,0.000184998
-1.87e-008,0.000203841
-1.86e-008,0.000275784
-1.85e-008,0.000347728
-1.84e-008,0.000388839
-1.83e-008,0.000378561
-1.82e-008,0.000352867
-1.81e-008,0.000291201
-1.8e-008,0.000256942
-1.79e-008,0.000202128
-1.78e-008,0.00020898
-1.77e-008,0.000200415
-1.76e-008,0.000203841
-1.75e-008,0.000173008
-1.74e-008,0.000154165
-1.73e-008,0.000135323
-1.72e-008,0.000171295
-1.71e-008,0.0002381
-1.7e-008,0.000318608
-1.69e-008,0.000361432
-1.68e-008,0.000385413
-1.67e-008,0.000364858
-1.66e-008,0.000299766
-1.65e-008,0.00022097
-1.64e-008,0.000142175
-1.63e-008,0.000109629
-1.62e-008,0.000138749
-1.61e-008,0.00019185
-1.6e-008,0.000232961
-1.59e-008,0.000268933
-1.58e-008,0.0002381
-1.57e-008,0.000159304
-1.56e-008,0.000107916
-1.55e-008,7.19438e-005
-1.54e-008,8.22214e-005
-1.53e-008,0.00016273
-1.52e-008,0.000227822
-1.51e-008,0.000274071
-1.5e-008,0.000284349
-1.49e-008,0.000274071
-1.48e-008,0.000256942
-1.47e-008,0.000260368
-1.46e-008,0.000291201
-1.45e-008,0.000342589
-1.44e-008,0.00040083
-1.43e-008,0.00042995
-1.42e-008,0.000397404
-1.41e-008,0.000361432
-1.4e-008,0.000313469
-1.39e-008,0.000282636
-1.38e-008,0.000303192
-1.37e-008,0.000303192
-1.36e-008,0.000304905
-1.35e-008,0.000332312
-1.34e-008,0.000347728
-1.33e-008,0.000361432
-1.32e-008,0.000352867
-1.31e-008,0.000301479
-1.3e-008,0.000210692
-1.29e-008,0.000140462
-1.28e-008,7.87956e-005
-1.27e-008,5.65272e-005
-1.26e-008,0.000118193
-1.25e-008,0.000212405
-1.24e-008,0.000260368
-1.23e-008,0.000270646
-1.22e-008,0.000224396
-1.21e-008,0.000150739
-1.2e-008,8.73603e-005
-1.19e-008,8.05085e-005
-1.18e-008,0.000131897
-1.17e-008,0.000241526
-1.16e-008,0.000366571
-1.15e-008,0.000455644
-1.14e-008,0.00050018
-1.13e-008,0.00048819
-1.12e-008,0.000448792
-1.11e-008,0.000359719
-1.1e-008,0.00029634
-1.09e-008,0.000222683
-1.08e-008,0.000215831
-1.07e-008,0.00020898
-1.06e-008,0.000234674
-1.05e-008,0.000315182
-1.04e-008,0.000397404
-1.03e-008,0.000501893
-1.02e-008,0.000638929
-1.01e-008,0.000789669
-1e-008,0.000904436
-9.9e-009,0.00101578
-9.8e-009,0.00108258
-9.7e-009,0.00111855
-9.6e-009,0.0010843
-9.5e-009,0.00105518
-9.4e-009,0.00101235
-9.3e-009,0.00101578
-9.2e-009,0.00103119
-9.1e-009,0.00101406
-9e-009,0.000991796
-8.9e-009,0.000950686
-8.8e-009,0.000892445
-8.7e-009,0.00084277
-8.6e-009,0.000806798
-8.5e-009,0.000801659
-8.4e-009,0.000801659
-8.3e-009,0.000817076
-8.2e-009,0.000815363
-8.1e-009,0.00081365
-8e-009,0.000811937
-7.9e-009,0.000801659
-7.8e-009,0.00085476
-7.7e-009,0.000887306
-7.6e-009,0.000899297
-7.5e-009,0.000889019
-7.4e-009,0.00081365
-7.3e-009,0.000666336
-7.2e-009,0.000507032
-7.1e-009,0.000322034
-7e-009,0.000210692
-6.9e-009,0.000169582
-6.8e-009,0.000275784
-6.7e-009,0.000424811
-6.6e-009,0.000601244
-6.5e-009,0.000693743
-6.4e-009,0.000685179
-6.3e-009,0.000549856
-6.2e-009,0.000358006
-6.1e-009,0.000150739
-6e-009,-6.85179e-006
-5.9e-009,-7.53697e-005
-5.8e-009,-0.00010449
-5.7e-009,-0.000126758
-5.6e-009,-0.000202128
-5.5e-009,-0.000390552
-5.4e-009,-0.000577263
-5.3e-009,-0.000719438
-5.2e-009,-0.000602957
-5.1e-009,-7.19438e-005
-5e-009,0.000883881
-4.9e-009,0.00213433
-4.8e-009,0.00357149
-4.7e-009,0.00503264
-4.6e-009,0.00640985
-4.5e-009,0.00770826
-4.4e-009,0.00891075
-4.3e-009,0.0100944
-4.2e-009,0.0112164
-4.1e-009,0.0121585
-4e-009,0.0128488
-3.9e-009,0.0132068
-3.8e-009,0.0131948
-3.7e-009,0.0128454
-3.6e-009,0.0122647
-3.5e-009,0.0113928
-3.4e-009,0.0103034
-3.3e-009,0.0090238
-3.2e-009,0.00762604
-3.1e-009,0.00626767
-3e-009,0.00504977
-2.9e-009,0.00410765
-2.8e-009,0.00349441
-2.7e-009,0.00325802
-2.6e-009,0.00327002
-2.5e-009,0.00349099
-2.4e-009,0.0037976
-2.3e-009,0.00420015
-2.2e-009,0.00459755
-2.1e-009,0.00504634
-2e-009,0.00556708
-1.9e-009,0.00617003
-1.8e-009,0.00682781
-1.7e-009,0.00753868
-1.6e-009,0.00819816
-1.5e-009,0.00880112
-1.4e-009,0.00926704
-1.3e-009,0.0096182
-1.2e-009,0.00985458
-1.1e-009,0.0100225
-1e-009,0.0101355
-9e-010,0.0102349
-8e-010,0.0102537
-7e-010,0.0101184
-6e-010,0.00974838
-5e-010,0.00908033
-4e-010,0.00812108
-3e-010,0.00695285
-2e-010,0.00569726
-1e-010,0.00447936
4.138488e-023,0.00342075
1e-010,0.00264136
2e-010,0.00214975
3e-010,0.00200072
4e-010,0.00211206
5e-010,0.00242211
6e-010,0.00290344
7e-010,0.00349955
8e-010,0.00413677
9e-010,0.00481167
1e-009,0.00548999
1.1e-009,0.00613064
1.2e-009,0.00672846
1.3e-009,0.00726289
1.4e-009,0.00775622
1.5e-009,0.00822386
1.6e-009,0.00865038
1.7e-009,0.0089707
1.8e-009,0.00916598
1.9e-009,0.00918311
2e-009,0.00902209
2.1e-009,0.00866237
2.2e-009,0.00816048
2.3e-009,0.00754724
2.4e-009,0.00682952
2.5e-009,0.00599874
2.6e-009,0.00503949
2.7e-009,0.00405455
2.8e-009,0.0031227
2.9e-009,0.00224225
3e-009,0.00158619
3.1e-009,0.00113054
3.2e-009,0.000890732
3.3e-009,0.000865038
3.4e-009,0.00106031
3.5e-009,0.00146286
3.6e-009,0.00202642
3.7e-009,0.0026859
3.8e-009,0.00340363
3.9e-009,0.0041539
4e-009,0.00486648
4.1e-009,0.00554138
4.2e-009,0.00616661
4.3e-009,0.00673359
4.4e-009,0.00719609
4.5e-009,0.00750956
4.6e-009,0.007674
4.7e-009,0.00767229
4.8e-009,0.00747016
4.9e-009,0.00712586
5e-009,0.00661369
5.1e-009,0.0059799
5.2e-009,0.0052262
5.3e-009,0.00438343
5.4e-009,0.00352867
5.5e-009,0.00273044
5.6e-009,0.00198017
5.7e-009,0.00130013
5.8e-009,0.000678327
5.9e-009,0.000142175
6e-009,-0.000310043
6.1e-009,-0.000551569
6.2e-009,-0.000578976
6.3e-009,-0.000274071
6.4e-009,0.000318608
6.5e-009,0.00112027
6.6e-009,0.00206924
6.7e-009,0.00304905
6.8e-009,0.00395691
6.9e-009,0.00477912
7e-009,0.00548143
7.1e-009,0.00604499
7.2e-009,0.00649721
7.3e-009,0.00682952
7.4e-009,0.00703336
7.5e-009,0.00709331
7.6e-009,0.00698026
7.7e-009,0.00666165
7.8e-009,0.00614434
7.9e-009,0.0054506
8e-009,0.00465236
8.1e-009,0.0037445
8.2e-009,0.00285891
8.3e-009,0.00199387
8.4e-009,0.0011905
8.5e-009,0.000457357
8.6e-009,-0.000138749
8.7e-009,-0.000558421
8.8e-009,-0.000789669
8.9e-009,-0.000849622
9e-009,-0.000676614
9.1e-009,-0.000375135
9.2e-009,5.65272e-005
9.3e-009,0.000632077
9.4e-009,0.00133267
9.5e-009,0.00213604
9.6e-009,0.00293942
9.7e-009,0.00366228
9.8e-009,0.00430464
9.9e-009,0.00477398
1e-008,0.00511315
1.01e-008,0.00531699
1.02e-008,0.00544032
1.03e-008,0.00549685
1.04e-008,0.00540949
1.05e-008,0.00515768
1.06e-008,0.00473459
1.07e-008,0.0041145
1.08e-008,0.00338136
1.09e-008,0.00255229
1.1e-008,0.00172322
1.11e-008,0.00102263
1.12e-008,0.000397404
1.13e-008,-8.05085e-005
1.14e-008,-0.000464209
1.15e-008,-0.000774252
1.16e-008,-0.00106545
1.17e-008,-0.00126587
1.18e-008,-0.00134124
1.19e-008,-0.001283
1.2e-008,-0.00104318
1.21e-008,-0.000635503
1.22e-008,-9.7638e-005
1.23e-008,0.000551569
1.24e-008,0.00124531
1.25e-008,0.00195276
1.26e-008,0.00267905
1.27e-008,0.00341048
1.28e-008,0.00411964
1.29e-008,0.00476199
1.3e-008,0.00525875
1.31e-008,0.00553796
1.32e-008,0.00553796
1.33e-008,0.00528615
1.34e-008,0.00487676
1.35e-008,0.00432348
1.36e-008,0.00374793
1.37e-008,0.00312442
1.38e-008,0.00247863
1.39e-008,0.00179346
1.4e-008,0.00107059
1.41e-008,0.000381987
1.42e-008,-0.000241526
1.43e-008,-0.000695456
1.44e-008,-0.00103633
1.45e-008,-0.00122304
1.46e-008,-0.00128642
1.47e-008,-0.00118536
1.48e-008,-0.000907862
1.49e-008,-0.000519023
1.5e-008,4.11107e-005
1.51e-008,0.000705734
1.52e-008,0.00143888
1.53e-008,0.00217716
1.54e-008,0.00288632
1.55e-008,0.00358177
1.56e-008,0.00422927
1.57e-008,0.00478597
1.58e-008,0.00517139
1.59e-008,0.0054112
1.6e-008,0.00547115
1.61e-008,0.00531699
1.62e-008,0.00500009
1.63e-008,0.00448621
1.64e-008,0.00386955
1.65e-008,0.00318951
1.66e-008,0.00248206
1.67e-008,0.0017592
1.68e-008,0.00107916
1.69e-008,0.00041282
1.7e-008,-0.000171295
1.71e-008,-0.000676614
1.72e-008,-0.00106374
1.73e-008,-0.00127957
1.74e-008,-0.0012573
1.75e-008,-0.00104661
1.76e-008,-0.000698882
1.77e-008,-0.000248377
1.78e-008,0.000246664
1.79e-008,0.00081365
1.8e-008,0.00141832
1.81e-008,0.00203498
1.82e-008,0.00268247
1.83e-008,0.00333511
1.84e-008,0.00389695
1.85e-008,0.00436801
1.86e-008,0.00467806
1.87e-008,0.00485278
1.88e-008,0.00487676
1.89e-008,0.00477912
1.9e-008,0.00456158
1.91e-008,0.00419672
1.92e-008,0.00372052
1.93e-008,0.00312442
1.94e-008,0.00249062
1.95e-008,0.00185855
1.96e-008,0.00125045
1.97e-008,0.000719438
1.98e-008,0.000310043
1.99e-008,-3.0833e-005
2e-008,-0.00029634
2.01e-008,-0.000527588
2.02e-008,-0.000733141
2.03e-008,-0.000808511
2.04e-008,-0.000758835
2.05e-008,-0.000520736
2.06e-008,-9.42121e-005
2.07e-008,0.000443653
2.08e-008,0.00107059
2.09e-008,0.00167526
2.1e-008,0.00223882
2.11e-008,0.00275784
2.12e-008,0.00322719
2.13e-008,0.00368626
2.14e-008,0.00409737
2.15e-008,0.00439713
2.16e-008,0.00455644
2.17e-008,0.00458042
2.18e-008,0.00438686
2.19e-008,0.00405283
2.2e-008,0.00359548
2.21e-008,0.00306104
2.22e-008,0.00251803
2.23e-008,0.00193906
2.24e-008,0.00137378
2.25e-008,0.000895871
2.26e-008,0.000489903
2.27e-008,0.000157591
2.28e-008,-8.22214e-005
2.29e-008,-0.000265507
2.3e-008,-0.000399117
2.31e-008,-0.00041282
2.32e-008,-0.000292914
2.33e-008,-0.00010449
2.34e-008,0.000243238
2.35e-008,0.000695456
2.36e-008,0.00123161
2.37e-008,0.00180545
2.38e-008,0.00237243
2.39e-008,0.00289831
2.4e-008,0.00337964
2.41e-008,0.00379246
2.42e-008,0.00414876
2.43e-008,0.00443482
2.44e-008,0.00469005
2.45e-008,0.00483736
2.46e-008,0.00483907
2.47e-008,0.00469176
2.48e-008,0.0043663
2.49e-008,0.00391066
2.5e-008,0.0033865
2.51e-008,0.00286747
2.52e-008,0.00237928
2.53e-008,0.0019048
2.54e-008,0.00146286
2.55e-008,0.00107059
2.56e-008,0.000726289
2.57e-008,0.000462496
2.58e-008,0.000298053
2.59e-008,0.000231248
2.6e-008,0.000291201
2.61e-008,0.000501893
2.62e-008,0.000777678
2.63e-008,0.00118536
2.64e-008,0.00165813
2.65e-008,0.00215831
2.66e-008,0.0026859
2.67e-008,0.00325117
2.68e-008,0.0037445
2.69e-008,0.00421042
2.7e-008,0.00455301
2.71e-008,0.00475685
2.72e-008,0.00485792
2.73e-008,0.00478597
2.74e-008,0.00456672
2.75e-008,0.00423954
2.76e-008,0.00387469
2.77e-008,0.00342418
2.78e-008,0.00292743
2.79e-008,0.0024084
2.8e-008,0.00191336
2.81e-008,0.00143716
2.82e-008,0.000990083
2.83e-008,0.000585828
2.84e-008,0.000291201
2.85e-008,6.68049e-005
2.86e-008,-4.96755e-005
2.87e-008,-0.000107916
2.88e-008,-8.05085e-005
2.89e-008,3.59719e-005
2.9e-008,0.000205554
2.91e-008,0.000452218
2.92e-008,0.000779391
2.93e-008,0.00115624
2.94e-008,0.0015879
2.95e-008,0.00201614
2.96e-008,0.00237757
2.97e-008,0.00270303
2.98e-008,0.00295997
2.99e-008,0.00312099
3e-008,0.00323233
3.01e-008,0.00325117
3.02e-008,0.00315867
3.03e-008,0.00300793
3.04e-008,0.00276641
3.05e-008,0.00247692
3.06e-008,0.00214118
3.07e-008,0.00180887
3.08e-008,0.001456
3.09e-008,0.00105518
3.1e-008,0.000644068
3.11e-008,0.000198702
3.12e-008,-0.000205554
3.13e-008,-0.000539578
3.14e-008,-0.000822214
3.15e-008,-0.000986657
3.16e-008,-0.001098
3.17e-008,-0.0010843
3.18e-008,-0.000924991
3.19e-008,-0.00065092
3.2e-008,-0.000280923
3.21e-008,0.000157591
3.22e-008,0.000580689
3.23e-008,0.000948973
3.24e-008,0.00125902
3.25e-008,0.00155536
3.26e-008,0.00183114
3.27e-008,0.00211378
3.28e-008,0.00233475
3.29e-008,0.00242896
3.3e-008,0.00238956
3.31e-008,0.00222341
3.32e-008,0.0019716
3.33e-008,0.00166498
3.34e-008,0.00135665
3.35e-008,0.00103976
3.36e-008,0.000685179
3.37e-008,0.000310043
3.38e-008,-0.000147313
3.39e-008,-0.000589254
3.4e-008,-0.000983232
3.41e-008,-0.00128128
3.42e-008,-0.00150568
3.43e-008,-0.00160332
3.44e-008,-0.00167355
3.45e-008,-0.00165813
3.46e-008,-0.00158619
3.47e-008,-0.00146628
3.48e-008,-0.00126415
3.49e-008,-0.000979806
3.5e-008,-0.000671475
3.51e-008,-0.000301479
3.52e-008,3.93978e-005
3.53e-008,0.000361432
3.54e-008,0.000626939
3.55e-008,0.000849622
3.56e-008,0.000991796
3.57e-008,0.00106374
3.58e-008,0.00106031
3.59e-008,0.00093013
3.6e-008,0.000762261
3.61e-008,0.000505319
3.62e-008,0.000195276
3.63e-008,-0.000149026
3.64e-008,-0.000496755
3.65e-008,-0.000861612
3.66e-008,-0.0012299
3.67e-008,-0.00156221
3.68e-008,-0.00187054
3.69e-008,-0.00211892
3.7e-008,-0.00233989
3.71e-008,-0.00248549
3.72e-008,-0.00261224
3.73e-008,-0.00268761
3.74e-008,-0.00271331
3.75e-008,-0.00261567
3.76e-008,-0.00247521
3.77e-008,-0.00223026
3.78e-008,-0.00189966
3.79e-008,-0.00157591
3.8e-008,-0.00122304
3.81e-008,-0.000911288
3.82e-008,-0.000649207
3.83e-008,-0.000431663
3.84e-008,-0.000275784
3.85e-008,-0.000173008
3.86e-008,-0.000152452
3.87e-008,-0.000181572
3.88e-008,-0.000311756
3.89e-008,-0.000536152
3.9e-008,-0.000777678
3.91e-008,-0.00109286
3.92e-008,-0.00143545
3.93e-008,-0.00178489
3.94e-008,-0.00214975
3.95e-008,-0.00243752
3.96e-008,-0.00270646
3.97e-008,-0.00294113
3.98e-008,-0.00315182
3.99e-008,-0.00332826
4e-008,-0.00344131
4.01e-008,-0.0034927
4.02e-008,-0.00342761
4.03e-008,-0.00329571
4.04e-008,-0.00308673
4.05e-008,-0.00277326
4.06e-008,-0.00245979
4.07e-008,-0.00219942
4.08e-008,-0.00194933
4.09e-008,-0.00176262
4.1e-008,-0.00160674
4.11e-008,-0.00145087
4.12e-008,-0.00130355
4.13e-008,-0.00115795
4.14e-008,-0.00103291
4.15e-008,-0.000974667
4.16e-008,-0.000954111
4.17e-008,-0.00103805
4.18e-008,-0.00122304
4.19e-008,-0.00147656
4.2e-008,-0.00175748
4.21e-008,-0.00203155
4.22e-008,-0.00227479
4.23e-008,-0.00248206
4.24e-008,-0.00265849
4.25e-008,-0.00281266
4.26e-008,-0.00295312
4.27e-008,-0.00307474
4.28e-008,-0.00318094
4.29e-008,-0.00321349
4.3e-008,-0.00322377
4.31e-008,-0.00318094
4.32e-008,-0.00307474
4.33e-008,-0.00293428
4.34e-008,-0.00278696
4.35e-008,-0.00262081
4.36e-008,-0.00242553
4.37e-008,-0.00221655
4.38e-008,-0.00201443
4.39e-008,-0.00178832
4.4e-008,-0.00159818
4.41e-008,-0.0014286
4.42e-008,-0.00135837
4.43e-008,-0.00137721
4.44e-008,-0.0014817
4.45e-008,-0.00163073
4.46e-008,-0.00184827
4.47e-008,-0.00206068
4.48e-008,-0.00224567
4.49e-008,-0.00242382
4.5e-008,-0.0025797
4.51e-008,-0.00273729
4.52e-008,-0.00292914
4.53e-008,-0.00310729
4.54e-008,-0.00326488
4.55e-008,-0.00340876
4.56e-008,-0.00354409
4.57e-008,-0.00364173
4.58e-008,-0.00370168
4.59e-008,-0.00371024
4.6e-008,-0.00365714
4.61e-008,-0.00349784
4.62e-008,-0.0032683
4.63e-008,-0.00297881
4.64e-008,-0.00266363
4.65e-008,-0.00237586
4.66e-008,-0.00215146
4.67e-008,-0.0019716
4.68e-008,-0.00182771
4.69e-008,-0.00176434
4.7e-008,-0.00171295
4.71e-008,-0.00170952
4.72e-008,-0.00174892
4.73e-008,-0.001826
4.74e-008,-0.00188938
4.75e-008,-0.00197503
4.76e-008,-0.00205725
4.77e-008,-0.00214975
4.78e-008,-0.00226109
4.79e-008,-0.00242896
4.8e-008,-0.00260711
4.81e-008,-0.00277669
4.82e-008,-0.00288803
4.83e-008,-0.00297539
4.84e-008,-0.00299937
4.85e-008,-0.00297368
4.86e-008,-0.00292571
4.87e-008,-0.00284692
4.88e-008,-0.00273386
4.89e-008,-0.00258655
4.9e-008,-0.0024341
4.91e-008,-0.00225424
4.92e-008,-0.00206753
4.93e-008,-0.00184313
4.94e-008,-0.0016136
4.95e-008,-0.00136693
4.96e-008,-0.00114254
4.97e-008,-0.000966102
4.98e-008,-0.000849622
4.99e-008,-0.000801659
5e-008,-0.000810224
5.01e-008,-0.000803372
5.02e-008,-0.00078453
5.03e-008,-0.00082564
5.04e-008,-0.000865038
5.05e-008,-0.000964389
5.06e-008,-0.00109286
5.07e-008,-0.00120934
5.08e-008,-0.00129841
5.09e-008,-0.00134809
5.1e-008,-0.0013498
5.11e-008,-0.00137207
5.12e-008,-0.00141832
5.13e-008,-0.00151425
5.14e-008,-0.00159989
5.15e-008,-0.00165642
5.16e-008,-0.00163244
5.17e-008,-0.00154679
5.18e-008,-0.0014029
5.19e-008,-0.00118365
5.2e-008,-0.00095925
5.21e-008,-0.000702308
5.22e-008,-0.000453931
5.23e-008,-0.000210692
5.24e-008,-1.19906e-005
5.25e-008,0.000171295
5.26e-008,0.000282636
5.27e-008,0.000340876
5.28e-008,0.000351154
5.29e-008,0.000299766
5.3e-008,0.000215831
5.31e-008,0.000174721
5.32e-008,0.000126758
5.33e-008,5.65272e-005
5.34e-008,1.88424e-005
5.35e-008,-4.96755e-005
5.36e-008,-0.000121619
5.37e-008,-0.000246664
5.38e-008,-0.000368284
5.39e-008,-0.000507032
5.4e-008,-0.000606383
5.41e-008,-0.00065092
5.42e-008,-0.000642355
5.43e-008,-0.000551569
5.44e-008,-0.000426524
5.45e-008,-0.000284349
5.46e-008,-0.000118193
5.47e-008,3.93978e-005
5.48e-008,0.000202128
5.49e-008,0.000390552
5.5e-008,0.00059268
5.51e-008,0.000798233
5.52e-008,0.000966102
5.53e-008,0.00108258
5.54e-008,0.00112027
5.55e-008,0.00113054
5.56e-008,0.00106031
5.57e-008,0.000983232
5.58e-008,0.000909575
5.59e-008,0.00084277
5.6e-008,0.000782817
5.61e-008,0.000789669
5.62e-008,0.000830779
5.63e-008,0.000834205
5.64e-008,0.000870177
5.65e-008,0.00085476
5.66e-008,0.000818789
5.67e-008,0.000808511
5.68e-008,0.000762261
5.69e-008,0.000739993
5.7e-008,0.000739993
5.71e-008,0.000762261
5.72e-008,0.000841057
5.73e-008,0.000933556
5.74e-008,0.00103633
5.75e-008,0.00122304
5.76e-008,0.00144744
5.77e-008,0.00165299
5.78e-008,0.00186197
5.79e-008,0.00205211
5.8e-008,0.00216516
5.81e-008,0.00222169
5.82e-008,0.00222512
5.83e-008,0.00222341
5.84e-008,0.00223026
5.85e-008,0.00229535
5.86e-008,0.00241697
5.87e-008,0.0025266
5.88e-008,0.00263109
5.89e-008,0.00265164
5.9e-008,0.00261224
5.91e-008,0.00251632
5.92e-008,0.00241012
5.93e-008,0.00234502
5.94e-008,0.0022885
5.95e-008,0.00227651
5.96e-008,0.00226109
5.97e-008,0.00224396
5.98e-008,0.00225424
5.99e-008,0.00224053
6e-008,0.0022491
6.01e-008,0.00226109
6.02e-008,0.00232789
6.03e-008,0.00244609
6.04e-008,0.00256599
6.05e-008,0.00268933
6.06e-008,0.00285206
6.07e-008,0.00296169
6.08e-008,0.00306446
6.09e-008,0.00316724
6.1e-008,0.00324432
6.11e-008,0.00335738
6.12e-008,0.00346358
6.13e-008,0.00357492
6.14e-008,0.00363659
6.15e-008,0.00366057
6.16e-008,0.00358691
6.17e-008,0.00347386
6.18e-008,0.00338136
6.19e-008,0.00332312
6.2e-008,0.00329228
6.21e-008,0.003294
6.22e-008,0.00327858
6.23e-008,0.00321349
6.24e-008,0.00307645
6.25e-008,0.00290173
6.26e-008,0.00272016
6.27e-008,0.0026191
6.28e-008,0.00260711
6.29e-008,0.00267048
6.3e-008,0.0028178
6.31e-008,0.00297196
6.32e-008,0.00309187
6.33e-008,0.00317752
6.34e-008,0.00325289
6.35e-008,0.00327687
6.36e-008,0.00331113
6.37e-008,0.00333168
6.38e-008,0.00333853
6.39e-008,0.00335052
6.4e-008,0.0033608
6.41e-008,0.0033865
6.42e-008,0.00338821
6.43e-008,0.00337622
6.44e-008,0.00335052
6.45e-008,0.00327858
6.46e-008,0.00323233
6.47e-008,0.00315011
6.48e-008,0.00309529
6.49e-008,0.00300965
6.5e-008,0.00292571
6.51e-008,0.00285548
6.52e-008,0.00279724
6.53e-008,0.00273729
6.54e-008,0.00269447
6.55e-008,0.00267562
6.56e-008,0.00265678
6.57e-008,0.00267562
6.58e-008,0.0027253
6.59e-008,0.00278696
6.6e-008,0.00290344
6.61e-008,0.00294113
6.62e-008,0.00293942
6.63e-008,0.002924
6.64e-008,0.00289317
6.65e-008,0.00287604
6.66e-008,0.00287604
6.67e-008,0.00291201
6.68e-008,0.00291886
6.69e-008,0.00287261
6.7e-008,0.00278183
6.71e-008,0.00271159
6.72e-008,0.00265678
6.73e-008,0.00258826
6.74e-008,0.00253516
6.75e-008,0.0024872
6.76e-008,0.00245123
6.77e-008,0.00240155
6.78e-008,0.00236387
6.79e-008,0.00232961
6.8e-008,0.00229364
6.81e-008,0.00224739
6.82e-008,0.00216859
6.83e-008,0.00203155
6.84e-008,0.00193734
6.85e-008,0.00185855
6.86e-008,0.00180202
6.87e-008,0.00182943
6.88e-008,0.00190308
6.89e-008,0.00198702
6.9e-008,0.00208637
6.91e-008,0.00212748
6.92e-008,0.00214804
6.93e-008,0.00215831
6.94e-008,0.00214804
6.95e-008,0.00210521
6.96e-008,0.0020641
6.97e-008,0.00197503
6.98e-008,0.00185855
6.99e-008,0.00174549
7e-008,0.00165128
7.01e-008,0.00161017
7.02e-008,0.00155193
7.03e-008,0.00151425
7.04e-008,0.00147656
7.05e-008,0.00142175
7.06e-008,0.0012967
7.07e-008,0.00116994
7.08e-008,0.00104832
7.09e-008,0.000936982
7.1e-008,0.000865038
7.11e-008,0.000846196
7.12e-008,0.000861612
7.13e-008,0.000865038
7.14e-008,0.000839344
7.15e-008,0.00078453
7.16e-008,0.000659485
7.17e-008,0.000560134
7.18e-008,0.00051731
7.19e-008,0.000539578
7.2e-008,0.000626939
7.21e-008,0.000753697
7.22e-008,0.000817076
7.23e-008,0.000837631
7.24e-008,0.000763974
7.25e-008,0.000664623
7.26e-008,0.000585828
7.27e-008,0.00054643
7.28e-008,0.000524162
7.29e-008,0.000501893
7.3e-008,0.000476199
7.31e-008,0.000359719
7.32e-008,0.000244951
7.33e-008,0.000130184
7.34e-008,3.59719e-005
7.35e-008,-1.02777e-005
7.36e-008,-4.28237e-005
7.37e-008,-5.65272e-005
7.38e-008,-7.87956e-005
7.39e-008,-9.5925e-005
7.4e-008,-0.000111342
7.41e-008,-0.000123332
7.42e-008,-0.000150739
7.43e-008,-0.000164443
7.44e-008,-0.000164443
7.45e-008,-0.000152452
7.46e-008,-0.000143888
7.47e-008,-8.90732e-005
7.48e-008,-2.05554e-005
7.49e-008,1.54165e-005
7.5e-008,8.90732e-005
7.51e-008,0.000123332
7.52e-008,0.000123332
7.53e-008,0.000109629
7.54e-008,5.65272e-005
7.55e-008,-1.37036e-005
7.56e-008,-8.39344e-005
7.57e-008,-0.000140462
7.58e-008,-0.000181572
7.59e-008,-0.000224396
7.6e-008,-0.00020898
7.61e-008,-0.00020898
7.62e-008,-0.000224396
7.63e-008,-0.000260368
7.64e-008,-0.000311756
7.65e-008,-0.000335738
7.66e-008,-0.000340876
7.67e-008,-0.000282636
7.68e-008,-0.000205554
7.69e-008,-0.000152452
7.7e-008,-0.000155878
7.71e-008,-0.000169582
7.72e-008,-0.000178146
7.73e-008,-0.000193563
7.74e-008,-0.0001456
7.75e-008,-5.82402e-005
7.76e-008,7.19438e-005
7.77e-008,0.000226109
7.78e-008,0.000328886
7.79e-008,0.000363145
7.8e-008,0.000349441
7.81e-008,0.000306617
7.82e-008,0.0002381
7.83e-008,0.000183285
7.84e-008,0.000161017
7.85e-008,0.000181572
7.86e-008,0.000243238
7.87e-008,0.000280923
7.88e-008,0.000306617
7.89e-008,0.000328886
7.9e-008,0.000291201
7.91e-008,0.000263794
7.92e-008,0.0002381
7.93e-008,0.00022097
7.94e-008,0.000215831
7.95e-008,0.00025009
7.96e-008,0.00029634
7.97e-008,0.000337451
7.98e-008,0.000405968
7.99e-008,0.000457357
8e-008,0.000495042
8.01e-008,0.000527588
8.02e-008,0.000544717
8.03e-008,0.000608096
8.04e-008,0.000686892
8.05e-008,0.000801659
8.06e-008,0.000921565
8.07e-008,0.0010192
8.08e-008,0.00107916
8.09e-008,0.00109115
8.1e-008,0.00112198
8.11e-008,0.00112027
8.12e-008,0.00113226
8.13e-008,0.00117851
8.14e-008,0.00122133
8.15e-008,0.00123503
8.16e-008,0.00123675
8.17e-008,0.00123846
8.18e-008,0.00123846
8.19e-008,0.00123846
8.2e-008,0.00127615
8.21e-008,0.00128814
8.22e-008,0.00132753
8.23e-008,0.00134809
8.24e-008,0.00134124
8.25e-008,0.00135837
8.26e-008,0.00138406
8.27e-008,0.00143888
8.28e-008,0.0014954
8.29e-008,0.00160161
8.3e-008,0.00171295
8.31e-008,0.00186369
8.32e-008,0.00202299
8.33e-008,0.00211035
8.34e-008,0.00220456
8.35e-008,0.00223026
8.36e-008,0.00225595
8.37e-008,0.00226794
8.38e-008,0.00231248
8.39e-008,0.00233646
8.4e-008,0.00237414
8.41e-008,0.00240669
8.42e-008,0.00241868
8.43e-008,0.00240498
8.44e-008,0.00239127
8.45e-008,0.00236215
8.46e-008,0.0023416
8.47e-008,0.00237414
8.48e-008,0.00243581
8.49e-008,0.002554
8.5e-008,0.00267905
8.51e-008,0.00276984
8.52e-008,0.00288974
8.53e-008,0.00297368
8.54e-008,0.00301821
8.55e-008,0.00309701
8.56e-008,0.0031758
8.57e-008,0.00323918
8.58e-008,0.00331627
8.59e-008,0.00342932
8.6e-008,0.00349784
8.61e-008,0.00360575
8.62e-008,0.00371538
8.63e-008,0.00380445
8.64e-008,0.0038627
8.65e-008,0.00392094
8.66e-008,0.00395519
8.67e-008,0.00401001
8.68e-008,0.00409223
8.69e-008,0.00415047
8.7e-008,0.00424126
8.71e-008,0.00427723
8.72e-008,0.00431149
8.73e-008,0.00434061
8.74e-008,0.00441598
8.75e-008,0.0044588
8.76e-008,0.00455644
8.77e-008,0.0046181
8.78e-008,0.00467634
8.79e-008,0.00470033
8.8e-008,0.00472431
8.81e-008,0.00474829
8.82e-008,0.00480482
8.83e-008,0.00486134
8.84e-008,0.00490245
8.85e-008,0.00495556
8.86e-008,0.00502407
8.87e-008,0.00508917
8.88e-008,0.00518509
8.89e-008,0.00526389
8.9e-008,0.00533412
8.91e-008,0.00540263
8.92e-008,0.00542148
8.93e-008,0.00547115
8.94e-008,0.00551398
8.95e-008,0.00558592
8.96e-008,0.00565101
8.97e-008,0.00573152
8.98e-008,0.00577434
8.99e-008,0.00580346
9e-008,0.005848
9.01e-008,0.0058874
9.02e-008,0.00591994
9.03e-008,0.00596962
9.04e-008,0.0060073
9.05e-008,0.00601073
9.06e-008,0.00603129
9.07e-008,0.00602786
9.08e-008,0.00607582
9.09e-008,0.00614263
9.1e-008,0.00624369
9.11e-008,0.00635332
9.12e-008,0.00644068
9.13e-008,0.00647494
9.14e-008,0.00648008
9.15e-008,0.00645952
9.16e-008,0.00644753
9.17e-008,0.00646124
9.18e-008,0.00654517
9.19e-008,0.00661197
9.2e-008,0.00668049
9.21e-008,0.00669934
9.22e-008,0.00669762
9.23e-008,0.00670961
9.24e-008,0.00673359
9.25e-008,0.00678156
9.26e-008,0.00685179
9.27e-008,0.00691859
9.28e-008,0.0069597
9.29e-008,0.00695285
9.3e-008,0.00696998
9.31e-008,0.00697683
9.32e-008,0.00698882
9.33e-008,0.00700938
9.34e-008,0.00702822
9.35e-008,0.00705049
9.36e-008,0.00706933
9.37e-008,0.00709845
9.38e-008,0.00709674
9.39e-008,0.00710188
9.4e-008,0.00709674
9.41e-008,0.00707447
9.42e-008,0.0071053
9.43e-008,0.00716012
9.44e-008,0.00721836
9.45e-008,0.00730058
9.46e-008,0.00733826
9.47e-008,0.00737595
9.48e-008,0.0073691
9.49e-008,0.00736396
9.5e-008,0.00733826
9.51e-008,0.00732456
9.52e-008,0.00730401
9.53e-008,0.00726632
9.54e-008,0.00722692
9.55e-008,0.0071978
9.56e-008,0.00719438
9.57e-008,0.00724577
9.58e-008,0.00729715
9.59e-008,0.00735882
9.6e-008,0.00738965
9.61e-008,0.00738623
9.62e-008,0.00733484
9.63e-008,0.00726118
9.64e-008,0.0071704
9.65e-008,0.00707618
9.66e-008,0.00705049
9.67e-008,0.00705049
9.68e-008,0.00708475
9.69e-008,0.00711558
9.7e-008,0.00717211
9.71e-008,0.00718753
9.72e-008,0.00717382
9.73e-008,0.00712243
9.74e-008,0.00708646
9.75e-008,0.00704192
9.76e-008,0.00701794
9.77e-008,0.00706419
9.78e-008,0.00711901
9.79e-008,0.00719438
9.8e-008,0.00720637
9.81e-008,0.00719438
9.82e-008,0.00711558
9.83e-008,0.00700767
9.84e-008,0.00691003
9.85e-008,0.00685179
9.86e-008,0.00681239
9.87e-008,0.00678841
9.88e-008,0.00677642
9.89e-008,0.0067473
9.9e-008,0.00676785
9.91e-008,0.00681582
9.92e-008,0.00686207
9.93e-008,0.00692887
9.94e-008,0.00695114
9.95e-008,0.00696484
9.96e-008,0.00693401
9.97e-008,0.00690489
9.98e-008,0.00686549
9.99e-008,0.00681239
1e-007,0.006761
1.001e-007,0.00670276
1.002e-007,0.00667535
1.003e-007,0.0066411
1.004e-007,0.00662054
1.005e-007,0.00662054
1.006e-007,0.00663767
1.007e-007,0.00658971
1.008e-007,0.00655202
1.009e-007,0.00651434
1.01e-007,0.00649892
1.011e-007,0.00656744
1.012e-007,0.00664623
1.013e-007,0.00674045
1.014e-007,0.00676443
1.015e-007,0.0067216
1.016e-007,0.0066017
1.017e-007,0.00649378
1.018e-007,0.00638758
1.019e-007,0.00634476
1.02e-007,0.00636017
1.021e-007,0.00641327
1.022e-007,0.00641156
1.023e-007,0.00642698
1.024e-007,0.0063773
1.025e-007,0.00629508
1.026e-007,0.00618716
1.027e-007,0.0061392
1.028e-007,0.00609295
1.029e-007,0.00609295
1.03e-007,0.00612207
1.031e-007,0.00610494
1.032e-007,0.0061255
1.033e-007,0.0061255
1.034e-007,0.00613235
1.035e-007,0.00611865
1.036e-007,0.00610494
1.037e-007,0.00609295
1.038e-007,0.00604156
1.039e-007,0.00595592
1.04e-007,0.00585828
1.041e-007,0.00577092
1.042e-007,0.00569041
1.043e-007,0.00562018
1.044e-007,0.00558763
1.045e-007,0.00560134
1.046e-007,0.00561333
1.047e-007,0.00561504
1.048e-007,0.00558078
1.049e-007,0.00551055
1.05e-007,0.00540606
1.051e-007,0.00531185
1.052e-007,0.00521078
1.053e-007,0.00513199
1.054e-007,0.00509602
1.055e-007,0.00509259
1.056e-007,0.00507717
1.057e-007,0.00505148
1.058e-007,0.00501893
1.059e-007,0.00499495
1.06e-007,0.00490417
1.061e-007,0.00480139
1.062e-007,0.00472431
1.063e-007,0.00466093
1.064e-007,0.00462838
1.065e-007,0.00459584
1.066e-007,0.00462324
1.067e-007,0.00460269
1.068e-007,0.00455301
1.069e-007,0.00445537
1.07e-007,0.00431149
1.071e-007,0.00420871
1.072e-007,0.00410422
1.073e-007,0.00402543
1.074e-007,0.00397918
1.075e-007,0.00396718
1.076e-007,0.00391408
1.077e-007,0.0038901
1.078e-007,0.0038233
1.079e-007,0.00375649
1.08e-007,0.00364173
1.081e-007,0.0035064
1.082e-007,0.00337108
1.083e-007,0.0032546
1.084e-007,0.00316381
1.085e-007,0.00308502
1.086e-007,0.00300793
1.087e-007,0.00296511
1.088e-007,0.00292229
1.089e-007,0.00287432
1.09e-007,0.00282979
1.091e-007,0.00280067
1.092e-007,0.00275956
1.093e-007,0.00270474
1.094e-007,0.00263794
1.095e-007,0.00259683
1.096e-007,0.00254886
1.097e-007,0.00252488
1.098e-007,0.00249576
1.099e-007,0.00248035
1.1e-007,0.00245979
1.101e-007,0.00242211
1.102e-007,0.00235873
1.103e-007,0.00227308
1.104e-007,0.00221655
1.105e-007,0.00211378
1.106e-007,0.002011
1.107e-007,0.00193563
1.108e-007,0.00185512
1.109e-007,0.00180716
1.11e-007,0.00177119
1.111e-007,0.00173864
1.112e-007,0.00165985
1.113e-007,0.00158619
1.114e-007,0.00144059
1.115e-007,0.00129841
1.116e-007,0.00116652
1.117e-007,0.00104147
1.118e-007,0.000979806
1.119e-007,0.000964389
1.12e-007,0.000991796
1.121e-007,0.00098837
1.122e-007,0.00100207
1.123e-007,0.00097638
1.124e-007,0.000938695
1.125e-007,0.000866751
1.126e-007,0.000789669
1.127e-007,0.000721151
1.128e-007,0.00065092
1.129e-007,0.00056356
1.13e-007,0.000479625
1.131e-007,0.000404255
1.132e-007,0.000318608
1.133e-007,0.000222683
1.134e-007,0.000157591
1.135e-007,0.000119906
1.136e-007,0.000130184
1.137e-007,0.000181572
1.138e-007,0.000217544
1.139e-007,0.000260368
1.14e-007,0.0002381
1.141e-007,0.000186711
1.142e-007,0.000109629
1.143e-007,7.87956e-005
1.144e-007,1.88424e-005
1.145e-007,-9.42121e-005
1.146e-007,-0.000202128
1.147e-007,-0.000335738
1.148e-007,-0.000483051
1.149e-007,-0.000578976
1.15e-007,-0.000620087
1.151e-007,-0.00060467
1.152e-007,-0.00059268
1.153e-007,-0.000582402
1.154e-007,-0.000618374
1.155e-007,-0.000664623
1.156e-007,-0.000704021
1.157e-007,-0.000739993
1.158e-007,-0.000741706
1.159e-007,-0.000728002
1.16e-007,-0.000748558
1.161e-007,-0.000823927
1.162e-007,-0.000921565
1.163e-007,-0.00104147
1.164e-007,-0.00113397
1.165e-007,-0.00120249
1.166e-007,-0.00120078
1.167e-007,-0.00113054
1.168e-007,-0.00109457
1.169e-007,-0.00112712
1.17e-007,-0.00116652
1.171e-007,-0.00125902
1.172e-007,-0.00139434
1.173e-007,-0.00148684
1.174e-007,-0.0015348
1.175e-007,-0.00151253
1.176e-007,-0.00144573
1.177e-007,-0.00137892
1.178e-007,-0.00135152
1.179e-007,-0.00135837
1.18e-007,-0.00143545
1.181e-007,-0.00155536
1.182e-007,-0.00171123
1.183e-007,-0.00181401
1.184e-007,-0.00187739
1.185e-007,-0.00186369
1.186e-007,-0.00185341
1.187e-007,-0.00182086
1.188e-007,-0.00177804
1.189e-007,-0.00176776
1.19e-007,-0.00175748
1.191e-007,-0.00173522
1.192e-007,-0.00170438
1.193e-007,-0.00172322
1.194e-007,-0.0017061
1.195e-007,-0.00175748
1.196e-007,-0.00177633
1.197e-007,-0.00179688
1.198e-007,-0.00182943
1.199e-007,-0.00189109
1.2e-007,-0.00193563
1.201e-007,-0.00201956
1.202e-007,-0.00208637
1.203e-007,-0.00213091
1.204e-007,-0.00213947
1.205e-007,-0.00212405
1.206e-007,-0.0020898
1.207e-007,-0.00208123
1.208e-007,-0.00210864
1.209e-007,-0.00219086
1.21e-007,-0.0023022
1.211e-007,-0.00241526
1.212e-007,-0.00247178
1.213e-007,-0.00246493
1.214e-007,-0.00243581
1.215e-007,-0.0023947
1.216e-007,-0.00235701
1.217e-007,-0.00238785
1.218e-007,-0.0025009
1.219e-007,-0.00256942
1.22e-007,-0.00262423
1.221e-007,-0.00256942
1.222e-007,-0.00250775
1.223e-007,-0.00242211
1.224e-007,-0.00236387
1.225e-007,-0.00230391
1.226e-007,-0.00227651
1.227e-007,-0.0022491
1.228e-007,-0.00224567
1.229e-007,-0.0022628
1.23e-007,-0.0022885
1.231e-007,-0.00234331
1.232e-007,-0.00243581
1.233e-007,-0.00251118
1.234e-007,-0.00255743
1.235e-007,-0.00255914
1.236e-007,-0.00258655
1.237e-007,-0.00261567
1.238e-007,-0.00266363
1.239e-007,-0.00268419
1.24e-007,-0.00270132
1.241e-007,-0.0026996
1.242e-007,-0.0026722
1.243e-007,-0.00263794
1.244e-007,-0.00258141
1.245e-007,-0.00257627
1.246e-007,-0.0025797
1.247e-007,-0.00262766
1.248e-007,-0.0026465
1.249e-007,-0.0026465
1.25e-007,-0.00260711
1.251e-007,-0.0025266
1.252e-007,-0.00242039
1.253e-007,-0.00233132
1.254e-007,-0.0023022
1.255e-007,-0.00229706
1.256e-007,-0.00232789
1.257e-007,-0.00235701
1.258e-007,-0.00240326
1.259e-007,-0.00244266
1.26e-007,-0.00246322
1.261e-007,-0.00248206
1.262e-007,-0.00251289
1.263e-007,-0.00248206
1.264e-007,-0.0024615
1.265e-007,-0.00242382
1.266e-007,-0.00237586
1.267e-007,-0.00232104
1.268e-007,-0.00229192
1.269e-007,-0.0022628
1.27e-007,-0.00225081
1.271e-007,-0.0022885
1.272e-007,-0.00230905
1.273e-007,-0.0023159
1.274e-007,-0.00231248
1.275e-007,-0.00223711
1.276e-007,-0.00215146
1.277e-007,-0.0020641
1.278e-007,-0.00198017
1.279e-007,-0.00190651
1.28e-007,-0.00188767
1.281e-007,-0.00188082
1.282e-007,-0.00191679
1.283e-007,-0.00196304
1.284e-007,-0.00201785
1.285e-007,-0.00206753
1.286e-007,-0.00211206
1.287e-007,-0.00212234
1.288e-007,-0.00211206
1.289e-007,-0.00205382
1.29e-007,-0.00198702
1.291e-007,-0.00192364
1.292e-007,-0.0019048
1.293e-007,-0.00187568
1.294e-007,-0.00188424
1.295e-007,-0.0019322
1.296e-007,-0.00193906
1.297e-007,-0.00198359
1.298e-007,-0.00206581
1.299e-007,-0.0021035
1.3e-007,-0.00207609
1.301e-007,-0.00203669
1.302e-007,-0.00197331
1.303e-007,-0.0018791
1.304e-007,-0.00184827
1.305e-007,-0.00184656
1.306e-007,-0.00190308
1.307e-007,-0.00199901
1.308e-007,-0.00209151
1.309e-007,-0.00214804
1.31e-007,-0.00217202
1.311e-007,-0.00213433
1.312e-007,-0.00209836
1.313e-007,-0.00205896
1.314e-007,-0.00201614
1.315e-007,-0.00200586
1.316e-007,-0.00199901
1.317e-007,-0.00198188
1.318e-007,-0.00198531
1.319e-007,-0.00199558
1.32e-007,-0.00201614
1.321e-007,-0.00205554
1.322e-007,-0.00212748
1.323e-007,-0.00220114
1.324e-007,-0.00229192
1.325e-007,-0.00233132
1.326e-007,-0.00232104
1.327e-007,-0.00229706
1.328e-007,-0.00224053
1.329e-007,-0.00217202
1.33e-007,-0.00212234
1.331e-007,-0.00210692
1.332e-007,-0.00213091
1.333e-007,-0.00220628
1.334e-007,-0.0022885
1.335e-007,-0.00235016
1.336e-007,-0.00237928
1.337e-007,-0.00237586
1.338e-007,-0.00231419
1.339e-007,-0.00227993
1.34e-007,-0.00223882
1.341e-007,-0.0022491
1.342e-007,-0.00228507
1.343e-007,-0.00234674
1.344e-007,-0.00243752
1.345e-007,-0.00246664
1.346e-007,-0.00241354
1.347e-007,-0.00234502
1.348e-007,-0.00231248
1.349e-007,-0.00235016
1.35e-007,-0.00243924
1.351e-007,-0.00258141
1.352e-007,-0.00270817
1.353e-007,-0.00274757
1.354e-007,-0.00274585
1.355e-007,-0.00269275
1.356e-007,-0.00262937
1.357e-007,-0.00261567
1.358e-007,-0.00270817
1.359e-007,-0.00281608
1.36e-007,-0.0028572
1.361e-007,-0.00286919
1.362e-007,-0.00282465
1.363e-007,-0.00278354
1.364e-007,-0.00279039
1.365e-007,-0.00285034
1.366e-007,-0.00291886
1.367e-007,-0.00300451
1.368e-007,-0.00301479
1.369e-007,-0.0029771
1.37e-007,-0.00290002
1.371e-007,-0.00281608
1.372e-007,-0.00281437
1.373e-007,-0.00282979
1.374e-007,-0.00292571
1.375e-007,-0.00301993
1.376e-007,-0.00310557
1.377e-007,-0.00313641
1.378e-007,-0.00315525
1.379e-007,-0.00317238
1.38e-007,-0.00321691
1.381e-007,-0.00322719
1.382e-007,-0.00323404
1.383e-007,-0.00318094
1.384e-007,-0.00312955
1.385e-007,-0.00303877
1.386e-007,-0.00297025
1.387e-007,-0.00299594
1.388e-007,-0.00309358
1.389e-007,-0.0032015
1.39e-007,-0.0033471
1.391e-007,-0.00344987
1.392e-007,-0.00347728
1.393e-007,-0.00347214
1.394e-007,-0.00343788
1.395e-007,-0.00337279
1.396e-007,-0.00330427
1.397e-007,-0.00324946
1.398e-007,-0.00323062
1.399e-007,-0.00327173
1.4e-007,-0.00332997
1.401e-007,-0.0034139
1.402e-007,-0.00346358
1.403e-007,-0.00349612
1.404e-007,-0.00349612
1.405e-007,-0.00340705
1.406e-007,-0.0033608
1.407e-007,-0.00335909
1.408e-007,-0.0033865
1.409e-007,-0.00347214
1.41e-007,-0.00357663
1.411e-007,-0.00366571
1.412e-007,-0.00370853
1.413e-007,-0.0036914
1.414e-007,-0.00360918
1.415e-007,-0.00348756
1.416e-007,-0.00335909
1.417e-007,-0.00328372
1.418e-007,-0.00326316
1.419e-007,-0.00330941
1.42e-007,-0.0033865
1.421e-007,-0.00346187
1.422e-007,-0.00354751
1.423e-007,-0.00359548
1.424e-007,-0.00363316
1.425e-007,-0.00364001
1.426e-007,-0.00361432
1.427e-007,-0.0036126
1.428e-007,-0.00357149
1.429e-007,-0.00353381
1.43e-007,-0.00348413
1.431e-007,-0.00343103
1.432e-007,-0.00335395
1.433e-007,-0.00331113
1.434e-007,-0.00327858
1.435e-007,-0.00326659
1.436e-007,-0.00328372
1.437e-007,-0.00333168
1.438e-007,-0.00334367
1.439e-007,-0.00335738
1.44e-007,-0.00333339
1.441e-007,-0.00328201
1.442e-007,-0.00320492
1.443e-007,-0.00312613
1.444e-007,-0.00306617
1.445e-007,-0.00298224
1.446e-007,-0.00290858
1.447e-007,-0.00283321
1.448e-007,-0.00283493
1.449e-007,-0.00284692
1.45e-007,-0.0028846
1.451e-007,-0.00295997
1.452e-007,-0.00302335
1.453e-007,-0.00304391
1.454e-007,-0.00300451
1.455e-007,-0.00291715
1.456e-007,-0.00281437
1.457e-007,-0.00275613
1.458e-007,-0.00271331
1.459e-007,-0.00267905
1.46e-007,-0.00263965
1.461e-007,-0.00258826
1.462e-007,-0.00249919
1.463e-007,-0.00239127
1.464e-007,-0.00229192
1.465e-007,-0.00222169
1.466e-007,-0.00223882
1.467e-007,-0.00229364
1.468e-007,-0.00232618
1.469e-007,-0.00236215
1.47e-007,-0.00234674
1.471e-007,-0.00229192
1.472e-007,-0.00222169
1.473e-007,-0.00215831
1.474e-007,-0.00211035
1.475e-007,-0.00211206
1.476e-007,-0.00211892
1.477e-007,-0.00211549
1.478e-007,-0.00210692
1.479e-007,-0.00207952
1.48e-007,-0.00205725
1.481e-007,-0.00203155
1.482e-007,-0.00197674
1.483e-007,-0.00190994
1.484e-007,-0.00185683
1.485e-007,-0.00179688
1.486e-007,-0.00174378
1.487e-007,-0.00174721
1.488e-007,-0.00173522
1.489e-007,-0.00168725
1.49e-007,-0.00159133
1.491e-007,-0.00146628
1.492e-007,-0.0013498
1.493e-007,-0.00126415
1.494e-007,-0.00122818
1.495e-007,-0.00122133
1.496e-007,-0.0012042
1.497e-007,-0.00116309
1.498e-007,-0.00107744
1.499e-007,-0.00097638
1.5e-007,-0.000899297
1.501e-007,-0.000847909
1.502e-007,-0.000810224
1.503e-007,-0.000781104
1.504e-007,-0.000748558
1.505e-007,-0.000717725
1.506e-007,-0.000669762
1.507e-007,-0.000635503
1.508e-007,-0.000630364
1.509e-007,-0.000609809
1.51e-007,-0.000597818
1.511e-007,-0.000580689
1.512e-007,-0.000537865
1.513e-007,-0.000496755
1.514e-007,-0.000428237
1.515e-007,-0.000373422
1.516e-007,-0.000310043
1.517e-007,-0.000262081
1.518e-007,-0.000226109
1.519e-007,-0.000203841
1.52e-007,-0.000174721
1.521e-007,-0.000109629
1.522e-007,-1.54165e-005
1.523e-007,7.70826e-005
1.524e-007,0.000121619
1.525e-007,0.000167869
1.526e-007,0.000149026
1.527e-007,0.000157591
1.528e-007,0.000186711
1.529e-007,0.000224396
1.53e-007,0.000340876
1.531e-007,0.000438514
1.532e-007,0.000520736
1.533e-007,0.000539578
1.534e-007,0.000503606
1.535e-007,0.000424811
1.536e-007,0.000385413
1.537e-007,0.000381987
1.538e-007,0.000414533
1.539e-007,0.000472773
1.54e-007,0.000544717
1.541e-007,0.000613235
1.542e-007,0.000700595
1.543e-007,0.00075541
1.544e-007,0.00079652
1.545e-007,0.000818789
1.546e-007,0.000818789
1.547e-007,0.000808511
1.548e-007,0.000815363
1.549e-007,0.000873603
1.55e-007,0.000974667
1.551e-007,0.00113054
1.552e-007,0.00126073
1.553e-007,0.00138235
1.554e-007,0.00146628
1.555e-007,0.00147313
1.556e-007,0.00149712
1.557e-007,0.00148341
1.558e-007,0.00146457
1.559e-007,0.00146286
1.56e-007,0.00147656
1.561e-007,0.00149198
1.562e-007,0.00153309
1.563e-007,0.00160332
1.564e-007,0.00168725
1.565e-007,0.00175406
1.566e-007,0.00187054
1.567e-007,0.00194077
1.568e-007,0.00196646
1.569e-007,0.0019716
1.57e-007,0.00191507
1.571e-007,0.00187054
1.572e-007,0.00181572
1.573e-007,0.00182258
1.574e-007,0.00183799
1.575e-007,0.00192364
1.576e-007,0.00205211
1.577e-007,0.00218915
1.578e-007,0.0023159
1.579e-007,0.00240498
1.58e-007,0.00237414
1.581e-007,0.00233132
1.582e-007,0.00224739
1.583e-007,0.00218401
1.584e-007,0.00214632
1.585e-007,0.00218915
1.586e-007,0.00228507
1.587e-007,0.00242039
1.588e-007,0.00256942
1.589e-007,0.0026722
1.59e-007,0.00273215
1.591e-007,0.00274071
1.592e-007,0.00264136
1.593e-007,0.00257627
1.594e-007,0.00248206
1.595e-007,0.00244095
1.596e-007,0.00243924
1.597e-007,0.00247692
1.598e-007,0.00253859
1.599e-007,0.00258655
1.6e-007,0.0025797
1.601e-007,0.00253859
1.602e-007,0.00249576
1.603e-007,0.00250947
1.604e-007,0.00258312
1.605e-007,0.00269447
1.606e-007,0.00284863
1.607e-007,0.00293428
1.608e-007,0.00300965
1.609e-007,0.0030028
1.61e-007,0.00290516
1.611e-007,0.00281608
1.612e-007,0.002739
1.613e-007,0.00266706
1.614e-007,0.00264479
1.615e-007,0.00266192
1.616e-007,0.00268419
1.617e-007,0.00270474
1.618e-007,0.00274757
1.619e-007,0.00279382
1.62e-007,0.00281951
1.621e-007,0.00285548
1.622e-007,0.0028709
1.623e-007,0.00288118
1.624e-007,0.00291715
1.625e-007,0.00294113
1.626e-007,0.00298224
1.627e-007,0.00302164
1.628e-007,0.00302849
1.629e-007,0.0030302
1.63e-007,0.00301307
1.631e-007,0.00300793
1.632e-007,0.00299766
1.633e-007,0.00294798
1.634e-007,0.00286747
1.635e-007,0.00278525
1.636e-007,0.00272701
1.637e-007,0.00269447
1.638e-007,0.00277497
1.639e-007,0.00290344
1.64e-007,0.00300793
1.641e-007,0.00306617
1.642e-007,0.0030696
1.643e-007,0.00301479
1.644e-007,0.00292229
1.645e-007,0.00285891
1.646e-007,0.00282294
1.647e-007,0.00285891
1.648e-007,0.00289488
1.649e-007,0.00292571
1.65e-007,0.00293599
1.651e-007,0.00293599
1.652e-007,0.00288974
1.653e-007,0.0028572
1.654e-007,0.00280923
1.655e-007,0.00277497
1.656e-007,0.00279724
1.657e-007,0.0028178
1.658e-007,0.00284349
1.659e-007,0.0028709
1.66e-007,0.00288118
1.661e-007,0.00286919
1.662e-007,0.00286062
1.663e-007,0.0028572
1.664e-007,0.00287946
1.665e-007,0.00291715
1.666e-007,0.00293257
1.667e-007,0.00293257
1.668e-007,0.00293257
1.669e-007,0.00294284
1.67e-007,0.00294284
1.671e-007,0.00291715
1.672e-007,0.00286919
1.673e-007,0.0028178
1.674e-007,0.0027647
1.675e-007,0.00270303
1.676e-007,0.0026996
1.677e-007,0.00274071
1.678e-007,0.00281095
1.679e-007,0.00286233
1.68e-007,0.00290344
1.681e-007,0.00288289
1.682e-007,0.00282808
1.683e-007,0.00274585
1.684e-007,0.00267734
1.685e-007,0.00260025
1.686e-007,0.00256942
1.687e-007,0.00255229
1.688e-007,0.00257799
1.689e-007,0.0026465
1.69e-007,0.00270132
1.691e-007,0.00274243
1.692e-007,0.00272359
1.693e-007,0.00262252
1.694e-007,0.00249062
1.695e-007,0.00238785
1.696e-007,0.00235359
1.697e-007,0.00235188
1.698e-007,0.00241354
1.699e-007,0.00245808
1.7e-007,0.00250775
1.701e-007,0.00252317
1.702e-007,0.00250433
1.703e-007,0.00248377
1.704e-007,0.00249748
1.705e-007,0.00249576
1.706e-007,0.00241354
1.707e-007,0.00235016
1.708e-007,0.00226623
1.709e-007,0.00218915
1.71e-007,0.00212234
1.711e-007,0.00211892
1.712e-007,0.00212748
1.713e-007,0.00218229
1.714e-007,0.0022354
1.715e-007,0.00224396
1.716e-007,0.00223197
1.717e-007,0.00220799
1.718e-007,0.00218058
1.719e-007,0.00214632
1.72e-007,0.00216003
1.721e-007,0.0021703
1.722e-007,0.00217544
1.723e-007,0.00212234
1.724e-007,0.00206068
1.725e-007,0.00195961
1.726e-007,0.00184656
1.727e-007,0.00178146
1.728e-007,0.00176434
1.729e-007,0.00177461
1.73e-007,0.00182943
1.731e-007,0.00189623
1.732e-007,0.00193563
1.733e-007,0.00193906
1.734e-007,0.00189966
1.735e-007,0.00181744
1.736e-007,0.00176262
1.737e-007,0.00172322
1.738e-007,0.00173008
1.739e-007,0.00175234
1.74e-007,0.0017729
1.741e-007,0.00176091
1.742e-007,0.00167869
1.743e-007,0.00158961
1.744e-007,0.00152624
1.745e-007,0.00152966
1.746e-007,0.00156392
1.747e-007,0.00161017
1.748e-007,0.00166327
1.749e-007,0.00168725
1.75e-007,0.00167869
1.751e-007,0.0016273
1.752e-007,0.00161017
1.753e-007,0.00158448
1.754e-007,0.00152281
1.755e-007,0.00144573
1.756e-007,0.00131383
