LECROYWM8500,500500138,Waveform
Segments,1,SegmentSize,2002
Segment,TrigTime,TimeSinceSegment1
#1,21-Mar-2024 17:22:10,0                 
Time,Ampl
-2.45e-008,0.000244951
-2.44e-008,0.000286062
-2.43e-008,0.000289488
-2.42e-008,0.000248377
-2.41e-008,0.00020898
-2.4e-008,0.000174721
-2.39e-008,0.000155878
-2.38e-008,0.000183285
-2.37e-008,0.000193563
-2.36e-008,0.00019185
-2.35e-008,0.00013361
-2.34e-008,5.99531e-005
-2.33e-008,2.91201e-005
-2.32e-008,3.0833e-005
-2.31e-008,5.65272e-005
-2.3e-008,0.000121619
-2.29e-008,0.000173008
-2.28e-008,0.000200415
-2.27e-008,0.000203841
-2.26e-008,0.000190137
-2.25e-008,0.000173008
-2.24e-008,0.000171295
-2.23e-008,0.000210692
-2.22e-008,0.000226109
-2.21e-008,0.000255229
-2.2e-008,0.000265507
-2.19e-008,0.000248377
-2.18e-008,0.000215831
-2.17e-008,0.000196989
-2.16e-008,0.000161017
-2.15e-008,0.000166156
-2.14e-008,0.000195276
-2.13e-008,0.000203841
-2.12e-008,0.000215831
-2.11e-008,0.00022097
-2.1e-008,0.000179859
-2.09e-008,0.000119906
-2.08e-008,5.31014e-005
-2.07e-008,5.13884e-006
-2.06e-008,-3.2546e-005
-2.05e-008,-1.71295e-005
-2.04e-008,4.79625e-005
-2.03e-008,0.00010449
-2.02e-008,0.000176434
-2.01e-008,0.000224396
-2e-008,0.000265507
-1.99e-008,0.000280923
-1.98e-008,0.000289488
-1.97e-008,0.000289488
-1.96e-008,0.000322034
-1.95e-008,0.000359719
-1.94e-008,0.0003837
-1.93e-008,0.000378561
-1.92e-008,0.000397404
-1.91e-008,0.00035458
-1.9e-008,0.000337451
-1.89e-008,0.00029634
-1.88e-008,0.000265507
-1.87e-008,0.000258655
-1.86e-008,0.000236387
-1.85e-008,0.000227822
-1.84e-008,0.000203841
-1.83e-008,0.000173008
-1.82e-008,0.000167869
-1.81e-008,0.00019185
-1.8e-008,0.000231248
-1.79e-008,0.000284349
-1.78e-008,0.000316895
-1.77e-008,0.00035458
-1.76e-008,0.000371709
-1.75e-008,0.000342589
-1.74e-008,0.000315182
-1.73e-008,0.000234674
-1.72e-008,0.000179859
-1.71e-008,0.000128471
-1.7e-008,0.000102777
-1.69e-008,0.000167869
-1.68e-008,0.000246664
-1.67e-008,0.00030833
-1.66e-008,0.000349441
-1.65e-008,0.000334025
-1.64e-008,0.000311756
-1.63e-008,0.000310043
-1.62e-008,0.000286062
-1.61e-008,0.000322034
-1.6e-008,0.000361432
-1.59e-008,0.000392265
-1.58e-008,0.000390552
-1.57e-008,0.000364858
-1.56e-008,0.000328886
-1.55e-008,0.000291201
-1.54e-008,0.000248377
-1.53e-008,0.000215831
-1.52e-008,0.000202128
-1.51e-008,0.000188424
-1.5e-008,0.000219257
-1.49e-008,0.000214118
-1.48e-008,0.000244951
-1.47e-008,0.000244951
-1.46e-008,0.000236387
-1.45e-008,0.000226109
-1.44e-008,0.000202128
-1.43e-008,0.000161017
-1.42e-008,0.000111342
-1.41e-008,5.82402e-005
-1.4e-008,2.91201e-005
-1.39e-008,3.93978e-005
-1.38e-008,0.000113054
-1.37e-008,0.000195276
-1.36e-008,0.000292914
-1.35e-008,0.000368284
-1.34e-008,0.000392265
-1.33e-008,0.000335738
-1.32e-008,0.000284349
-1.31e-008,0.000202128
-1.3e-008,0.000135323
-1.29e-008,0.000131897
-1.28e-008,0.000125045
-1.27e-008,0.000149026
-1.26e-008,0.000157591
-1.25e-008,0.000159304
-1.24e-008,0.0001456
-1.23e-008,0.000109629
-1.22e-008,0.000102777
-1.21e-008,0.000118193
-1.2e-008,0.000114767
-1.19e-008,0.000157591
-1.18e-008,0.000181572
-1.17e-008,0.000215831
-1.16e-008,0.000265507
-1.15e-008,0.000335738
-1.14e-008,0.000411107
-1.13e-008,0.000448792
-1.12e-008,0.000483051
-1.11e-008,0.000457357
-1.1e-008,0.000448792
-1.09e-008,0.000421385
-1.08e-008,0.000424811
-1.07e-008,0.000431663
-1.06e-008,0.000467634
-1.05e-008,0.000532726
-1.04e-008,0.000597818
-1.03e-008,0.000673188
-1.02e-008,0.000750271
-1.01e-008,0.000789669
-1e-008,0.000820502
-9.9e-009,0.000810224
-9.8e-009,0.000798233
-9.7e-009,0.000789669
-9.6e-009,0.000827353
-9.5e-009,0.000873603
-9.4e-009,0.00091814
-9.3e-009,0.000954111
-9.2e-009,0.000936982
-9.1e-009,0.000923278
-9e-009,0.000883881
-8.9e-009,0.000877029
-8.8e-009,0.000902723
-8.7e-009,0.000904436
-8.6e-009,0.000889019
-8.5e-009,0.000851335
-8.4e-009,0.000801659
-8.3e-009,0.000763974
-8.2e-009,0.000728002
-8.1e-009,0.000753697
-8e-009,0.000782817
-7.9e-009,0.000817076
-7.8e-009,0.000866751
-7.7e-009,0.000894158
-7.6e-009,0.000853048
-7.5e-009,0.000769113
-7.4e-009,0.000632077
-7.3e-009,0.00040083
-7.2e-009,0.000159304
-7.1e-009,-2.74071e-005
-7e-009,-7.87956e-005
-6.9e-009,5.13884e-006
-6.8e-009,0.000205554
-6.7e-009,0.000443653
-6.6e-009,0.000630364
-6.5e-009,0.000700595
-6.4e-009,0.000654346
-6.3e-009,0.000527588
-6.2e-009,0.00040083
-6.1e-009,0.000316895
-6e-009,0.00027921
-5.9e-009,0.000301479
-5.8e-009,0.000371709
-5.7e-009,0.000472773
-5.6e-009,0.000678327
-5.5e-009,0.0010449
-5.4e-009,0.00161017
-5.3e-009,0.00233303
-5.2e-009,0.00318094
-5.1e-009,0.0040751
-5e-009,0.00492472
-4.9e-009,0.00563046
-4.8e-009,0.00627966
-4.7e-009,0.00688433
-4.6e-009,0.00744275
-4.5e-009,0.00806627
-4.4e-009,0.00871547
-4.3e-009,0.00938352
-4.2e-009,0.010019
-4.1e-009,0.0105483
-4e-009,0.0109886
-3.9e-009,0.0112369
-3.8e-009,0.0113192
-3.7e-009,0.011165
-3.6e-009,0.0107676
-3.5e-009,0.0101115
-3.4e-009,0.00925163
-3.3e-009,0.00825298
-3.2e-009,0.00719952
-3.1e-009,0.00621457
-3e-009,0.0053975
-2.9e-009,0.00479625
-2.8e-009,0.00438686
-2.7e-009,0.00422413
-2.6e-009,0.00423269
-2.5e-009,0.00437829
-2.4e-009,0.00461297
-2.3e-009,0.00490931
-2.2e-009,0.00518852
-2.1e-009,0.00546601
-2e-009,0.00571096
-1.9e-009,0.00597305
-1.8e-009,0.00627624
-1.7e-009,0.00659998
-1.6e-009,0.00696484
-1.5e-009,0.00731428
-1.4e-009,0.00760548
-1.3e-009,0.00780247
-1.2e-009,0.00793094
-1.1e-009,0.0080046
-1e-009,0.00805085
-9e-010,0.00810738
-8e-010,0.00812451
-7e-010,0.00804914
-6e-010,0.00782817
-5e-010,0.00741021
-4e-010,0.00681239
-3e-010,0.006033
-2e-010,0.00514055
-1e-010,0.00425839
4.138488e-023,0.00350983
1e-010,0.00297025
2e-010,0.00269789
3e-010,0.00272701
4e-010,0.00293599
5e-010,0.00325117
6e-010,0.00357149
7e-010,0.00388668
8e-010,0.00417959
9e-010,0.0044588
1e-009,0.00476371
1.1e-009,0.00511143
1.2e-009,0.00544888
1.3e-009,0.0058086
1.4e-009,0.00613235
1.5e-009,0.00643554
1.6e-009,0.00670105
1.7e-009,0.00691174
1.8e-009,0.00704192
1.9e-009,0.00705905
2e-009,0.00694257
2.1e-009,0.00671133
2.2e-009,0.00637216
2.3e-009,0.00596106
2.4e-009,0.00547287
2.5e-009,0.00495213
2.6e-009,0.00434403
2.7e-009,0.00369483
2.8e-009,0.00308673
2.9e-009,0.0025403
3e-009,0.00210007
3.1e-009,0.00182943
3.2e-009,0.00165299
3.3e-009,0.00162559
3.4e-009,0.0016804
3.5e-009,0.00185341
3.6e-009,0.0021035
3.7e-009,0.00244266
3.8e-009,0.00288632
3.9e-009,0.00337451
4e-009,0.00387297
4.1e-009,0.00431491
4.2e-009,0.00474829
4.3e-009,0.00508574
4.4e-009,0.00535638
4.5e-009,0.00553453
4.6e-009,0.0056099
4.7e-009,0.00558421
4.8e-009,0.00543004
4.9e-009,0.00516625
5e-009,0.00479796
5.1e-009,0.00439371
5.2e-009,0.00391237
5.3e-009,0.00340363
5.4e-009,0.00287261
5.5e-009,0.00232789
5.6e-009,0.00180887
5.7e-009,0.0013498
5.8e-009,0.000894158
5.9e-009,0.000531014
6e-009,0.000286062
6.1e-009,0.000149026
6.2e-009,0.000143888
6.3e-009,0.000344302
6.4e-009,0.000692031
6.5e-009,0.00120763
6.6e-009,0.00180545
6.7e-009,0.00243581
6.8e-009,0.00307645
6.9e-009,0.00369997
7e-009,0.00424126
7.1e-009,0.00467121
7.2e-009,0.00501037
7.3e-009,0.0051594
7.4e-009,0.00515768
7.5e-009,0.00503435
7.6e-009,0.00480139
7.7e-009,0.0044725
7.8e-009,0.00401686
7.9e-009,0.00347557
8e-009,0.00285548
8.1e-009,0.00224053
8.2e-009,0.0015879
8.3e-009,0.000993509
8.4e-009,0.000507032
8.5e-009,0.000164443
8.6e-009,-9.07862e-005
8.7e-009,-0.000236387
8.8e-009,-0.000263794
8.9e-009,-0.000195276
9e-009,-3.42589e-005
9.1e-009,0.000195276
9.2e-009,0.00048819
9.3e-009,0.000909575
9.4e-009,0.00139263
9.5e-009,0.00190994
9.6e-009,0.00236901
9.7e-009,0.0027647
9.8e-009,0.00309529
9.9e-009,0.00328886
1e-008,0.00339163
1.01e-008,0.00340534
1.02e-008,0.00337622
1.03e-008,0.00328715
1.04e-008,0.00311756
1.05e-008,0.00285206
1.06e-008,0.0024735
1.07e-008,0.00204697
1.08e-008,0.00159989
1.09e-008,0.0011374
1.1e-008,0.000750271
1.11e-008,0.000409394
1.12e-008,0.000161017
1.13e-008,-1.37036e-005
1.14e-008,-0.00011648
1.15e-008,-0.000236387
1.16e-008,-0.000334025
1.17e-008,-0.000417959
1.18e-008,-0.000476199
1.19e-008,-0.000486477
1.2e-008,-0.000402543
1.21e-008,-0.000173008
1.22e-008,0.000186711
1.23e-008,0.000669762
1.24e-008,0.00116823
1.25e-008,0.00163929
1.26e-008,0.00209665
1.27e-008,0.00245808
1.28e-008,0.00278696
1.29e-008,0.00309701
1.3e-008,0.00332312
1.31e-008,0.00343103
1.32e-008,0.00343103
1.33e-008,0.00328029
1.34e-008,0.00296682
1.35e-008,0.00258826
1.36e-008,0.00213947
1.37e-008,0.00171809
1.38e-008,0.00133096
1.39e-008,0.000978093
1.4e-008,0.000642355
1.41e-008,0.000366571
1.42e-008,9.93509e-005
1.43e-008,-0.000150739
1.44e-008,-0.000344302
1.45e-008,-0.00047106
1.46e-008,-0.000489903
1.47e-008,-0.000369997
1.48e-008,-9.7638e-005
1.49e-008,0.000246664
1.5e-008,0.000664623
1.51e-008,0.00112369
1.52e-008,0.00156563
1.53e-008,0.00199387
1.54e-008,0.00241868
1.55e-008,0.00281095
1.56e-008,0.00315011
1.57e-008,0.00343788
1.58e-008,0.00363316
1.59e-008,0.00372223
1.6e-008,0.00369654
1.61e-008,0.00356807
1.62e-008,0.00333339
1.63e-008,0.00298738
1.64e-008,0.00256942
1.65e-008,0.00208808
1.66e-008,0.00156906
1.67e-008,0.00110485
1.68e-008,0.000673188
1.69e-008,0.000272359
1.7e-008,-5.13884e-005
1.71e-008,-0.000306617
1.72e-008,-0.000477912
1.73e-008,-0.000558421
1.74e-008,-0.000520736
1.75e-008,-0.000359719
1.76e-008,-7.36567e-005
1.77e-008,0.000304905
1.78e-008,0.000775965
1.79e-008,0.00128471
1.8e-008,0.00180373
1.81e-008,0.0022628
1.82e-008,0.00266363
1.83e-008,0.0029634
1.84e-008,0.00316039
1.85e-008,0.00328543
1.86e-008,0.003294
1.87e-008,0.00324432
1.88e-008,0.0031484
1.89e-008,0.00300793
1.9e-008,0.00279039
1.91e-008,0.00251803
1.92e-008,0.0022354
1.93e-008,0.00188253
1.94e-008,0.0014954
1.95e-008,0.00111855
1.96e-008,0.000712586
1.97e-008,0.000376848
1.98e-008,9.5925e-005
1.99e-008,-8.90732e-005
2e-008,-0.00013361
2.01e-008,-0.00011648
2.02e-008,1.71295e-006
2.03e-008,0.000169582
2.04e-008,0.00035458
2.05e-008,0.000599531
2.06e-008,0.000883881
2.07e-008,0.00119564
2.08e-008,0.00155878
2.09e-008,0.00194077
2.1e-008,0.00231248
2.11e-008,0.00267562
2.12e-008,0.00295312
2.13e-008,0.00317409
2.14e-008,0.0032683
2.15e-008,0.00327173
2.16e-008,0.0031621
2.17e-008,0.00297539
2.18e-008,0.0026996
2.19e-008,0.00238785
2.2e-008,0.0020504
2.21e-008,0.00173179
2.22e-008,0.00142346
2.23e-008,0.0011374
2.24e-008,0.000894158
2.25e-008,0.000649207
2.26e-008,0.000453931
2.27e-008,0.000304905
2.28e-008,0.000239813
2.29e-008,0.000195276
2.3e-008,0.000248377
2.31e-008,0.000368284
2.32e-008,0.000537865
2.33e-008,0.000729715
2.34e-008,0.000974667
2.35e-008,0.00127786
2.36e-008,0.00160674
2.37e-008,0.00199216
2.38e-008,0.00234674
2.39e-008,0.00270132
2.4e-008,0.00297539
2.41e-008,0.00320492
2.42e-008,0.00335052
2.43e-008,0.00345844
2.44e-008,0.00353038
2.45e-008,0.00354923
2.46e-008,0.00350126
2.47e-008,0.00335224
2.48e-008,0.00311071
2.49e-008,0.00277326
2.5e-008,0.00239813
2.51e-008,0.00200243
2.52e-008,0.00167012
2.53e-008,0.00139263
2.54e-008,0.00117166
2.55e-008,0.0010192
2.56e-008,0.000890732
2.57e-008,0.000805085
2.58e-008,0.000774252
2.59e-008,0.000794807
2.6e-008,0.000926704
2.61e-008,0.00113054
2.62e-008,0.00141489
2.63e-008,0.00174721
2.64e-008,0.0021172
2.65e-008,0.0024478
2.66e-008,0.00272872
2.67e-008,0.00300108
2.68e-008,0.00319978
2.69e-008,0.00338136
2.7e-008,0.00352696
2.71e-008,0.00359719
2.72e-008,0.00364173
2.73e-008,0.0035595
2.74e-008,0.00336765
2.75e-008,0.00301821
2.76e-008,0.00262595
2.77e-008,0.00215831
2.78e-008,0.00174035
2.79e-008,0.00137207
2.8e-008,0.00110314
2.81e-008,0.000880455
2.82e-008,0.000669762
2.83e-008,0.00051731
2.84e-008,0.000390552
2.85e-008,0.000304905
2.86e-008,0.000287775
2.87e-008,0.000344302
2.88e-008,0.000467634
2.89e-008,0.00063379
2.9e-008,0.000808511
2.91e-008,0.000991796
2.92e-008,0.00121277
2.93e-008,0.00143374
2.94e-008,0.00164272
2.95e-008,0.00187054
2.96e-008,0.00204526
2.97e-008,0.00216859
2.98e-008,0.00220114
2.99e-008,0.00216345
3e-008,0.00207952
3.01e-008,0.00199901
3.02e-008,0.00192364
3.03e-008,0.00183628
3.04e-008,0.00173008
3.05e-008,0.0015879
3.06e-008,0.00137721
3.07e-008,0.00107573
3.08e-008,0.00073828
3.09e-008,0.000387126
3.1e-008,7.02308e-005
3.11e-008,-0.000200415
3.12e-008,-0.000385413
3.13e-008,-0.000489903
3.14e-008,-0.000522449
3.15e-008,-0.000476199
3.16e-008,-0.000392265
3.17e-008,-0.000265507
3.18e-008,-0.00011648
3.19e-008,7.36567e-005
3.2e-008,0.000260368
3.21e-008,0.000491616
3.22e-008,0.000721151
3.23e-008,0.000991796
3.24e-008,0.00121277
3.25e-008,0.00139263
3.26e-008,0.00145943
3.27e-008,0.00143545
3.28e-008,0.00130869
3.29e-008,0.00111855
3.3e-008,0.00090101
3.31e-008,0.000681753
3.32e-008,0.000510458
3.33e-008,0.000335738
3.34e-008,0.0001456
3.35e-008,-6.16661e-005
3.36e-008,-0.00027921
3.37e-008,-0.000531014
3.38e-008,-0.0007674
3.39e-008,-0.000964389
3.4e-008,-0.00111342
3.41e-008,-0.0011905
3.42e-008,-0.00122647
3.43e-008,-0.00123332
3.44e-008,-0.00119221
3.45e-008,-0.00112883
3.46e-008,-0.00102948
3.47e-008,-0.000897584
3.48e-008,-0.000717725
3.49e-008,-0.000527588
3.5e-008,-0.000323747
3.51e-008,-0.000125045
3.52e-008,3.93978e-005
3.53e-008,0.000169582
3.54e-008,0.00025009
3.55e-008,0.00025009
3.56e-008,0.000195276
3.57e-008,9.5925e-005
3.58e-008,-3.76848e-005
3.59e-008,-0.000173008
3.6e-008,-0.000356293
3.61e-008,-0.000529301
3.62e-008,-0.000745132
3.63e-008,-0.00094726
3.64e-008,-0.00119564
3.65e-008,-0.00141489
3.66e-008,-0.00163586
3.67e-008,-0.001826
3.68e-008,-0.00199558
3.69e-008,-0.00212405
3.7e-008,-0.00223197
3.71e-008,-0.00231248
3.72e-008,-0.00233989
3.73e-008,-0.0023159
3.74e-008,-0.00227137
3.75e-008,-0.00209836
3.76e-008,-0.00189109
3.77e-008,-0.00164957
3.78e-008,-0.00140462
3.79e-008,-0.00122476
3.8e-008,-0.00110314
3.81e-008,-0.00103633
3.82e-008,-0.00104832
3.83e-008,-0.00106031
3.84e-008,-0.00107916
3.85e-008,-0.0011374
3.86e-008,-0.00120249
3.87e-008,-0.00131383
3.88e-008,-0.001456
3.89e-008,-0.00167697
3.9e-008,-0.00193392
3.91e-008,-0.00217202
3.92e-008,-0.00243238
3.93e-008,-0.00266706
3.94e-008,-0.00287775
3.95e-008,-0.00305247
3.96e-008,-0.00316895
3.97e-008,-0.00321691
3.98e-008,-0.00324603
3.99e-008,-0.0032289
4e-008,-0.00319465
4.01e-008,-0.00315867
4.02e-008,-0.00311071
4.03e-008,-0.00303705
4.04e-008,-0.0029103
4.05e-008,-0.00271159
4.06e-008,-0.00245979
4.07e-008,-0.00221141
4.08e-008,-0.00197503
4.09e-008,-0.00181572
4.1e-008,-0.00171295
4.11e-008,-0.00164443
4.12e-008,-0.00165299
4.13e-008,-0.00170096
4.14e-008,-0.00177119
4.15e-008,-0.00189623
4.16e-008,-0.00199558
4.17e-008,-0.00212405
4.18e-008,-0.0023022
4.19e-008,-0.00249405
4.2e-008,-0.00273558
4.21e-008,-0.00295655
4.22e-008,-0.00313983
4.23e-008,-0.00327344
4.24e-008,-0.00334196
4.25e-008,-0.00334367
4.26e-008,-0.00330599
4.27e-008,-0.00329742
4.28e-008,-0.00329742
4.29e-008,-0.00326316
4.3e-008,-0.00320321
4.31e-008,-0.0030833
4.32e-008,-0.00290344
4.33e-008,-0.00272872
4.34e-008,-0.00256257
4.35e-008,-0.00242039
4.36e-008,-0.00233132
4.37e-008,-0.00224396
4.38e-008,-0.00220114
4.39e-008,-0.00216688
4.4e-008,-0.00217716
4.41e-008,-0.00221484
4.42e-008,-0.00226965
4.43e-008,-0.0023947
4.44e-008,-0.0025403
4.45e-008,-0.00270303
4.46e-008,-0.00286576
4.47e-008,-0.00302164
4.48e-008,-0.00312099
4.49e-008,-0.00320492
4.5e-008,-0.00328201
4.51e-008,-0.00334881
4.52e-008,-0.00344645
4.53e-008,-0.00354066
4.54e-008,-0.00363659
4.55e-008,-0.00368797
4.56e-008,-0.00371538
4.57e-008,-0.00369997
4.58e-008,-0.00360575
4.59e-008,-0.00349955
4.6e-008,-0.00334025
4.61e-008,-0.00317409
4.62e-008,-0.0030028
4.63e-008,-0.00288118
4.64e-008,-0.00276298
4.65e-008,-0.00267734
4.66e-008,-0.00261224
4.67e-008,-0.00255572
4.68e-008,-0.00248891
4.69e-008,-0.00245294
4.7e-008,-0.00242896
4.71e-008,-0.00241526
4.72e-008,-0.00245123
4.73e-008,-0.00253516
4.74e-008,-0.00268933
4.75e-008,-0.00286062
4.76e-008,-0.0030302
4.77e-008,-0.00320664
4.78e-008,-0.00334539
4.79e-008,-0.00340534
4.8e-008,-0.00342932
4.81e-008,-0.00341562
4.82e-008,-0.00336765
4.83e-008,-0.00330085
4.84e-008,-0.00321349
4.85e-008,-0.00309529
4.86e-008,-0.00298738
4.87e-008,-0.00286576
4.88e-008,-0.00275613
4.89e-008,-0.00261396
4.9e-008,-0.00244095
4.91e-008,-0.00226965
4.92e-008,-0.00210007
4.93e-008,-0.00194933
4.94e-008,-0.00182943
4.95e-008,-0.00175063
4.96e-008,-0.00166156
4.97e-008,-0.00158619
4.98e-008,-0.0015485
4.99e-008,-0.0015485
5e-008,-0.00156049
5.01e-008,-0.00162387
5.02e-008,-0.00170096
5.03e-008,-0.00179859
5.04e-008,-0.00187054
5.05e-008,-0.00194933
5.06e-008,-0.00200243
5.07e-008,-0.00204868
5.08e-008,-0.00210007
5.09e-008,-0.00210521
5.1e-008,-0.0021172
5.11e-008,-0.00208466
5.12e-008,-0.00203841
5.13e-008,-0.00196304
5.14e-008,-0.00184484
5.15e-008,-0.00173522
5.16e-008,-0.00161702
5.17e-008,-0.0014954
5.18e-008,-0.00134638
5.19e-008,-0.00117679
5.2e-008,-0.00102948
5.21e-008,-0.000878742
5.22e-008,-0.000717725
5.23e-008,-0.000584115
5.24e-008,-0.000486477
5.25e-008,-0.000399117
5.26e-008,-0.000378561
5.27e-008,-0.0003837
5.28e-008,-0.000417959
5.29e-008,-0.000450505
5.3e-008,-0.000486477
5.31e-008,-0.000495042
5.32e-008,-0.000496755
5.33e-008,-0.000544717
5.34e-008,-0.000573837
5.35e-008,-0.000625226
5.36e-008,-0.000707447
5.37e-008,-0.000775965
5.38e-008,-0.000793094
5.39e-008,-0.000793094
5.4e-008,-0.000736567
5.41e-008,-0.000652633
5.42e-008,-0.00054643
5.43e-008,-0.000411107
5.44e-008,-0.000241526
5.45e-008,-9.07862e-005
5.46e-008,7.70826e-005
5.47e-008,0.000196989
5.48e-008,0.000335738
5.49e-008,0.000409394
5.5e-008,0.000484764
5.51e-008,0.000505319
5.52e-008,0.000532726
5.53e-008,0.000541291
5.54e-008,0.000549856
5.55e-008,0.000573837
5.56e-008,0.000568698
5.57e-008,0.000596106
5.58e-008,0.000594393
5.59e-008,0.000568698
5.6e-008,0.000519023
5.61e-008,0.000472773
5.62e-008,0.000435089
5.63e-008,0.000405968
5.64e-008,0.000405968
5.65e-008,0.000387126
5.66e-008,0.000399117
5.67e-008,0.000428237
5.68e-008,0.000479625
5.69e-008,0.000539578
5.7e-008,0.000618374
5.71e-008,0.000731428
5.72e-008,0.000878742
5.73e-008,0.00104832
5.74e-008,0.00122476
5.75e-008,0.00136351
5.76e-008,0.00151596
5.77e-008,0.00166498
5.78e-008,0.00179688
5.79e-008,0.00189109
5.8e-008,0.0019579
5.81e-008,0.00197503
5.82e-008,0.00198188
5.83e-008,0.0019716
5.84e-008,0.0019716
5.85e-008,0.00197845
5.86e-008,0.00199216
5.87e-008,0.0020247
5.88e-008,0.00203155
5.89e-008,0.00200929
5.9e-008,0.00198359
5.91e-008,0.00198873
5.92e-008,0.00200757
5.93e-008,0.00204697
5.94e-008,0.00209322
5.95e-008,0.00214975
5.96e-008,0.00217887
5.97e-008,0.00221313
5.98e-008,0.0022354
5.99e-008,0.00228336
6e-008,0.0023947
6.01e-008,0.00252146
6.02e-008,0.00270303
6.03e-008,0.00285034
6.04e-008,0.00294798
6.05e-008,0.0030165
6.06e-008,0.00305076
6.07e-008,0.00306446
6.08e-008,0.00310557
6.09e-008,0.00317238
6.1e-008,0.00324775
6.11e-008,0.00333339
6.12e-008,0.00338478
6.13e-008,0.00336594
6.14e-008,0.00327687
6.15e-008,0.00318608
6.16e-008,0.00304733
6.17e-008,0.00294113
6.18e-008,0.00287261
6.19e-008,0.00285206
6.2e-008,0.00288632
6.21e-008,0.00294284
6.22e-008,0.0029771
6.23e-008,0.00299081
6.24e-008,0.00298224
6.25e-008,0.00292571
6.26e-008,0.00288974
6.27e-008,0.00286405
6.28e-008,0.00289831
6.29e-008,0.0029771
6.3e-008,0.00309016
6.31e-008,0.00318951
6.32e-008,0.003294
6.33e-008,0.00333511
6.34e-008,0.00335395
6.35e-008,0.00334881
6.36e-008,0.00334881
6.37e-008,0.00337279
6.38e-008,0.00336251
6.39e-008,0.00333511
6.4e-008,0.00330941
6.41e-008,0.00326659
6.42e-008,0.00318951
6.43e-008,0.00316039
6.44e-008,0.00311071
6.45e-008,0.00312613
6.46e-008,0.00311242
6.47e-008,0.00308673
6.48e-008,0.00304048
6.49e-008,0.00298224
6.5e-008,0.00293257
6.51e-008,0.00289317
6.52e-008,0.0028572
6.53e-008,0.00286062
6.54e-008,0.00289831
6.55e-008,0.00292571
6.56e-008,0.00295483
6.57e-008,0.00297196
6.58e-008,0.00297881
6.59e-008,0.00298909
6.6e-008,0.00299766
6.61e-008,0.00301993
6.62e-008,0.00301993
6.63e-008,0.00306446
6.64e-008,0.0030696
6.65e-008,0.00308502
6.66e-008,0.00308159
6.67e-008,0.00302335
6.68e-008,0.00300622
6.69e-008,0.00294969
6.7e-008,0.00288803
6.71e-008,0.00280238
6.72e-008,0.00270817
6.73e-008,0.00261224
6.74e-008,0.00253002
6.75e-008,0.00248377
6.76e-008,0.00244266
6.77e-008,0.00241868
6.78e-008,0.00238442
6.79e-008,0.0023416
6.8e-008,0.00231419
6.81e-008,0.00226965
6.82e-008,0.00225595
6.83e-008,0.00222341
6.84e-008,0.00219771
6.85e-008,0.00214632
6.86e-008,0.0021172
6.87e-008,0.00210692
6.88e-008,0.00212405
6.89e-008,0.00217373
6.9e-008,0.00223368
6.91e-008,0.00230049
6.92e-008,0.00230734
6.93e-008,0.00228678
6.94e-008,0.00224225
6.95e-008,0.00214804
6.96e-008,0.00205382
6.97e-008,0.00195276
6.98e-008,0.00186369
6.99e-008,0.00177804
7e-008,0.00169239
7.01e-008,0.00161702
7.02e-008,0.00157249
7.03e-008,0.00150911
7.04e-008,0.00144401
7.05e-008,0.00135323
7.06e-008,0.00127615
7.07e-008,0.00116994
7.08e-008,0.00109457
7.09e-008,0.00102263
7.1e-008,0.00104661
7.11e-008,0.00106374
7.12e-008,0.00107059
7.13e-008,0.00106374
7.14e-008,0.00101064
7.15e-008,0.000935269
7.16e-008,0.000844483
7.17e-008,0.000779391
7.18e-008,0.000700595
7.19e-008,0.000704021
7.2e-008,0.000710873
7.21e-008,0.000762261
7.22e-008,0.000786243
7.23e-008,0.000815363
7.24e-008,0.000789669
7.25e-008,0.000736567
7.26e-008,0.000690318
7.27e-008,0.0006218
7.28e-008,0.000570411
7.29e-008,0.000493329
7.3e-008,0.000423098
7.31e-008,0.000323747
7.32e-008,0.000217544
7.33e-008,0.000106203
7.34e-008,1.71295e-005
7.35e-008,-5.99531e-005
7.36e-008,-0.000131897
7.37e-008,-0.000167869
7.38e-008,-0.00019185
7.39e-008,-0.000178146
7.4e-008,-0.000166156
7.41e-008,-0.000113054
7.42e-008,-4.79625e-005
7.43e-008,-1.54165e-005
7.44e-008,5.13884e-006
7.45e-008,0
7.46e-008,3.59719e-005
7.47e-008,6.5092e-005
7.48e-008,8.39344e-005
7.49e-008,0.000102777
7.5e-008,0.000107916
7.51e-008,7.53697e-005
7.52e-008,1.37036e-005
7.53e-008,-6.16661e-005
7.54e-008,-0.0001456
7.55e-008,-0.000181572
7.56e-008,-0.000222683
7.57e-008,-0.000205554
7.58e-008,-0.000181572
7.59e-008,-0.0001456
7.6e-008,-0.00011648
7.61e-008,-0.000107916
7.62e-008,-0.000142175
7.63e-008,-0.000178146
7.64e-008,-0.000184998
7.65e-008,-0.000198702
7.66e-008,-0.000210692
7.67e-008,-0.000227822
7.68e-008,-0.000251803
7.69e-008,-0.000291201
7.7e-008,-0.000323747
7.71e-008,-0.000342589
7.72e-008,-0.000289488
7.73e-008,-0.000212405
7.74e-008,-9.7638e-005
7.75e-008,4.45366e-005
7.76e-008,0.000155878
7.77e-008,0.000219257
7.78e-008,0.000262081
7.79e-008,0.000275784
7.8e-008,0.00027921
7.81e-008,0.000251803
7.82e-008,0.000246664
7.83e-008,0.000205554
7.84e-008,0.000193563
7.85e-008,0.000186711
7.86e-008,0.000181572
7.87e-008,0.000193563
7.88e-008,0.000178146
7.89e-008,0.000181572
7.9e-008,0.000171295
7.91e-008,0.000173008
7.92e-008,0.000183285
7.93e-008,0.00020898
7.94e-008,0.000231248
7.95e-008,0.000284349
7.96e-008,0.000349441
7.97e-008,0.000414533
7.98e-008,0.000489903
7.99e-008,0.000561847
8e-008,0.0006218
8.01e-008,0.000683466
8.02e-008,0.00073828
8.03e-008,0.000794807
8.04e-008,0.000837631
8.05e-008,0.000873603
8.06e-008,0.000913001
8.07e-008,0.000957537
8.08e-008,0.00103291
8.09e-008,0.00109971
8.1e-008,0.00115967
8.11e-008,0.00117679
8.12e-008,0.00114939
8.13e-008,0.00112198
8.14e-008,0.00108601
8.15e-008,0.00105346
8.16e-008,0.00106717
8.17e-008,0.00108943
8.18e-008,0.00113226
8.19e-008,0.00119735
8.2e-008,0.00128471
8.21e-008,0.00133267
8.22e-008,0.00140804
8.23e-008,0.00146971
8.24e-008,0.00151938
8.25e-008,0.00156563
8.26e-008,0.0016136
8.27e-008,0.00167184
8.28e-008,0.00171295
8.29e-008,0.00176947
8.3e-008,0.00183114
8.31e-008,0.00192021
8.32e-008,0.00202642
8.33e-008,0.00210864
8.34e-008,0.00218572
8.35e-008,0.00223368
8.36e-008,0.00229535
8.37e-008,0.00233475
8.38e-008,0.002381
8.39e-008,0.00241354
8.4e-008,0.00243924
8.41e-008,0.0024478
8.42e-008,0.0024341
8.43e-008,0.00241526
8.44e-008,0.00243238
8.45e-008,0.00244951
8.46e-008,0.00249748
8.47e-008,0.00255572
8.48e-008,0.00265335
8.49e-008,0.0027253
8.5e-008,0.0027921
8.51e-008,0.0028846
8.52e-008,0.00298053
8.53e-008,0.00308844
8.54e-008,0.00317409
8.55e-008,0.00324946
8.56e-008,0.00329228
8.57e-008,0.00330427
8.58e-008,0.00333853
8.59e-008,0.00337108
8.6e-008,0.00345673
8.61e-008,0.00354923
8.62e-008,0.0036383
8.63e-008,0.00372223
8.64e-008,0.00377191
8.65e-008,0.00384385
8.66e-008,0.0039158
8.67e-008,0.00401857
8.68e-008,0.00410251
8.69e-008,0.00422413
8.7e-008,0.0042738
8.71e-008,0.00432862
8.72e-008,0.00435089
8.73e-008,0.00441426
8.74e-008,0.00445709
8.75e-008,0.00454787
8.76e-008,0.00465579
8.77e-008,0.00470718
8.78e-008,0.00475171
8.79e-008,0.00478597
8.8e-008,0.00481167
8.81e-008,0.00487505
8.82e-008,0.00497097
8.83e-008,0.0050669
8.84e-008,0.00516111
8.85e-008,0.00525703
8.86e-008,0.00530842
8.87e-008,0.00537865
8.88e-008,0.00545402
8.89e-008,0.00555337
8.9e-008,0.00564759
8.91e-008,0.00573837
8.92e-008,0.00580175
8.93e-008,0.00583601
8.94e-008,0.00585999
8.95e-008,0.00587198
8.96e-008,0.00589768
8.97e-008,0.00594564
8.98e-008,0.00600559
8.99e-008,0.00608439
9e-008,0.0061649
9.01e-008,0.00626082
9.02e-008,0.00634304
9.03e-008,0.00642012
9.04e-008,0.00647151
9.05e-008,0.00649378
9.06e-008,0.00652119
9.07e-008,0.00653147
9.08e-008,0.00655373
9.09e-008,0.00660341
9.1e-008,0.00666336
9.11e-008,0.00673017
9.12e-008,0.00677642
9.13e-008,0.00682095
9.14e-008,0.0068535
9.15e-008,0.00689119
9.16e-008,0.00692544
9.17e-008,0.00696655
9.18e-008,0.00696827
9.19e-008,0.00695285
9.2e-008,0.00697169
9.21e-008,0.00698882
9.22e-008,0.00706419
9.23e-008,0.00716183
9.24e-008,0.00725776
9.25e-008,0.00731942
9.26e-008,0.00736053
9.27e-008,0.00735197
9.28e-008,0.00731942
9.29e-008,0.00725776
9.3e-008,0.00721665
9.31e-008,0.0072235
9.32e-008,0.00727831
9.33e-008,0.00735711
9.34e-008,0.00746331
9.35e-008,0.00753697
9.36e-008,0.00759863
9.37e-008,0.00762261
9.38e-008,0.00758835
9.39e-008,0.00756609
9.4e-008,0.00753354
9.41e-008,0.00755238
9.42e-008,0.00757465
9.43e-008,0.00763289
9.44e-008,0.00770826
9.45e-008,0.00777507
9.46e-008,0.00783844
9.47e-008,0.00786243
9.48e-008,0.00785044
9.49e-008,0.00781275
9.5e-008,0.00781446
9.51e-008,0.0077922
9.52e-008,0.00779048
9.53e-008,0.00781446
9.54e-008,0.0078453
9.55e-008,0.00785044
9.56e-008,0.00788298
9.57e-008,0.00787442
9.58e-008,0.00787099
9.59e-008,0.00784358
9.6e-008,0.00782645
9.61e-008,0.0078196
9.62e-008,0.00780419
9.63e-008,0.00778877
9.64e-008,0.00775794
9.65e-008,0.00770826
9.66e-008,0.00767229
9.67e-008,0.00765002
9.68e-008,0.00766715
9.69e-008,0.00770484
9.7e-008,0.0077802
9.71e-008,0.00782817
9.72e-008,0.00785729
9.73e-008,0.00785557
9.74e-008,0.00783502
9.75e-008,0.0077922
9.76e-008,0.00775965
9.77e-008,0.00774252
9.78e-008,0.00771511
9.79e-008,0.00768085
9.8e-008,0.00766372
9.81e-008,0.00760891
9.82e-008,0.00755238
9.83e-008,0.00752326
9.84e-008,0.00749586
9.85e-008,0.00747016
9.86e-008,0.00747187
9.87e-008,0.00746331
9.88e-008,0.00749414
9.89e-008,0.00750442
9.9e-008,0.00750613
9.91e-008,0.00746845
9.92e-008,0.00744447
9.93e-008,0.00741877
9.94e-008,0.00737766
9.95e-008,0.00737595
9.96e-008,0.00738109
9.97e-008,0.00738623
9.98e-008,0.00738109
9.99e-008,0.00737938
1e-007,0.00740336
1.001e-007,0.00741021
1.002e-007,0.00745132
1.003e-007,0.00744104
1.004e-007,0.00744275
1.005e-007,0.0073828
1.006e-007,0.00729887
1.007e-007,0.00719438
1.008e-007,0.00709845
1.009e-007,0.0070248
1.01e-007,0.00697683
1.011e-007,0.00694771
1.012e-007,0.00698882
1.013e-007,0.00699568
1.014e-007,0.00702308
1.015e-007,0.00705049
1.016e-007,0.00704706
1.017e-007,0.00705734
1.018e-007,0.00702822
1.019e-007,0.00701109
1.02e-007,0.00700767
1.021e-007,0.00702137
1.022e-007,0.00702822
1.023e-007,0.00702651
1.024e-007,0.00700081
1.025e-007,0.00691003
1.026e-007,0.00684322
1.027e-007,0.00675758
1.028e-007,0.00669762
1.029e-007,0.00666165
1.03e-007,0.0066411
1.031e-007,0.00666165
1.032e-007,0.00668392
1.033e-007,0.00670619
1.034e-007,0.00669934
1.035e-007,0.00668221
1.036e-007,0.00664623
1.037e-007,0.00655716
1.038e-007,0.0064561
1.039e-007,0.00638244
1.04e-007,0.00626939
1.041e-007,0.00620772
1.042e-007,0.00615462
1.043e-007,0.00613235
1.044e-007,0.00612721
1.045e-007,0.00613064
1.046e-007,0.00613578
1.047e-007,0.00608953
1.048e-007,0.00605184
1.049e-007,0.00603814
1.05e-007,0.00599703
1.051e-007,0.00598161
1.052e-007,0.00594221
1.053e-007,0.00587198
1.054e-007,0.00572467
1.055e-007,0.00555851
1.056e-007,0.00539407
1.057e-007,0.00528102
1.058e-007,0.00528787
1.059e-007,0.00535125
1.06e-007,0.00543175
1.061e-007,0.005478
1.062e-007,0.005478
1.063e-007,0.00541805
1.064e-007,0.005305
1.065e-007,0.00521764
1.066e-007,0.00515083
1.067e-007,0.00508231
1.068e-007,0.00500866
1.069e-007,0.00492986
1.07e-007,0.00483565
1.071e-007,0.00477056
1.072e-007,0.00468148
1.073e-007,0.00465922
1.074e-007,0.00460783
1.075e-007,0.00452389
1.076e-007,0.00443139
1.077e-007,0.00429607
1.078e-007,0.00417274
1.079e-007,0.00404084
1.08e-007,0.00396547
1.081e-007,0.0039158
1.082e-007,0.00387982
1.083e-007,0.00384043
1.084e-007,0.00376334
1.085e-007,0.00371196
1.086e-007,0.00366571
1.087e-007,0.00363659
1.088e-007,0.00361603
1.089e-007,0.00360575
1.09e-007,0.00355265
1.091e-007,0.003479
1.092e-007,0.00341733
1.093e-007,0.00330256
1.094e-007,0.00321178
1.095e-007,0.0031484
1.096e-007,0.00304391
1.097e-007,0.00297368
1.098e-007,0.00287604
1.099e-007,0.00279553
1.1e-007,0.00274757
1.101e-007,0.00268933
1.102e-007,0.00260368
1.103e-007,0.00250433
1.104e-007,0.00241183
1.105e-007,0.00230049
1.106e-007,0.00225081
1.107e-007,0.00224225
1.108e-007,0.00223026
1.109e-007,0.00220799
1.11e-007,0.00212577
1.111e-007,0.00201443
1.112e-007,0.0018654
1.113e-007,0.00171809
1.114e-007,0.00163415
1.115e-007,0.00158619
1.116e-007,0.00155193
1.117e-007,0.00152452
1.118e-007,0.0014954
1.119e-007,0.00144915
1.12e-007,0.00139605
1.121e-007,0.00133267
1.122e-007,0.00126587
1.123e-007,0.00121105
1.124e-007,0.00113226
1.125e-007,0.00105175
1.126e-007,0.000957537
1.127e-007,0.000868464
1.128e-007,0.000782817
1.129e-007,0.000716012
1.13e-007,0.00068004
1.131e-007,0.00066291
1.132e-007,0.000657772
1.133e-007,0.000659485
1.134e-007,0.00063379
1.135e-007,0.000556708
1.136e-007,0.000424811
1.137e-007,0.00027921
1.138e-007,0.000173008
1.139e-007,0.000118193
1.14e-007,0.00010449
1.141e-007,0.000140462
1.142e-007,0.000152452
1.143e-007,0.000154165
1.144e-007,0.000106203
1.145e-007,3.2546e-005
1.146e-007,-7.19438e-005
1.147e-007,-0.000186711
1.148e-007,-0.000282636
1.149e-007,-0.000359719
1.15e-007,-0.000452218
1.151e-007,-0.00051731
1.152e-007,-0.00057555
1.153e-007,-0.000597818
1.154e-007,-0.000599531
1.155e-007,-0.000606383
1.156e-007,-0.000609809
1.157e-007,-0.000666336
1.158e-007,-0.000758835
1.159e-007,-0.000863325
1.16e-007,-0.000971241
1.161e-007,-0.00104147
1.162e-007,-0.00108087
1.163e-007,-0.00107744
1.164e-007,-0.00105175
1.165e-007,-0.00103119
1.166e-007,-0.00103291
1.167e-007,-0.00108943
1.168e-007,-0.00112198
1.169e-007,-0.00118022
1.17e-007,-0.00125388
1.171e-007,-0.00129156
1.172e-007,-0.00132068
1.173e-007,-0.00134638
1.174e-007,-0.00135837
1.175e-007,-0.00137721
1.176e-007,-0.0014029
1.177e-007,-0.00145943
1.178e-007,-0.00149369
1.179e-007,-0.00153994
1.18e-007,-0.00157077
1.181e-007,-0.00160503
1.182e-007,-0.0016136
1.183e-007,-0.00162045
1.184e-007,-0.00161531
1.185e-007,-0.0016136
1.186e-007,-0.00163244
1.187e-007,-0.001641
1.188e-007,-0.00167526
1.189e-007,-0.0017198
1.19e-007,-0.00176262
1.191e-007,-0.00180373
1.192e-007,-0.0018397
1.193e-007,-0.0018654
1.194e-007,-0.00188595
1.195e-007,-0.0019048
1.196e-007,-0.00193734
1.197e-007,-0.0019716
1.198e-007,-0.00200929
1.199e-007,-0.00202813
1.2e-007,-0.00202984
1.201e-007,-0.00199387
1.202e-007,-0.00197503
1.203e-007,-0.00198873
1.204e-007,-0.00200243
1.205e-007,-0.00206239
1.206e-007,-0.00214632
1.207e-007,-0.00226109
1.208e-007,-0.00235359
1.209e-007,-0.00241183
1.21e-007,-0.00245465
1.211e-007,-0.00245979
1.212e-007,-0.00244609
1.213e-007,-0.00239127
1.214e-007,-0.00234331
1.215e-007,-0.00230563
1.216e-007,-0.00228678
1.217e-007,-0.0022885
1.218e-007,-0.00230391
1.219e-007,-0.00233132
1.22e-007,-0.00235873
1.221e-007,-0.00239641
1.222e-007,-0.00242382
1.223e-007,-0.0024341
1.224e-007,-0.00245123
1.225e-007,-0.00247007
1.226e-007,-0.00249405
1.227e-007,-0.00251461
1.228e-007,-0.00253859
1.229e-007,-0.00253859
1.23e-007,-0.00255914
1.231e-007,-0.00259169
1.232e-007,-0.00264136
1.233e-007,-0.00270303
1.234e-007,-0.00272872
1.235e-007,-0.00275271
1.236e-007,-0.00274414
1.237e-007,-0.00271159
1.238e-007,-0.00268933
1.239e-007,-0.00266192
1.24e-007,-0.00266535
1.241e-007,-0.00265164
1.242e-007,-0.00263794
1.243e-007,-0.00261396
1.244e-007,-0.00261396
1.245e-007,-0.00263623
1.246e-007,-0.00266192
1.247e-007,-0.00268761
1.248e-007,-0.00271159
1.249e-007,-0.00269275
1.25e-007,-0.00266363
1.251e-007,-0.00265335
1.252e-007,-0.00265849
1.253e-007,-0.00268761
1.254e-007,-0.00273558
1.255e-007,-0.00277669
1.256e-007,-0.0027784
1.257e-007,-0.00274757
1.258e-007,-0.00269275
1.259e-007,-0.00262766
1.26e-007,-0.00258312
1.261e-007,-0.00254715
1.262e-007,-0.00250604
1.263e-007,-0.00249576
1.264e-007,-0.00247692
1.265e-007,-0.00248377
1.266e-007,-0.00249405
1.267e-007,-0.00252488
1.268e-007,-0.00258141
1.269e-007,-0.00260882
1.27e-007,-0.00261224
1.271e-007,-0.00258998
1.272e-007,-0.00253345
1.273e-007,-0.0024478
1.274e-007,-0.00238271
1.275e-007,-0.00234502
1.276e-007,-0.00231248
1.277e-007,-0.00227308
1.278e-007,-0.00224396
1.279e-007,-0.00222341
1.28e-007,-0.002196
1.281e-007,-0.00221827
1.282e-007,-0.00222854
1.283e-007,-0.00224739
1.284e-007,-0.00228336
1.285e-007,-0.00229192
1.286e-007,-0.00224396
1.287e-007,-0.00219771
1.288e-007,-0.00211035
1.289e-007,-0.00202984
1.29e-007,-0.00196475
1.291e-007,-0.0019322
1.292e-007,-0.00192021
1.293e-007,-0.00195276
1.294e-007,-0.00196646
1.295e-007,-0.00200072
1.296e-007,-0.00202299
1.297e-007,-0.0020641
1.298e-007,-0.00213604
1.299e-007,-0.0021703
1.3e-007,-0.00219428
1.301e-007,-0.00218572
1.302e-007,-0.00214461
1.303e-007,-0.00209151
1.304e-007,-0.00202642
1.305e-007,-0.00200415
1.306e-007,-0.00196646
1.307e-007,-0.00200243
1.308e-007,-0.00205725
1.309e-007,-0.00210692
1.31e-007,-0.00216516
1.311e-007,-0.00214975
1.312e-007,-0.00213433
1.313e-007,-0.00210007
1.314e-007,-0.00205554
1.315e-007,-0.00205382
1.316e-007,-0.00208466
1.317e-007,-0.00210864
1.318e-007,-0.00214118
1.319e-007,-0.00215146
1.32e-007,-0.00212234
1.321e-007,-0.00208637
1.322e-007,-0.00208294
1.323e-007,-0.00211378
1.324e-007,-0.00216345
1.325e-007,-0.00220456
1.326e-007,-0.0022628
1.327e-007,-0.00228507
1.328e-007,-0.00229021
1.329e-007,-0.00228507
1.33e-007,-0.00226623
1.331e-007,-0.00225938
1.332e-007,-0.00229706
1.333e-007,-0.00231248
1.334e-007,-0.00233646
1.335e-007,-0.00235016
1.336e-007,-0.00237757
1.337e-007,-0.00235873
1.338e-007,-0.00235873
1.339e-007,-0.00237928
1.34e-007,-0.00242725
1.341e-007,-0.00248035
1.342e-007,-0.0025266
1.343e-007,-0.00254544
1.344e-007,-0.00257285
1.345e-007,-0.00260368
1.346e-007,-0.00262081
1.347e-007,-0.00264822
1.348e-007,-0.00268933
1.349e-007,-0.00273044
1.35e-007,-0.00274071
1.351e-007,-0.00272359
1.352e-007,-0.00270303
1.353e-007,-0.00268933
1.354e-007,-0.00268761
1.355e-007,-0.00269618
1.356e-007,-0.00273215
1.357e-007,-0.00277155
1.358e-007,-0.00280752
1.359e-007,-0.00283493
1.36e-007,-0.00286747
1.361e-007,-0.00287775
1.362e-007,-0.00288974
1.363e-007,-0.00288118
1.364e-007,-0.00291886
1.365e-007,-0.00296169
1.366e-007,-0.00302678
1.367e-007,-0.00310215
1.368e-007,-0.00313812
1.369e-007,-0.00314154
1.37e-007,-0.00309872
1.371e-007,-0.00302506
1.372e-007,-0.00293428
1.373e-007,-0.00291201
1.374e-007,-0.00293257
1.375e-007,-0.0030028
1.376e-007,-0.00310729
1.377e-007,-0.00319293
1.378e-007,-0.0032546
1.379e-007,-0.0032546
1.38e-007,-0.00319293
1.381e-007,-0.00317238
1.382e-007,-0.00320321
1.383e-007,-0.0032683
1.384e-007,-0.00337451
1.385e-007,-0.00344131
1.386e-007,-0.00344474
1.387e-007,-0.00342589
1.388e-007,-0.00332654
1.389e-007,-0.00323404
1.39e-007,-0.00319465
1.391e-007,-0.00319807
1.392e-007,-0.00325631
1.393e-007,-0.0033471
1.394e-007,-0.00344816
1.395e-007,-0.00351325
1.396e-007,-0.00357149
1.397e-007,-0.00358006
1.398e-007,-0.00356636
1.399e-007,-0.0035458
1.4e-007,-0.00351497
1.401e-007,-0.0034927
1.402e-007,-0.00347557
1.403e-007,-0.00346872
1.404e-007,-0.00347728
1.405e-007,-0.00351325
1.406e-007,-0.00352011
1.407e-007,-0.00352182
1.408e-007,-0.00352182
1.409e-007,-0.00352011
1.41e-007,-0.00349955
1.411e-007,-0.00353038
1.412e-007,-0.00357149
1.413e-007,-0.00367256
1.414e-007,-0.00375307
1.415e-007,-0.00378733
1.416e-007,-0.00378733
1.417e-007,-0.00375649
1.418e-007,-0.00369825
1.419e-007,-0.00356807
1.42e-007,-0.00352011
1.421e-007,-0.003467
1.422e-007,-0.00344302
1.423e-007,-0.00344645
1.424e-007,-0.00345673
1.425e-007,-0.00348756
1.426e-007,-0.00350126
1.427e-007,-0.00348413
1.428e-007,-0.00346015
1.429e-007,-0.00346872
1.43e-007,-0.00349099
1.431e-007,-0.00350812
1.432e-007,-0.00352353
1.433e-007,-0.00351497
1.434e-007,-0.00351497
1.435e-007,-0.00348756
1.436e-007,-0.003467
1.437e-007,-0.00344987
1.438e-007,-0.00345159
1.439e-007,-0.00341562
1.44e-007,-0.00336423
1.441e-007,-0.00330256
1.442e-007,-0.00322719
1.443e-007,-0.00315696
1.444e-007,-0.00311585
1.445e-007,-0.00311928
1.446e-007,-0.00316724
1.447e-007,-0.00320321
1.448e-007,-0.00322034
1.449e-007,-0.0031758
1.45e-007,-0.00309872
1.451e-007,-0.0030028
1.452e-007,-0.00289659
1.453e-007,-0.00282122
1.454e-007,-0.00278525
1.455e-007,-0.00281608
1.456e-007,-0.00284349
1.457e-007,-0.00285548
1.458e-007,-0.00286405
1.459e-007,-0.00284863
1.46e-007,-0.00280581
1.461e-007,-0.00274071
1.462e-007,-0.00263794
1.463e-007,-0.00250947
1.464e-007,-0.00244266
1.465e-007,-0.00241526
1.466e-007,-0.00240669
1.467e-007,-0.0024478
1.468e-007,-0.0025009
1.469e-007,-0.0025403
1.47e-007,-0.00250947
1.471e-007,-0.00245294
1.472e-007,-0.00234331
1.473e-007,-0.00224567
1.474e-007,-0.00216859
1.475e-007,-0.0021035
1.476e-007,-0.00206239
1.477e-007,-0.00206581
1.478e-007,-0.0020641
1.479e-007,-0.00207438
1.48e-007,-0.00207095
1.481e-007,-0.00202813
1.482e-007,-0.00198017
1.483e-007,-0.00189281
1.484e-007,-0.00180373
1.485e-007,-0.00171637
1.486e-007,-0.00162901
1.487e-007,-0.00158961
1.488e-007,-0.00155022
1.489e-007,-0.00153309
1.49e-007,-0.00152281
1.491e-007,-0.00152795
1.492e-007,-0.00149883
1.493e-007,-0.00149198
1.494e-007,-0.00142175
1.495e-007,-0.00137892
1.496e-007,-0.00128814
1.497e-007,-0.00121791
1.498e-007,-0.00115624
1.499e-007,-0.00110142
1.5e-007,-0.00106374
1.501e-007,-0.00105518
1.502e-007,-0.00106888
1.503e-007,-0.00106374
1.504e-007,-0.00104147
1.505e-007,-0.000990083
1.506e-007,-0.00090101
1.507e-007,-0.000835918
1.508e-007,-0.000741706
1.509e-007,-0.000664623
1.51e-007,-0.000628652
1.511e-007,-0.000614948
1.512e-007,-0.000613235
1.513e-007,-0.000589254
1.514e-007,-0.000481338
1.515e-007,-0.00035458
1.516e-007,-0.000214118
1.517e-007,-7.36567e-005
1.518e-007,1.88424e-005
1.519e-007,4.96755e-005
1.52e-007,2.22683e-005
1.521e-007,5.13884e-006
1.522e-007,-1.54165e-005
1.523e-007,0
1.524e-007,4.11107e-005
1.525e-007,5.99531e-005
1.526e-007,8.39344e-005
1.527e-007,0.00010449
1.528e-007,0.0001456
1.529e-007,0.000195276
1.53e-007,0.000301479
1.531e-007,0.000431663
1.532e-007,0.000541291
1.533e-007,0.000630364
1.534e-007,0.00065092
1.535e-007,0.000647494
1.536e-007,0.000614948
1.537e-007,0.000580689
1.538e-007,0.000590967
1.539e-007,0.00063379
1.54e-007,0.000692031
1.541e-007,0.000793094
1.542e-007,0.000880455
1.543e-007,0.000962676
1.544e-007,0.000986657
1.545e-007,0.00101406
1.546e-007,0.0010055
1.547e-007,0.00105175
1.548e-007,0.00112883
1.549e-007,0.00121619
1.55e-007,0.00132411
1.551e-007,0.00139776
1.552e-007,0.00146114
1.553e-007,0.00145429
1.554e-007,0.001468
1.555e-007,0.00147142
1.556e-007,0.00152966
1.557e-007,0.00159818
1.558e-007,0.00166841
1.559e-007,0.0017198
1.56e-007,0.00173522
1.561e-007,0.00172494
1.562e-007,0.00170781
1.563e-007,0.0017335
1.564e-007,0.00176605
1.565e-007,0.00182943
1.566e-007,0.00187568
1.567e-007,0.00191679
1.568e-007,0.00195619
1.569e-007,0.00199387
1.57e-007,0.00202984
1.571e-007,0.00206753
1.572e-007,0.00210521
1.573e-007,0.00213262
1.574e-007,0.00218401
1.575e-007,0.00224053
1.576e-007,0.00231762
1.577e-007,0.00238442
1.578e-007,0.00242382
1.579e-007,0.00243238
1.58e-007,0.0024341
1.581e-007,0.0024084
1.582e-007,0.00239984
1.583e-007,0.00243924
1.584e-007,0.00247692
1.585e-007,0.00253345
1.586e-007,0.00258312
1.587e-007,0.00262937
1.588e-007,0.00265335
1.589e-007,0.00265849
1.59e-007,0.00266192
1.591e-007,0.0026465
1.592e-007,0.00266363
1.593e-007,0.0026859
1.594e-007,0.0027253
1.595e-007,0.00277326
1.596e-007,0.00278011
1.597e-007,0.00272359
1.598e-007,0.00270817
1.599e-007,0.0026328
1.6e-007,0.00258998
1.601e-007,0.00258484
1.602e-007,0.00261396
1.603e-007,0.00263965
1.604e-007,0.00269275
1.605e-007,0.00274414
1.606e-007,0.00282122
1.607e-007,0.00287775
1.608e-007,0.00293942
1.609e-007,0.00299423
1.61e-007,0.00304048
1.611e-007,0.00302849
1.612e-007,0.00299252
1.613e-007,0.00292571
1.614e-007,0.00286576
1.615e-007,0.00281608
1.616e-007,0.00283493
1.617e-007,0.00290173
1.618e-007,0.00300622
1.619e-007,0.00309701
1.62e-007,0.00314668
1.621e-007,0.00313983
1.622e-007,0.00310215
1.623e-007,0.00302506
1.624e-007,0.0029771
1.625e-007,0.00295312
1.626e-007,0.00297196
1.627e-007,0.00301136
1.628e-007,0.00302678
1.629e-007,0.00303534
1.63e-007,0.00301136
1.631e-007,0.00298567
1.632e-007,0.00296682
1.633e-007,0.00295655
1.634e-007,0.00297025
1.635e-007,0.0029771
1.636e-007,0.0029771
1.637e-007,0.00300965
1.638e-007,0.00303705
1.639e-007,0.00305761
1.64e-007,0.00306789
1.641e-007,0.00309872
1.642e-007,0.00310557
1.643e-007,0.003109
1.644e-007,0.00312955
1.645e-007,0.00318437
1.646e-007,0.00324432
1.647e-007,0.00327173
1.648e-007,0.00325289
1.649e-007,0.00318779
1.65e-007,0.00309529
1.651e-007,0.0030559
1.652e-007,0.00302678
1.653e-007,0.00305247
1.654e-007,0.00311242
1.655e-007,0.00315354
1.656e-007,0.00317066
1.657e-007,0.00316553
1.658e-007,0.00313127
1.659e-007,0.00306617
1.66e-007,0.0030028
1.661e-007,0.0029377
1.662e-007,0.00290858
1.663e-007,0.0029103
1.664e-007,0.00293257
1.665e-007,0.00299766
1.666e-007,0.00311756
1.667e-007,0.00316895
1.668e-007,0.00320492
1.669e-007,0.00320321
1.67e-007,0.0031758
1.671e-007,0.00315525
1.672e-007,0.00313469
1.673e-007,0.00313127
1.674e-007,0.00312784
1.675e-007,0.00309872
1.676e-007,0.00303705
1.677e-007,0.00294456
1.678e-007,0.0029103
1.679e-007,0.00291201
1.68e-007,0.00295997
1.681e-007,0.00302678
1.682e-007,0.00308673
1.683e-007,0.00310215
1.684e-007,0.00308502
1.685e-007,0.00301821
1.686e-007,0.00296511
1.687e-007,0.00291715
1.688e-007,0.00290516
1.689e-007,0.00290687
1.69e-007,0.00291201
1.691e-007,0.00289659
1.692e-007,0.00289317
1.693e-007,0.00286233
1.694e-007,0.00282808
1.695e-007,0.00280581
1.696e-007,0.00275442
1.697e-007,0.00269789
1.698e-007,0.00267734
1.699e-007,0.00266877
1.7e-007,0.00269618
1.701e-007,0.00273386
1.702e-007,0.00276812
1.703e-007,0.00277326
1.704e-007,0.00273044
1.705e-007,0.00265678
1.706e-007,0.00255058
1.707e-007,0.00248206
1.708e-007,0.00245465
1.709e-007,0.0024478
1.71e-007,0.0024735
1.711e-007,0.00251461
1.712e-007,0.00252317
1.713e-007,0.00253174
1.714e-007,0.00248206
1.715e-007,0.00240155
1.716e-007,0.00229706
1.717e-007,0.00220285
1.718e-007,0.00213262
1.719e-007,0.00210864
1.72e-007,0.00212063
1.721e-007,0.00214632
1.722e-007,0.00220628
1.723e-007,0.00225938
1.724e-007,0.00226623
1.725e-007,0.00224739
1.726e-007,0.00222169
1.727e-007,0.00218058
1.728e-007,0.00212405
1.729e-007,0.00205554
1.73e-007,0.00201956
1.731e-007,0.00200929
1.732e-007,0.00197674
1.733e-007,0.00195105
1.734e-007,0.00192535
1.735e-007,0.00186883
1.736e-007,0.00186026
1.737e-007,0.00180202
1.738e-007,0.00180202
1.739e-007,0.00181572
1.74e-007,0.00183457
1.741e-007,0.00184656
1.742e-007,0.00184998
1.743e-007,0.001826
1.744e-007,0.0017866
1.745e-007,0.00174721
1.746e-007,0.00166841
1.747e-007,0.00155878
1.748e-007,0.0014817
1.749e-007,0.00141147
1.75e-007,0.00139776
1.751e-007,0.00141489
1.752e-007,0.00144059
1.753e-007,0.00142175
1.754e-007,0.00140633
1.755e-007,0.00133267
1.756e-007,0.00127272
