LECROYWM8500,500500138,Waveform
Segments,1,SegmentSize,2002
Segment,TrigTime,TimeSinceSegment1
#1,21-Mar-2024 17:05:56,0                 
Time,Ampl
-2.45e-008,0.000304905
-2.44e-008,0.000287775
-2.43e-008,0.000289488
-2.42e-008,0.000306617
-2.41e-008,0.000344302
-2.4e-008,0.000385413
-2.39e-008,0.000397404
-2.38e-008,0.000363145
-2.37e-008,0.000315182
-2.36e-008,0.000236387
-2.35e-008,0.000155878
-2.34e-008,0.000135323
-2.33e-008,0.000101064
-2.32e-008,0.000126758
-2.31e-008,0.000176434
-2.3e-008,0.000246664
-2.29e-008,0.00029634
-2.28e-008,0.000306617
-2.27e-008,0.000291201
-2.26e-008,0.000234674
-2.25e-008,0.000188424
-2.24e-008,0.000186711
-2.23e-008,0.000203841
-2.22e-008,0.000258655
-2.21e-008,0.000322034
-2.2e-008,0.000368284
-2.19e-008,0.000380274
-2.18e-008,0.000351154
-2.17e-008,0.00030833
-2.16e-008,0.000280923
-2.15e-008,0.00027921
-2.14e-008,0.000304905
-2.13e-008,0.00030833
-2.12e-008,0.000328886
-2.11e-008,0.000299766
-2.1e-008,0.000272359
-2.09e-008,0.000260368
-2.08e-008,0.00025009
-2.07e-008,0.000270646
-2.06e-008,0.000280923
-2.05e-008,0.000284349
-2.04e-008,0.000243238
-2.03e-008,0.000183285
-2.02e-008,0.000161017
-2.01e-008,0.000169582
-2e-008,0.000219257
-1.99e-008,0.000268933
-1.98e-008,0.00030833
-1.97e-008,0.000280923
-1.96e-008,0.000241526
-1.95e-008,0.000176434
-1.94e-008,0.000107916
-1.93e-008,0.000113054
-1.92e-008,0.000152452
-1.91e-008,0.000188424
-1.9e-008,0.000214118
-1.89e-008,0.000215831
-1.88e-008,0.000188424
-1.87e-008,0.000164443
-1.86e-008,0.000131897
-1.85e-008,0.000102777
-1.84e-008,0.000109629
-1.83e-008,0.000142175
-1.82e-008,0.000166156
-1.81e-008,0.000207267
-1.8e-008,0.000263794
-1.79e-008,0.000340876
-1.78e-008,0.000399117
-1.77e-008,0.000455644
-1.76e-008,0.000445366
-1.75e-008,0.000414533
-1.74e-008,0.000364858
-1.73e-008,0.000310043
-1.72e-008,0.00027921
-1.71e-008,0.000260368
-1.7e-008,0.000255229
-1.69e-008,0.000251803
-1.68e-008,0.000224396
-1.67e-008,0.000190137
-1.66e-008,0.000164443
-1.65e-008,0.000131897
-1.64e-008,0.000130184
-1.63e-008,0.000135323
-1.62e-008,0.000186711
-1.61e-008,0.000212405
-1.6e-008,0.000251803
-1.59e-008,0.000265507
-1.58e-008,0.000239813
-1.57e-008,0.000202128
-1.56e-008,0.000167869
-1.55e-008,0.000176434
-1.54e-008,0.000173008
-1.53e-008,0.00020898
-1.52e-008,0.000212405
-1.51e-008,0.000205554
-1.5e-008,0.000193563
-1.49e-008,0.000143888
-1.48e-008,0.000167869
-1.47e-008,0.000183285
-1.46e-008,0.000236387
-1.45e-008,0.000287775
-1.44e-008,0.000306617
-1.43e-008,0.000322034
-1.42e-008,0.000301479
-1.41e-008,0.000289488
-1.4e-008,0.000306617
-1.39e-008,0.000323747
-1.38e-008,0.000334025
-1.37e-008,0.000332312
-1.36e-008,0.00030833
-1.35e-008,0.000275784
-1.34e-008,0.000262081
-1.33e-008,0.000253516
-1.32e-008,0.000243238
-1.31e-008,0.0002381
-1.3e-008,0.000253516
-1.29e-008,0.000292914
-1.28e-008,0.00030833
-1.27e-008,0.000320321
-1.26e-008,0.00032546
-1.25e-008,0.000310043
-1.24e-008,0.000274071
-1.23e-008,0.000282636
-1.22e-008,0.000298053
-1.21e-008,0.000334025
-1.2e-008,0.000392265
-1.19e-008,0.000407681
-1.18e-008,0.000373422
-1.17e-008,0.000351154
-1.16e-008,0.000292914
-1.15e-008,0.000294627
-1.14e-008,0.000340876
-1.13e-008,0.000405968
-1.12e-008,0.00048819
-1.11e-008,0.000489903
-1.1e-008,0.000436801
-1.09e-008,0.000371709
-1.08e-008,0.000306617
-1.07e-008,0.000334025
-1.06e-008,0.00041282
-1.05e-008,0.000549856
-1.04e-008,0.000676614
-1.03e-008,0.00079652
-1.02e-008,0.000849622
-1.01e-008,0.000851335
-1e-008,0.000849622
-9.9e-009,0.000856473
-9.8e-009,0.000892445
-9.7e-009,0.000935269
-9.6e-009,0.000991796
-9.5e-009,0.00101064
-9.4e-009,0.000993509
-9.3e-009,0.00097638
-9.2e-009,0.000923278
-9.1e-009,0.000894158
-9e-009,0.000878742
-8.9e-009,0.000902723
-8.8e-009,0.000923278
-8.7e-009,0.000945547
-8.6e-009,0.000936982
-8.5e-009,0.000865038
-8.4e-009,0.000791381
-8.3e-009,0.000712586
-8.2e-009,0.000656059
-8.1e-009,0.00063379
-8e-009,0.000652633
-7.9e-009,0.00066291
-7.8e-009,0.000697169
-7.7e-009,0.000717725
-7.6e-009,0.00070916
-7.5e-009,0.00068004
-7.4e-009,0.000602957
-7.3e-009,0.000496755
-7.2e-009,0.000390552
-7.1e-009,0.000282636
-7e-009,0.000215831
-6.9e-009,0.000229535
-6.8e-009,0.000292914
-6.7e-009,0.000419672
-6.6e-009,0.000541291
-6.5e-009,0.000606383
-6.4e-009,0.000613235
-6.3e-009,0.000573837
-6.2e-009,0.00047106
-6.1e-009,0.00035458
-6e-009,0.000277497
-5.9e-009,0.00019185
-5.8e-009,0.000190137
-5.7e-009,0.000272359
-5.6e-009,0.000469347
-5.5e-009,0.00084277
-5.4e-009,0.00138749
-5.3e-009,0.00213262
-5.2e-009,0.00310215
-5.1e-009,0.00421214
-5e-009,0.00543518
-4.9e-009,0.00666165
-4.8e-009,0.00784701
-4.7e-009,0.0089313
-4.6e-009,0.00994194
-4.5e-009,0.0108841
-4.4e-009,0.0118039
-4.3e-009,0.0127323
-4.2e-009,0.0135939
-4.1e-009,0.0144127
-4e-009,0.0150756
-3.9e-009,0.0155176
-3.8e-009,0.0156529
-3.7e-009,0.0154525
-3.6e-009,0.0149095
-3.5e-009,0.0139914
-3.4e-009,0.0127991
-3.3e-009,0.0113945
-3.2e-009,0.00991282
-3.1e-009,0.00845853
-3e-009,0.0071704
-2.9e-009,0.00613578
-2.8e-009,0.00541463
-2.7e-009,0.00503264
-2.6e-009,0.00493843
-2.5e-009,0.00510458
-2.4e-009,0.00544375
-2.3e-009,0.00589939
-2.2e-009,0.00642184
-2.1e-009,0.00694771
-2e-009,0.007489
-1.9e-009,0.00799946
-1.8e-009,0.00848423
-1.7e-009,0.00901524
-1.6e-009,0.00956167
-1.5e-009,0.0101269
-1.4e-009,0.0106751
-1.3e-009,0.0111016
-1.2e-009,0.0114048
-1.1e-009,0.0115829
-1e-009,0.0116155
-9e-010,0.0115795
-8e-010,0.0114562
-7e-010,0.0112523
-6e-010,0.0109029
-5e-010,0.0103565
-4e-010,0.00955482
-3e-010,0.00851335
-2e-010,0.00731086
-1e-010,0.00607754
4.138488e-023,0.00496412
1e-010,0.00410251
2e-010,0.00358348
3e-010,0.00341733
4e-010,0.00355436
5e-010,0.00389353
6e-010,0.00437829
7e-010,0.00491787
8e-010,0.00549685
9e-010,0.00606897
1e-009,0.00662739
1.1e-009,0.00717382
1.2e-009,0.00766201
1.3e-009,0.00812108
1.4e-009,0.00853904
1.5e-009,0.00892103
1.6e-009,0.00927903
1.7e-009,0.00962505
1.8e-009,0.00988028
1.9e-009,0.00997278
2e-009,0.00991454
2.1e-009,0.00965074
2.2e-009,0.00920538
2.3e-009,0.00859214
2.4e-009,0.00782132
2.5e-009,0.00695285
2.6e-009,0.00598332
2.7e-009,0.00499324
2.8e-009,0.00401857
2.9e-009,0.00316039
3e-009,0.00253687
3.1e-009,0.00211378
3.2e-009,0.00193906
3.3e-009,0.00198873
3.4e-009,0.00221313
3.5e-009,0.00257113
3.6e-009,0.00306617
3.7e-009,0.00362631
3.8e-009,0.00428408
3.9e-009,0.00495213
4e-009,0.00564587
4.1e-009,0.00629679
4.2e-009,0.00693058
4.3e-009,0.00745646
4.4e-009,0.00790696
4.5e-009,0.00818617
4.6e-009,0.00827525
4.7e-009,0.00820844
4.8e-009,0.00796349
4.9e-009,0.00757808
5e-009,0.00704878
5.1e-009,0.00646124
5.2e-009,0.00573152
5.3e-009,0.00500694
5.4e-009,0.00422584
5.5e-009,0.0034533
5.6e-009,0.00270988
5.7e-009,0.00200586
5.8e-009,0.00137721
5.9e-009,0.000882168
6e-009,0.000551569
6.1e-009,0.000399117
6.2e-009,0.000469347
6.3e-009,0.000789669
6.4e-009,0.00133096
6.5e-009,0.00203498
6.6e-009,0.00285891
6.7e-009,0.00375649
6.8e-009,0.00465236
6.9e-009,0.00550541
7e-009,0.00623855
7.1e-009,0.00680896
7.2e-009,0.00724748
7.3e-009,0.0075147
7.4e-009,0.00765173
7.5e-009,0.00762261
7.6e-009,0.00744447
7.7e-009,0.00708475
7.8e-009,0.00653661
7.9e-009,0.00585143
8e-009,0.00503264
8.1e-009,0.00417788
8.2e-009,0.00333682
8.3e-009,0.0025266
8.4e-009,0.0017729
8.5e-009,0.00111513
8.6e-009,0.00059268
8.7e-009,0.000231248
8.8e-009,8.56473e-005
8.9e-009,0.00011648
9e-009,0.000318608
9.1e-009,0.000652633
9.2e-009,0.0010723
9.3e-009,0.00159818
9.4e-009,0.00221141
9.5e-009,0.00288632
9.6e-009,0.00360918
9.7e-009,0.0042738
9.8e-009,0.00487676
9.9e-009,0.00535638
1e-008,0.00566472
1.01e-008,0.00583087
1.02e-008,0.00583601
1.03e-008,0.00572638
1.04e-008,0.00545916
1.05e-008,0.00509259
1.06e-008,0.00462667
1.07e-008,0.00412135
1.08e-008,0.00357492
1.09e-008,0.00300108
1.1e-008,0.00238785
1.11e-008,0.00175063
1.12e-008,0.00114254
1.13e-008,0.000565272
1.14e-008,7.19438e-005
1.15e-008,-0.000291201
1.16e-008,-0.000577263
1.17e-008,-0.000707447
1.18e-008,-0.000729715
1.19e-008,-0.000645781
1.2e-008,-0.000399117
1.21e-008,-4.28237e-005
1.22e-008,0.000472773
1.23e-008,0.00112712
1.24e-008,0.00183457
1.25e-008,0.00258312
1.26e-008,0.003294
1.27e-008,0.00393635
1.28e-008,0.00453074
1.29e-008,0.00500523
1.3e-008,0.00538722
1.31e-008,0.00560648
1.32e-008,0.00563046
1.33e-008,0.00544032
1.34e-008,0.00505148
1.35e-008,0.00448449
1.36e-008,0.00380788
1.37e-008,0.00305247
1.38e-008,0.0023022
1.39e-008,0.00159989
1.4e-008,0.00101064
1.41e-008,0.000536152
1.42e-008,0.000149026
1.43e-008,-0.000152452
1.44e-008,-0.000378561
1.45e-008,-0.00051731
1.46e-008,-0.00054643
1.47e-008,-0.000387126
1.48e-008,-6.5092e-005
1.49e-008,0.000421385
1.5e-008,0.00101578
1.51e-008,0.00168725
1.52e-008,0.00235188
1.53e-008,0.0030028
1.54e-008,0.00363487
1.55e-008,0.00421385
1.56e-008,0.00474144
1.57e-008,0.00515768
1.58e-008,0.00543175
1.59e-008,0.00553967
1.6e-008,0.00546087
1.61e-008,0.00527588
1.62e-008,0.00492986
1.63e-008,0.00450676
1.64e-008,0.00398603
1.65e-008,0.00337793
1.66e-008,0.00272701
1.67e-008,0.00206068
1.68e-008,0.00143545
1.69e-008,0.000822214
1.7e-008,0.00029634
1.71e-008,-0.000121619
1.72e-008,-0.000423098
1.73e-008,-0.00056356
1.74e-008,-0.000536152
1.75e-008,-0.000340876
1.76e-008,1.54165e-005
1.77e-008,0.000484764
1.78e-008,0.00103805
1.79e-008,0.00162387
1.8e-008,0.00225253
1.81e-008,0.00286233
1.82e-008,0.00345501
1.83e-008,0.00397746
1.84e-008,0.00440741
1.85e-008,0.00473972
1.86e-008,0.00495898
1.87e-008,0.00504805
1.88e-008,0.00502065
1.89e-008,0.00486306
1.9e-008,0.00457528
1.91e-008,0.00417959
1.92e-008,0.00371881
1.93e-008,0.00322548
1.94e-008,0.00270817
1.95e-008,0.00216516
1.96e-008,0.00162216
1.97e-008,0.0010723
1.98e-008,0.000573837
1.99e-008,0.000155878
2e-008,-0.000143888
2.01e-008,-0.000280923
2.02e-008,-0.00030833
2.03e-008,-0.000246664
2.04e-008,-7.19438e-005
2.05e-008,0.000202128
2.06e-008,0.000580689
2.07e-008,0.00105518
2.08e-008,0.00159818
2.09e-008,0.0022097
2.1e-008,0.00283493
2.11e-008,0.00340876
2.12e-008,0.00390381
2.13e-008,0.00428065
2.14e-008,0.00451019
2.15e-008,0.00462153
2.16e-008,0.00457871
2.17e-008,0.00442283
2.18e-008,0.00417103
2.19e-008,0.00381473
2.2e-008,0.00343446
2.21e-008,0.00299766
2.22e-008,0.002554
2.23e-008,0.00213947
2.24e-008,0.00169924
2.25e-008,0.00128471
2.26e-008,0.000863325
2.27e-008,0.00051731
2.28e-008,0.000251803
2.29e-008,7.70826e-005
2.3e-008,1.88424e-005
2.31e-008,0.000111342
2.32e-008,0.000294627
2.33e-008,0.000566985
2.34e-008,0.000924991
2.35e-008,0.00134638
2.36e-008,0.00182086
2.37e-008,0.00231933
2.38e-008,0.00280752
2.39e-008,0.00324775
2.4e-008,0.00364001
2.41e-008,0.00399973
2.42e-008,0.00430977
2.43e-008,0.00454274
2.44e-008,0.00470204
2.45e-008,0.00475514
2.46e-008,0.00467634
2.47e-008,0.00443996
2.48e-008,0.00409052
2.49e-008,0.00367085
2.5e-008,0.00322205
2.51e-008,0.00278525
2.52e-008,0.00235359
2.53e-008,0.00194419
2.54e-008,0.00157249
2.55e-008,0.00124703
2.56e-008,0.000943834
2.57e-008,0.000717725
2.58e-008,0.000587541
2.59e-008,0.000590967
2.6e-008,0.000693743
2.61e-008,0.000906149
2.62e-008,0.00118365
2.63e-008,0.00154165
2.64e-008,0.00197674
2.65e-008,0.00243581
2.66e-008,0.00296511
2.67e-008,0.00350469
2.68e-008,0.00400144
2.69e-008,0.0044057
2.7e-008,0.00472431
2.71e-008,0.00490074
2.72e-008,0.00492644
2.73e-008,0.00480995
2.74e-008,0.00459412
2.75e-008,0.00429778
2.76e-008,0.00392436
2.77e-008,0.00348242
2.78e-008,0.00296682
2.79e-008,0.00242382
2.8e-008,0.00187225
2.81e-008,0.00133781
2.82e-008,0.000878742
2.83e-008,0.000498468
2.84e-008,0.0002381
2.85e-008,8.05085e-005
2.86e-008,1.88424e-005
2.87e-008,4.45366e-005
2.88e-008,0.000149026
2.89e-008,0.000315182
2.9e-008,0.00057555
2.91e-008,0.000880455
2.92e-008,0.00123675
2.93e-008,0.00160503
2.94e-008,0.00199216
2.95e-008,0.00233475
2.96e-008,0.00260368
2.97e-008,0.00280067
2.98e-008,0.00292057
2.99e-008,0.00300622
3e-008,0.00303363
3.01e-008,0.00301993
3.02e-008,0.00295826
3.03e-008,0.00280238
3.04e-008,0.00255914
3.05e-008,0.00222683
3.06e-008,0.00184484
3.07e-008,0.00146628
3.08e-008,0.00112712
3.09e-008,0.00082564
3.1e-008,0.000561847
3.11e-008,0.000315182
3.12e-008,6.5092e-005
3.13e-008,-0.000167869
3.14e-008,-0.000373422
3.15e-008,-0.000467634
3.16e-008,-0.000496755
3.17e-008,-0.000397404
3.18e-008,-0.000171295
3.19e-008,0.000121619
3.2e-008,0.000448792
3.21e-008,0.00079652
3.22e-008,0.001098
3.23e-008,0.00139948
3.24e-008,0.00165985
3.25e-008,0.00193049
3.26e-008,0.00212234
3.27e-008,0.00228336
3.28e-008,0.00236044
3.29e-008,0.00233132
3.3e-008,0.00219942
3.31e-008,0.00198873
3.32e-008,0.00173179
3.33e-008,0.001468
3.34e-008,0.00113226
3.35e-008,0.000810224
3.36e-008,0.00045907
3.37e-008,7.19438e-005
3.38e-008,-0.000272359
3.39e-008,-0.0006218
3.4e-008,-0.000938695
3.41e-008,-0.00114082
3.42e-008,-0.00128471
3.43e-008,-0.00133952
3.44e-008,-0.00132411
3.45e-008,-0.00121448
3.46e-008,-0.00103633
3.47e-008,-0.000847909
3.48e-008,-0.00063379
3.49e-008,-0.000411107
3.5e-008,-0.000188424
3.51e-008,3.93978e-005
3.52e-008,0.000292914
3.53e-008,0.00051731
3.54e-008,0.000721151
3.55e-008,0.00085476
3.56e-008,0.000921565
3.57e-008,0.000899297
3.58e-008,0.000811937
3.59e-008,0.000683466
3.6e-008,0.00050018
3.61e-008,0.000284349
3.62e-008,2.22683e-005
3.63e-008,-0.000294627
3.64e-008,-0.000642355
3.65e-008,-0.000979806
3.66e-008,-0.00128985
3.67e-008,-0.00155364
3.68e-008,-0.0017729
3.69e-008,-0.00195961
3.7e-008,-0.00211206
3.71e-008,-0.00225766
3.72e-008,-0.00237757
3.73e-008,-0.00239641
3.74e-008,-0.00235016
3.75e-008,-0.00216345
3.76e-008,-0.0019048
3.77e-008,-0.00162387
3.78e-008,-0.00134466
3.79e-008,-0.00109457
3.8e-008,-0.000913001
3.81e-008,-0.000750271
3.82e-008,-0.000637216
3.83e-008,-0.000508745
3.84e-008,-0.000378561
3.85e-008,-0.000322034
3.86e-008,-0.00032546
3.87e-008,-0.000421385
3.88e-008,-0.000628652
3.89e-008,-0.000950686
3.9e-008,-0.00130698
3.91e-008,-0.00163415
3.92e-008,-0.00191679
3.93e-008,-0.00214975
3.94e-008,-0.00233303
3.95e-008,-0.00250775
3.96e-008,-0.00268761
3.97e-008,-0.00286576
3.98e-008,-0.00300965
3.99e-008,-0.00309358
4e-008,-0.00309187
4.01e-008,-0.00300108
4.02e-008,-0.0028572
4.03e-008,-0.00271673
4.04e-008,-0.00256086
4.05e-008,-0.0024084
4.06e-008,-0.0022628
4.07e-008,-0.00209322
4.08e-008,-0.00190994
4.09e-008,-0.00169753
4.1e-008,-0.00148855
4.11e-008,-0.00132753
4.12e-008,-0.00118879
4.13e-008,-0.00112712
4.14e-008,-0.00110485
4.15e-008,-0.0011374
4.16e-008,-0.00121448
4.17e-008,-0.00136008
4.18e-008,-0.00158276
4.19e-008,-0.00187396
4.2e-008,-0.00217202
4.21e-008,-0.0024615
4.22e-008,-0.00266877
4.23e-008,-0.00281266
4.24e-008,-0.00289831
4.25e-008,-0.0029771
4.26e-008,-0.00307131
4.27e-008,-0.00316381
4.28e-008,-0.00324432
4.29e-008,-0.00324775
4.3e-008,-0.00316895
4.31e-008,-0.00302164
4.32e-008,-0.0028178
4.33e-008,-0.00262081
4.34e-008,-0.00244095
4.35e-008,-0.00229021
4.36e-008,-0.00213776
4.37e-008,-0.00198017
4.38e-008,-0.00182429
4.39e-008,-0.00171466
4.4e-008,-0.0016667
4.41e-008,-0.00169924
4.42e-008,-0.00179859
4.43e-008,-0.00191336
4.44e-008,-0.00203327
4.45e-008,-0.00213091
4.46e-008,-0.00220799
4.47e-008,-0.00230391
4.48e-008,-0.00244095
4.49e-008,-0.00262766
4.5e-008,-0.00287261
4.51e-008,-0.00310043
4.52e-008,-0.00328886
4.53e-008,-0.00337793
4.54e-008,-0.00340191
4.55e-008,-0.00336594
4.56e-008,-0.00328543
4.57e-008,-0.00321178
4.58e-008,-0.00318608
4.59e-008,-0.00317238
4.6e-008,-0.00314326
4.61e-008,-0.00311242
4.62e-008,-0.00300793
4.63e-008,-0.0028709
4.64e-008,-0.0026465
4.65e-008,-0.0023947
4.66e-008,-0.00216516
4.67e-008,-0.00200757
4.68e-008,-0.00188595
4.69e-008,-0.00186197
4.7e-008,-0.00183799
4.71e-008,-0.00184827
4.72e-008,-0.00186883
4.73e-008,-0.00192021
4.74e-008,-0.00200415
4.75e-008,-0.00212748
4.76e-008,-0.00227137
4.77e-008,-0.00242553
4.78e-008,-0.00257627
4.79e-008,-0.00271159
4.8e-008,-0.00279553
4.81e-008,-0.00284863
4.82e-008,-0.00285377
4.83e-008,-0.00281437
4.84e-008,-0.00275271
4.85e-008,-0.00264822
4.86e-008,-0.00259511
4.87e-008,-0.00251974
4.88e-008,-0.00245637
4.89e-008,-0.00232618
4.9e-008,-0.00218572
4.91e-008,-0.0020247
4.92e-008,-0.0018517
4.93e-008,-0.00170096
4.94e-008,-0.00155536
4.95e-008,-0.00141832
4.96e-008,-0.00128471
4.97e-008,-0.0011905
4.98e-008,-0.00111513
4.99e-008,-0.00106545
5e-008,-0.00104832
5.01e-008,-0.00106888
5.02e-008,-0.00110999
5.03e-008,-0.00116823
5.04e-008,-0.00121105
5.05e-008,-0.0012967
5.06e-008,-0.00132239
5.07e-008,-0.00138577
5.08e-008,-0.00144059
5.09e-008,-0.00151767
5.1e-008,-0.00156906
5.11e-008,-0.00160674
5.12e-008,-0.00165985
5.13e-008,-0.00165642
5.14e-008,-0.00162387
5.15e-008,-0.00152281
5.16e-008,-0.00136864
5.17e-008,-0.00119221
5.18e-008,-0.000984944
5.19e-008,-0.00079652
5.2e-008,-0.000625226
5.21e-008,-0.000474486
5.22e-008,-0.000351154
5.23e-008,-0.000222683
5.24e-008,-0.000131897
5.25e-008,-2.05554e-005
5.26e-008,8.39344e-005
5.27e-008,0.000176434
5.28e-008,0.000215831
5.29e-008,0.000210692
5.3e-008,0.0001456
5.31e-008,4.11107e-005
5.32e-008,-5.82402e-005
5.33e-008,-0.000137036
5.34e-008,-0.000184998
5.35e-008,-0.000212405
5.36e-008,-0.000246664
5.37e-008,-0.000268933
5.38e-008,-0.000323747
5.39e-008,-0.000371709
5.4e-008,-0.000414533
5.41e-008,-0.000409394
5.42e-008,-0.000330599
5.43e-008,-0.000231248
5.44e-008,-9.5925e-005
5.45e-008,6.16661e-005
5.46e-008,0.000219257
5.47e-008,0.000380274
5.48e-008,0.000543004
5.49e-008,0.000700595
5.5e-008,0.000868464
5.51e-008,0.00098837
5.52e-008,0.00107059
5.53e-008,0.00109971
5.54e-008,0.00106031
5.55e-008,0.000998648
5.56e-008,0.000943834
5.57e-008,0.000942121
5.58e-008,0.00097638
5.59e-008,0.00103976
5.6e-008,0.00105689
5.61e-008,0.00105175
5.62e-008,0.000986657
5.63e-008,0.000875316
5.64e-008,0.000765687
5.65e-008,0.000695456
5.66e-008,0.000697169
5.67e-008,0.000789669
5.68e-008,0.000894158
5.69e-008,0.00100379
5.7e-008,0.00109286
5.71e-008,0.00113911
5.72e-008,0.00114425
5.73e-008,0.00116309
5.74e-008,0.00120934
5.75e-008,0.00129499
5.76e-008,0.00144401
5.77e-008,0.00161017
5.78e-008,0.00176947
5.79e-008,0.00190651
5.8e-008,0.00200415
5.81e-008,0.0020778
5.82e-008,0.00214632
5.83e-008,0.00219942
5.84e-008,0.0022491
5.85e-008,0.00233475
5.86e-008,0.00237586
5.87e-008,0.00240498
5.88e-008,0.0023947
5.89e-008,0.00235188
5.9e-008,0.00229877
5.91e-008,0.0022885
5.92e-008,0.00227651
5.93e-008,0.00231762
5.94e-008,0.00237757
5.95e-008,0.00242039
5.96e-008,0.00247692
5.97e-008,0.00250947
5.98e-008,0.00253002
5.99e-008,0.00253516
6e-008,0.00256086
6.01e-008,0.00260197
6.02e-008,0.00266706
6.03e-008,0.00277669
6.04e-008,0.00286233
6.05e-008,0.00299081
6.06e-008,0.00310386
6.07e-008,0.00318779
6.08e-008,0.0032546
6.09e-008,0.00331284
6.1e-008,0.00335052
6.11e-008,0.0033865
6.12e-008,0.00342589
6.13e-008,0.00344987
6.14e-008,0.0034533
6.15e-008,0.0034533
6.16e-008,0.00342932
6.17e-008,0.00338478
6.18e-008,0.00332483
6.19e-008,0.0032152
6.2e-008,0.00309358
6.21e-008,0.00295655
6.22e-008,0.00284349
6.23e-008,0.00276641
6.24e-008,0.00275442
6.25e-008,0.00281608
6.26e-008,0.00291544
6.27e-008,0.00302849
6.28e-008,0.00311585
6.29e-008,0.00318094
6.3e-008,0.00319122
6.31e-008,0.00318779
6.32e-008,0.00319465
6.33e-008,0.00318951
6.34e-008,0.00326145
6.35e-008,0.00334025
6.36e-008,0.00344987
6.37e-008,0.00352696
6.38e-008,0.00358006
6.39e-008,0.00355265
6.4e-008,0.00348756
6.41e-008,0.00337108
6.42e-008,0.00329571
6.43e-008,0.00325117
6.44e-008,0.00323404
6.45e-008,0.00321349
6.46e-008,0.00319122
6.47e-008,0.00313641
6.48e-008,0.00307645
6.49e-008,0.00302335
6.5e-008,0.00294113
6.51e-008,0.00291886
6.52e-008,0.00285891
6.53e-008,0.00279553
6.54e-008,0.00277155
6.55e-008,0.00274071
6.56e-008,0.00274414
6.57e-008,0.00279553
6.58e-008,0.00287946
6.59e-008,0.0029771
6.6e-008,0.00303363
6.61e-008,0.00309701
6.62e-008,0.00312099
6.63e-008,0.0031484
6.64e-008,0.00313127
6.65e-008,0.00309358
6.66e-008,0.0030559
6.67e-008,0.00300793
6.68e-008,0.00296169
6.69e-008,0.00292229
6.7e-008,0.00290516
6.71e-008,0.00287261
6.72e-008,0.0028452
6.73e-008,0.0028452
6.74e-008,0.00282636
6.75e-008,0.00279896
6.76e-008,0.00273558
6.77e-008,0.00264136
6.78e-008,0.00251632
6.79e-008,0.00241697
6.8e-008,0.00230734
6.81e-008,0.00224396
6.82e-008,0.00220456
6.83e-008,0.00219257
6.84e-008,0.00220799
6.85e-008,0.00223368
6.86e-008,0.00229192
6.87e-008,0.00233303
6.88e-008,0.00235701
6.89e-008,0.0023416
6.9e-008,0.00227651
6.91e-008,0.00217373
6.92e-008,0.00207438
6.93e-008,0.00200072
6.94e-008,0.00196132
6.95e-008,0.0019716
6.96e-008,0.00198017
6.97e-008,0.0019973
6.98e-008,0.00198359
6.99e-008,0.00194248
7e-008,0.00188424
7.01e-008,0.00179859
7.02e-008,0.00172836
7.03e-008,0.00164614
7.04e-008,0.0015485
7.05e-008,0.001468
7.06e-008,0.00137036
7.07e-008,0.00127272
7.08e-008,0.00119735
7.09e-008,0.00112369
7.1e-008,0.00106374
7.11e-008,0.00102948
7.12e-008,0.000998648
7.13e-008,0.000960963
7.14e-008,0.000924991
7.15e-008,0.000919852
7.16e-008,0.000902723
7.17e-008,0.000889019
7.18e-008,0.000856473
7.19e-008,0.000832492
7.2e-008,0.00081365
7.21e-008,0.000774252
7.22e-008,0.00078453
7.23e-008,0.000789669
7.24e-008,0.000779391
7.25e-008,0.000726289
7.26e-008,0.000719438
7.27e-008,0.000673188
7.28e-008,0.000640642
7.29e-008,0.000649207
7.3e-008,0.000616661
7.31e-008,0.000548143
7.32e-008,0.000447079
7.33e-008,0.000289488
7.34e-008,0.000123332
7.35e-008,6.85179e-006
7.36e-008,-6.68049e-005
7.37e-008,-6.85179e-005
7.38e-008,5.13884e-006
7.39e-008,6.85179e-005
7.4e-008,0.000135323
7.41e-008,0.000152452
7.42e-008,0.000135323
7.43e-008,5.65272e-005
7.44e-008,6.85179e-006
7.45e-008,-5.65272e-005
7.46e-008,-6.5092e-005
7.47e-008,-2.91201e-005
7.48e-008,-2.74071e-005
7.49e-008,3.42589e-006
7.5e-008,4.28237e-005
7.51e-008,4.62496e-005
7.52e-008,5.48143e-005
7.53e-008,7.53697e-005
7.54e-008,0.00010449
7.55e-008,0.000102777
7.56e-008,7.36567e-005
7.57e-008,1.19906e-005
7.58e-008,-6.5092e-005
7.59e-008,-9.93509e-005
7.6e-008,-0.00013361
7.61e-008,-0.00011648
7.62e-008,-0.000102777
7.63e-008,-9.24991e-005
7.64e-008,-8.56473e-005
7.65e-008,-0.00010449
7.66e-008,-0.00011648
7.67e-008,-0.000138749
7.68e-008,-0.000128471
7.69e-008,-0.000118193
7.7e-008,-7.53697e-005
7.71e-008,-2.74071e-005
7.72e-008,1.19906e-005
7.73e-008,3.0833e-005
7.74e-008,6.3379e-005
7.75e-008,5.65272e-005
7.76e-008,5.48143e-005
7.77e-008,8.73603e-005
7.78e-008,0.000138749
7.79e-008,0.000188424
7.8e-008,0.000248377
7.81e-008,0.000323747
7.82e-008,0.000380274
7.83e-008,0.000381987
7.84e-008,0.000368284
7.85e-008,0.000311756
7.86e-008,0.000292914
7.87e-008,0.000251803
7.88e-008,0.00025009
7.89e-008,0.000294627
7.9e-008,0.000366571
7.91e-008,0.000443653
7.92e-008,0.000491616
7.93e-008,0.000503606
7.94e-008,0.000513884
7.95e-008,0.000529301
7.96e-008,0.000556708
7.97e-008,0.00063379
7.98e-008,0.000712586
7.99e-008,0.000765687
8e-008,0.000799946
8.01e-008,0.000798233
8.02e-008,0.000818789
8.03e-008,0.000858186
8.04e-008,0.00093013
8.05e-008,0.00100207
8.06e-008,0.00106717
8.07e-008,0.00108943
8.08e-008,0.00102092
8.09e-008,0.000940408
8.1e-008,0.000832492
8.11e-008,0.000794807
8.12e-008,0.000799946
8.13e-008,0.000887306
8.14e-008,0.0010055
8.15e-008,0.00114082
8.16e-008,0.00126415
8.17e-008,0.0013498
8.18e-008,0.00137036
8.19e-008,0.00135152
8.2e-008,0.00131726
8.21e-008,0.00127272
8.22e-008,0.00127272
8.23e-008,0.00132411
8.24e-008,0.00144744
8.25e-008,0.00157077
8.26e-008,0.00168897
8.27e-008,0.0017866
8.28e-008,0.00186883
8.29e-008,0.00190137
8.3e-008,0.00195276
8.31e-008,0.00198017
8.32e-008,0.00200415
8.33e-008,0.0020504
8.34e-008,0.00206581
8.35e-008,0.0021172
8.36e-008,0.00220456
8.37e-008,0.00229535
8.38e-008,0.00237243
8.39e-008,0.00245123
8.4e-008,0.00250433
8.41e-008,0.002554
8.42e-008,0.00261224
8.43e-008,0.00266535
8.44e-008,0.00271845
8.45e-008,0.00274071
8.46e-008,0.00281608
8.47e-008,0.00282294
8.48e-008,0.00286233
8.49e-008,0.00292743
8.5e-008,0.00300622
8.51e-008,0.00308844
8.52e-008,0.00316039
8.53e-008,0.0032409
8.54e-008,0.00328201
8.55e-008,0.00332997
8.56e-008,0.00332312
8.57e-008,0.00332483
8.58e-008,0.0033214
8.59e-008,0.00333682
8.6e-008,0.00340191
8.61e-008,0.00351668
8.62e-008,0.00366571
8.63e-008,0.0038233
8.64e-008,0.00393464
8.65e-008,0.00400144
8.66e-008,0.00401172
8.67e-008,0.00400316
8.68e-008,0.004022
8.69e-008,0.00405797
8.7e-008,0.00413848
8.71e-008,0.00426524
8.72e-008,0.00440227
8.73e-008,0.00454445
8.74e-008,0.00463866
8.75e-008,0.0046969
8.76e-008,0.00472088
8.77e-008,0.00472088
8.78e-008,0.00470547
8.79e-008,0.0047106
8.8e-008,0.00473972
8.81e-008,0.00479454
8.82e-008,0.00489903
8.83e-008,0.00501893
8.84e-008,0.00512
8.85e-008,0.00521764
8.86e-008,0.00527588
8.87e-008,0.0053324
8.88e-008,0.0053718
8.89e-008,0.00538893
8.9e-008,0.00543347
8.91e-008,0.00547287
8.92e-008,0.00552939
8.93e-008,0.00562703
8.94e-008,0.0057161
8.95e-008,0.00582916
8.96e-008,0.00590624
8.97e-008,0.00599531
8.98e-008,0.00605184
8.99e-008,0.00606041
9e-008,0.00605698
9.01e-008,0.00605184
9.02e-008,0.00601758
9.03e-008,0.00599531
9.04e-008,0.00600902
9.05e-008,0.00604156
9.06e-008,0.00613406
9.07e-008,0.00622999
9.08e-008,0.00629679
9.09e-008,0.00637045
9.1e-008,0.00638587
9.11e-008,0.00638929
9.12e-008,0.00636874
9.13e-008,0.00636188
9.14e-008,0.00641156
9.15e-008,0.00651262
9.16e-008,0.00661369
9.17e-008,0.00672503
9.18e-008,0.00681239
9.19e-008,0.00686892
9.2e-008,0.00689461
9.21e-008,0.00692202
9.22e-008,0.00694257
9.23e-008,0.00696827
9.24e-008,0.00698711
9.25e-008,0.00700253
9.26e-008,0.00699225
9.27e-008,0.00700767
9.28e-008,0.00703679
9.29e-008,0.00701623
9.3e-008,0.00704535
9.31e-008,0.00707104
9.32e-008,0.00711729
9.33e-008,0.00714813
9.34e-008,0.00714984
9.35e-008,0.00713271
9.36e-008,0.00711216
9.37e-008,0.0070916
9.38e-008,0.00709503
9.39e-008,0.00711387
9.4e-008,0.00719438
9.41e-008,0.00727831
9.42e-008,0.00736567
9.43e-008,0.00743933
9.44e-008,0.00748729
9.45e-008,0.00748044
9.46e-008,0.00745988
9.47e-008,0.00745303
9.48e-008,0.00745303
9.49e-008,0.00747016
9.5e-008,0.00748044
9.51e-008,0.00748558
9.52e-008,0.00749928
9.53e-008,0.00751298
9.54e-008,0.00753354
9.55e-008,0.00757808
9.56e-008,0.00760377
9.57e-008,0.00764146
9.58e-008,0.00761405
9.59e-008,0.0075541
9.6e-008,0.00750442
9.61e-008,0.00744618
9.62e-008,0.00736738
9.63e-008,0.00733998
9.64e-008,0.00729544
9.65e-008,0.00725947
9.66e-008,0.00722521
9.67e-008,0.00721322
9.68e-008,0.0072509
9.69e-008,0.00730401
9.7e-008,0.00735368
9.71e-008,0.00735882
9.72e-008,0.00731771
9.73e-008,0.00721493
9.74e-008,0.00710188
9.75e-008,0.0070385
9.76e-008,0.00702308
9.77e-008,0.00705563
9.78e-008,0.00714641
9.79e-008,0.0072372
9.8e-008,0.007316
9.81e-008,0.00735026
9.82e-008,0.00734854
9.83e-008,0.00731942
9.84e-008,0.00731257
9.85e-008,0.00730401
9.86e-008,0.00728002
9.87e-008,0.0072235
9.88e-008,0.0071704
9.89e-008,0.00704535
9.9e-008,0.00697512
9.91e-008,0.00688091
9.92e-008,0.00686207
9.93e-008,0.00690146
9.94e-008,0.00692716
9.95e-008,0.00697169
9.96e-008,0.00699396
9.97e-008,0.00697169
9.98e-008,0.00692373
9.99e-008,0.00689975
1e-007,0.00688776
1.001e-007,0.00692031
1.002e-007,0.00693572
1.003e-007,0.00697341
1.004e-007,0.00699225
1.005e-007,0.00697341
1.006e-007,0.00688262
1.007e-007,0.00680211
1.008e-007,0.00671304
1.009e-007,0.00667022
1.01e-007,0.00666165
1.011e-007,0.00668392
1.012e-007,0.00671989
1.013e-007,0.00676614
1.014e-007,0.00679355
1.015e-007,0.00678841
1.016e-007,0.00676957
1.017e-007,0.00673702
1.018e-007,0.00671133
1.019e-007,0.00663596
1.02e-007,0.00655887
1.021e-007,0.00647837
1.022e-007,0.00639272
1.023e-007,0.00632763
1.024e-007,0.00631221
1.025e-007,0.00634133
1.026e-007,0.00641499
1.027e-007,0.00646637
1.028e-007,0.00648864
1.029e-007,0.00647837
1.03e-007,0.00637388
1.031e-007,0.00627624
1.032e-007,0.00620601
1.033e-007,0.00616832
1.034e-007,0.00613578
1.035e-007,0.00613235
1.036e-007,0.00611693
1.037e-007,0.00607925
1.038e-007,0.00601073
1.039e-007,0.00590795
1.04e-007,0.0058086
1.041e-007,0.00574351
1.042e-007,0.00572296
1.043e-007,0.00572809
1.044e-007,0.00570069
1.045e-007,0.0057024
1.046e-007,0.00566472
1.047e-007,0.0056356
1.048e-007,0.00559106
1.049e-007,0.00558249
1.05e-007,0.00554995
1.051e-007,0.0055037
1.052e-007,0.00543518
1.053e-007,0.00532726
1.054e-007,0.00518852
1.055e-007,0.00506518
1.056e-007,0.00495042
1.057e-007,0.0048956
1.058e-007,0.00490417
1.059e-007,0.00492472
1.06e-007,0.00493843
1.061e-007,0.00494356
1.062e-007,0.00489732
1.063e-007,0.00483051
1.064e-007,0.0047363
1.065e-007,0.00464722
1.066e-007,0.004565
1.067e-007,0.00450162
1.068e-007,0.00443139
1.069e-007,0.00440056
1.07e-007,0.00436288
1.071e-007,0.00433033
1.072e-007,0.00430806
1.073e-007,0.00424126
1.074e-007,0.00417616
1.075e-007,0.0041145
1.076e-007,0.00401857
1.077e-007,0.00395006
1.078e-007,0.00385756
1.079e-007,0.00375135
1.08e-007,0.00364515
1.081e-007,0.0035064
1.082e-007,0.0034002
1.083e-007,0.00332654
1.084e-007,0.00327173
1.085e-007,0.0032546
1.086e-007,0.0032409
1.087e-007,0.00326488
1.088e-007,0.00324603
1.089e-007,0.00319293
1.09e-007,0.0031227
1.091e-007,0.00304562
1.092e-007,0.002924
1.093e-007,0.00279039
1.094e-007,0.00268076
1.095e-007,0.00256086
1.096e-007,0.00244095
1.097e-007,0.0023553
1.098e-007,0.00228336
1.099e-007,0.00223882
1.1e-007,0.00222169
1.101e-007,0.00222854
1.102e-007,0.00223197
1.103e-007,0.0022097
1.104e-007,0.00213776
1.105e-007,0.0020247
1.106e-007,0.00192193
1.107e-007,0.00185855
1.108e-007,0.00183628
1.109e-007,0.001826
1.11e-007,0.00181744
1.111e-007,0.00176434
1.112e-007,0.00171123
1.113e-007,0.00161702
1.114e-007,0.00151938
1.115e-007,0.00145943
1.116e-007,0.00143202
1.117e-007,0.00141832
1.118e-007,0.00139091
1.119e-007,0.00137378
1.12e-007,0.00133096
1.121e-007,0.0012967
1.122e-007,0.0012436
1.123e-007,0.00116309
1.124e-007,0.00107916
1.125e-007,0.00095925
1.126e-007,0.000832492
1.127e-007,0.000721151
1.128e-007,0.000630364
1.129e-007,0.000566985
1.13e-007,0.000551569
1.131e-007,0.000524162
1.132e-007,0.000507032
1.133e-007,0.000460783
1.134e-007,0.000397404
1.135e-007,0.000289488
1.136e-007,0.000154165
1.137e-007,4.28237e-005
1.138e-007,-6.68049e-005
1.139e-007,-0.000109629
1.14e-007,-0.000107916
1.141e-007,-8.05085e-005
1.142e-007,-4.11107e-005
1.143e-007,-4.11107e-005
1.144e-007,-4.96755e-005
1.145e-007,-0.000118193
1.146e-007,-0.000203841
1.147e-007,-0.000298053
1.148e-007,-0.000399117
1.149e-007,-0.000469347
1.15e-007,-0.000498468
1.151e-007,-0.000527588
1.152e-007,-0.000534439
1.153e-007,-0.000566985
1.154e-007,-0.000590967
1.155e-007,-0.000645781
1.156e-007,-0.000705734
1.157e-007,-0.000801659
1.158e-007,-0.000878742
1.159e-007,-0.000940408
1.16e-007,-0.000942121
1.161e-007,-0.00093013
1.162e-007,-0.000904436
1.163e-007,-0.00091814
1.164e-007,-0.000948973
1.165e-007,-0.00101578
1.166e-007,-0.0010843
1.167e-007,-0.00116823
1.168e-007,-0.00122304
1.169e-007,-0.00127443
1.17e-007,-0.00128642
1.171e-007,-0.00130698
1.172e-007,-0.00129499
1.173e-007,-0.0012967
1.174e-007,-0.00128642
1.175e-007,-0.00130355
1.176e-007,-0.00133439
1.177e-007,-0.00137207
1.178e-007,-0.00143716
1.179e-007,-0.00149198
1.18e-007,-0.00156906
1.181e-007,-0.00163415
1.182e-007,-0.00170096
1.183e-007,-0.00176776
1.184e-007,-0.0018123
1.185e-007,-0.00180373
1.186e-007,-0.0017335
1.187e-007,-0.00165642
1.188e-007,-0.00159818
1.189e-007,-0.00155707
1.19e-007,-0.00161702
1.191e-007,-0.00170952
1.192e-007,-0.00184142
1.193e-007,-0.00196989
1.194e-007,-0.00204868
1.195e-007,-0.00206239
1.196e-007,-0.0020247
1.197e-007,-0.00197845
1.198e-007,-0.00193906
1.199e-007,-0.00193049
1.2e-007,-0.00194762
1.201e-007,-0.00202128
1.202e-007,-0.00207952
1.203e-007,-0.00213947
1.204e-007,-0.00216688
1.205e-007,-0.00216003
1.206e-007,-0.00211035
1.207e-007,-0.00206924
1.208e-007,-0.00203498
1.209e-007,-0.0020247
1.21e-007,-0.00203841
1.211e-007,-0.00207952
1.212e-007,-0.00211892
1.213e-007,-0.00217716
1.214e-007,-0.00220628
1.215e-007,-0.0022354
1.216e-007,-0.00223882
1.217e-007,-0.00223882
1.218e-007,-0.00225081
1.219e-007,-0.0022628
1.22e-007,-0.00227822
1.221e-007,-0.00233303
1.222e-007,-0.00241012
1.223e-007,-0.00250604
1.224e-007,-0.00258312
1.225e-007,-0.00263965
1.226e-007,-0.00266363
1.227e-007,-0.00263623
1.228e-007,-0.00257113
1.229e-007,-0.00248549
1.23e-007,-0.00241354
1.231e-007,-0.00233817
1.232e-007,-0.00234331
1.233e-007,-0.00238956
1.234e-007,-0.00250604
1.235e-007,-0.00262766
1.236e-007,-0.00269104
1.237e-007,-0.00270817
1.238e-007,-0.00264136
1.239e-007,-0.00256257
1.24e-007,-0.00252317
1.241e-007,-0.00254715
1.242e-007,-0.00261224
1.243e-007,-0.00271159
1.244e-007,-0.00276984
1.245e-007,-0.00276127
1.246e-007,-0.00270132
1.247e-007,-0.00259511
1.248e-007,-0.00251118
1.249e-007,-0.00248891
1.25e-007,-0.00249576
1.251e-007,-0.00255572
1.252e-007,-0.0025934
1.253e-007,-0.0026328
1.254e-007,-0.00263451
1.255e-007,-0.00262252
1.256e-007,-0.00260711
1.257e-007,-0.00256257
1.258e-007,-0.00252488
1.259e-007,-0.00248891
1.26e-007,-0.00246836
1.261e-007,-0.0024735
1.262e-007,-0.0025009
1.263e-007,-0.00251803
1.264e-007,-0.00252317
1.265e-007,-0.00250604
1.266e-007,-0.00241697
1.267e-007,-0.00234674
1.268e-007,-0.00226452
1.269e-007,-0.00221827
1.27e-007,-0.00219942
1.271e-007,-0.00221827
1.272e-007,-0.00225938
1.273e-007,-0.00227993
1.274e-007,-0.00228507
1.275e-007,-0.00225595
1.276e-007,-0.0022097
1.277e-007,-0.00216345
1.278e-007,-0.00212234
1.279e-007,-0.00211206
1.28e-007,-0.00208123
1.281e-007,-0.00205896
1.282e-007,-0.00204697
1.283e-007,-0.00201614
1.284e-007,-0.00196304
1.285e-007,-0.0019579
1.286e-007,-0.00197503
1.287e-007,-0.00203841
1.288e-007,-0.00208294
1.289e-007,-0.00214461
1.29e-007,-0.0021703
1.291e-007,-0.00216688
1.292e-007,-0.00211549
1.293e-007,-0.00202984
1.294e-007,-0.00198017
1.295e-007,-0.00197331
1.296e-007,-0.00195276
1.297e-007,-0.00199044
1.298e-007,-0.002011
1.299e-007,-0.00203669
1.3e-007,-0.00205554
1.301e-007,-0.00205725
1.302e-007,-0.00208123
1.303e-007,-0.00208466
1.304e-007,-0.00209322
1.305e-007,-0.00208123
1.306e-007,-0.00206581
1.307e-007,-0.0020504
1.308e-007,-0.00203155
1.309e-007,-0.00205554
1.31e-007,-0.00208466
1.311e-007,-0.00212063
1.312e-007,-0.0021429
1.313e-007,-0.00212577
1.314e-007,-0.00214632
1.315e-007,-0.00213604
1.316e-007,-0.00219086
1.317e-007,-0.00225081
1.318e-007,-0.00227479
1.319e-007,-0.00229706
1.32e-007,-0.00223882
1.321e-007,-0.0021703
1.322e-007,-0.00209322
1.323e-007,-0.00204355
1.324e-007,-0.00205896
1.325e-007,-0.0021172
1.326e-007,-0.002196
1.327e-007,-0.00226965
1.328e-007,-0.00229877
1.329e-007,-0.00231077
1.33e-007,-0.0023022
1.331e-007,-0.00230391
1.332e-007,-0.00228336
1.333e-007,-0.00227993
1.334e-007,-0.00230049
1.335e-007,-0.00231419
1.336e-007,-0.00229706
1.337e-007,-0.00229364
1.338e-007,-0.00229192
1.339e-007,-0.00232789
1.34e-007,-0.00237586
1.341e-007,-0.00243067
1.342e-007,-0.00250262
1.343e-007,-0.00252488
1.344e-007,-0.00253859
1.345e-007,-0.0025266
1.346e-007,-0.00250262
1.347e-007,-0.00250947
1.348e-007,-0.00253687
1.349e-007,-0.00258484
1.35e-007,-0.00261396
1.351e-007,-0.00262766
1.352e-007,-0.00263451
1.353e-007,-0.0026328
1.354e-007,-0.00262937
1.355e-007,-0.00265507
1.356e-007,-0.00268419
1.357e-007,-0.00271159
1.358e-007,-0.00276127
1.359e-007,-0.00278696
1.36e-007,-0.00284007
1.361e-007,-0.00287432
1.362e-007,-0.00291544
1.363e-007,-0.0029377
1.364e-007,-0.00294284
1.365e-007,-0.0029377
1.366e-007,-0.00290516
1.367e-007,-0.00289659
1.368e-007,-0.00289145
1.369e-007,-0.00291886
1.37e-007,-0.00294284
1.371e-007,-0.00295997
1.372e-007,-0.0029634
1.373e-007,-0.0029377
1.374e-007,-0.002924
1.375e-007,-0.00295483
1.376e-007,-0.00298224
1.377e-007,-0.00305932
1.378e-007,-0.00311071
1.379e-007,-0.00319807
1.38e-007,-0.00326659
1.381e-007,-0.00330941
1.382e-007,-0.00332654
1.383e-007,-0.00333168
1.384e-007,-0.00332654
1.385e-007,-0.00332483
1.386e-007,-0.00331455
1.387e-007,-0.00330085
1.388e-007,-0.00330427
1.389e-007,-0.00328886
1.39e-007,-0.00328201
1.391e-007,-0.00328543
1.392e-007,-0.00329914
1.393e-007,-0.00333168
1.394e-007,-0.00337451
1.395e-007,-0.00340876
1.396e-007,-0.00345844
1.397e-007,-0.00349784
1.398e-007,-0.00353381
1.399e-007,-0.00353038
1.4e-007,-0.00351668
1.401e-007,-0.00346187
1.402e-007,-0.00340191
1.403e-007,-0.00337622
1.404e-007,-0.00336594
1.405e-007,-0.00341733
1.406e-007,-0.00347214
1.407e-007,-0.00356807
1.408e-007,-0.00361089
1.409e-007,-0.00363316
1.41e-007,-0.00361603
1.411e-007,-0.00359719
1.412e-007,-0.00360747
1.413e-007,-0.0036246
1.414e-007,-0.00366228
1.415e-007,-0.00365885
1.416e-007,-0.00361946
1.417e-007,-0.00357321
1.418e-007,-0.00354066
1.419e-007,-0.0035064
1.42e-007,-0.00352011
1.421e-007,-0.00354066
1.422e-007,-0.0035595
1.423e-007,-0.00358348
1.424e-007,-0.00361089
1.425e-007,-0.003652
1.426e-007,-0.00369654
1.427e-007,-0.00373936
1.428e-007,-0.00372566
1.429e-007,-0.00365372
1.43e-007,-0.00356464
1.431e-007,-0.00345673
1.432e-007,-0.00337451
1.433e-007,-0.00331798
1.434e-007,-0.00331113
1.435e-007,-0.00328029
1.436e-007,-0.00325974
1.437e-007,-0.0032152
1.438e-007,-0.00320492
1.439e-007,-0.0032152
1.44e-007,-0.00323918
1.441e-007,-0.00327173
1.442e-007,-0.00328886
1.443e-007,-0.00328886
1.444e-007,-0.0032546
1.445e-007,-0.00318094
1.446e-007,-0.00311071
1.447e-007,-0.00305932
1.448e-007,-0.00300451
1.449e-007,-0.00300965
1.45e-007,-0.00299594
1.451e-007,-0.00294627
1.452e-007,-0.00291372
1.453e-007,-0.00283321
1.454e-007,-0.00278696
1.455e-007,-0.0027647
1.456e-007,-0.00278696
1.457e-007,-0.00282808
1.458e-007,-0.0028452
1.459e-007,-0.00281608
1.46e-007,-0.00269618
1.461e-007,-0.002554
1.462e-007,-0.00241526
1.463e-007,-0.00235359
1.464e-007,-0.00236387
1.465e-007,-0.00237586
1.466e-007,-0.00241012
1.467e-007,-0.00241012
1.468e-007,-0.00237757
1.469e-007,-0.0023159
1.47e-007,-0.00223711
1.471e-007,-0.00217716
1.472e-007,-0.00216859
1.473e-007,-0.00216345
1.474e-007,-0.00216688
1.475e-007,-0.0021703
1.476e-007,-0.00212919
1.477e-007,-0.00208808
1.478e-007,-0.0019973
1.479e-007,-0.0019185
1.48e-007,-0.00186711
1.481e-007,-0.00183285
1.482e-007,-0.00183799
1.483e-007,-0.00184142
1.484e-007,-0.00180545
1.485e-007,-0.00175577
1.486e-007,-0.00167012
1.487e-007,-0.00154337
1.488e-007,-0.00147142
1.489e-007,-0.00142003
1.49e-007,-0.00140633
1.491e-007,-0.00140804
1.492e-007,-0.00138577
1.493e-007,-0.00138749
1.494e-007,-0.00136693
1.495e-007,-0.00131897
1.496e-007,-0.00126244
1.497e-007,-0.00121962
1.498e-007,-0.00118879
1.499e-007,-0.00116652
1.5e-007,-0.00113226
1.501e-007,-0.00112712
1.502e-007,-0.00107402
1.503e-007,-0.000979806
1.504e-007,-0.000883881
1.505e-007,-0.000760548
1.506e-007,-0.000661197
1.507e-007,-0.00057555
1.508e-007,-0.000522449
1.509e-007,-0.000515597
1.51e-007,-0.000510458
1.511e-007,-0.000558421
1.512e-007,-0.000558421
1.513e-007,-0.000543004
1.514e-007,-0.000503606
1.515e-007,-0.000464209
1.516e-007,-0.000448792
1.517e-007,-0.000460783
1.518e-007,-0.000453931
1.519e-007,-0.00045907
1.52e-007,-0.000417959
1.521e-007,-0.000342589
1.522e-007,-0.000253516
1.523e-007,-0.00016273
1.524e-007,-8.39344e-005
1.525e-007,-4.79625e-005
1.526e-007,-2.56942e-005
1.527e-007,-2.74071e-005
1.528e-007,-2.39813e-005
1.529e-007,-5.13884e-006
1.53e-007,5.65272e-005
1.531e-007,0.000184998
1.532e-007,0.000313469
1.533e-007,0.000508745
1.534e-007,0.000626939
1.535e-007,0.000712586
1.536e-007,0.000741706
1.537e-007,0.000728002
1.538e-007,0.000697169
1.539e-007,0.000652633
1.54e-007,0.000661197
1.541e-007,0.000702308
1.542e-007,0.000743419
1.543e-007,0.000777678
1.544e-007,0.000777678
1.545e-007,0.000799946
1.546e-007,0.000847909
1.547e-007,0.000911288
1.548e-007,0.0010449
1.549e-007,0.00115624
1.55e-007,0.00127443
1.551e-007,0.00136179
1.552e-007,0.00136522
1.553e-007,0.00136179
1.554e-007,0.0013361
1.555e-007,0.00135152
1.556e-007,0.00139091
1.557e-007,0.00148684
1.558e-007,0.00155707
1.559e-007,0.00160846
1.56e-007,0.0016136
1.561e-007,0.00160674
1.562e-007,0.00164443
1.563e-007,0.00168554
1.564e-007,0.00172665
1.565e-007,0.00177804
1.566e-007,0.00180031
1.567e-007,0.00178489
1.568e-007,0.00178146
1.569e-007,0.00179517
1.57e-007,0.00186197
1.571e-007,0.00193563
1.572e-007,0.00203841
1.573e-007,0.00211892
1.574e-007,0.00218572
1.575e-007,0.00222854
1.576e-007,0.00224567
1.577e-007,0.00227308
1.578e-007,0.00234331
1.579e-007,0.00239641
1.58e-007,0.00245123
1.581e-007,0.00249576
1.582e-007,0.00250604
1.583e-007,0.00254373
1.584e-007,0.00254715
1.585e-007,0.0025934
1.586e-007,0.00260882
1.587e-007,0.00260197
1.588e-007,0.00254373
1.589e-007,0.00245808
1.59e-007,0.00236729
1.591e-007,0.00229364
1.592e-007,0.00227993
1.593e-007,0.00235359
1.594e-007,0.00243752
1.595e-007,0.00251461
1.596e-007,0.00251289
1.597e-007,0.0024735
1.598e-007,0.00244609
1.599e-007,0.00245123
1.6e-007,0.00250604
1.601e-007,0.00261738
1.602e-007,0.00271159
1.603e-007,0.00278183
1.604e-007,0.00281095
1.605e-007,0.00279382
1.606e-007,0.00273558
1.607e-007,0.00270646
1.608e-007,0.00270303
1.609e-007,0.00271845
1.61e-007,0.00274928
1.611e-007,0.00278696
1.612e-007,0.00280752
1.613e-007,0.00284007
1.614e-007,0.00287604
1.615e-007,0.00289317
1.616e-007,0.00291886
1.617e-007,0.0029103
1.618e-007,0.00284007
1.619e-007,0.00276298
1.62e-007,0.00269275
1.621e-007,0.00262423
1.622e-007,0.00263109
1.623e-007,0.00267905
1.624e-007,0.00275613
1.625e-007,0.00281437
1.626e-007,0.00287261
1.627e-007,0.00292743
1.628e-007,0.00292057
1.629e-007,0.00292571
1.63e-007,0.00291715
1.631e-007,0.00292057
1.632e-007,0.0029103
1.633e-007,0.00292571
1.634e-007,0.00292057
1.635e-007,0.00293257
1.636e-007,0.00291886
1.637e-007,0.00291201
1.638e-007,0.00290687
1.639e-007,0.00289488
1.64e-007,0.00288118
1.641e-007,0.00290002
1.642e-007,0.00290687
1.643e-007,0.00294113
1.644e-007,0.00294113
1.645e-007,0.00297025
1.646e-007,0.00295655
1.647e-007,0.00295141
1.648e-007,0.00292229
1.649e-007,0.00291715
1.65e-007,0.00291715
1.651e-007,0.002924
1.652e-007,0.00294113
1.653e-007,0.00297368
1.654e-007,0.00299766
1.655e-007,0.00299252
1.656e-007,0.0029771
1.657e-007,0.00294969
1.658e-007,0.00291372
1.659e-007,0.00291886
1.66e-007,0.00294798
1.661e-007,0.00297196
1.662e-007,0.00302678
1.663e-007,0.00305247
1.664e-007,0.0030559
1.665e-007,0.0030302
1.666e-007,0.0030028
1.667e-007,0.00297539
1.668e-007,0.00298224
1.669e-007,0.00299594
1.67e-007,0.00299594
1.671e-007,0.00300965
1.672e-007,0.00297881
1.673e-007,0.00292229
1.674e-007,0.00290687
1.675e-007,0.0028846
1.676e-007,0.00286919
1.677e-007,0.00286576
1.678e-007,0.0028315
1.679e-007,0.00278868
1.68e-007,0.00273044
1.681e-007,0.00269789
1.682e-007,0.00269275
1.683e-007,0.00272187
1.684e-007,0.00276641
1.685e-007,0.00278696
1.686e-007,0.00278696
1.687e-007,0.00271502
1.688e-007,0.00265335
1.689e-007,0.00258826
1.69e-007,0.00254715
1.691e-007,0.00255058
1.692e-007,0.00259511
1.693e-007,0.00263965
1.694e-007,0.00268076
1.695e-007,0.00268419
1.696e-007,0.00268419
1.697e-007,0.00264822
1.698e-007,0.00259511
1.699e-007,0.0024872
1.7e-007,0.00241526
1.701e-007,0.0023416
1.702e-007,0.00229364
1.703e-007,0.00229192
1.704e-007,0.00232104
1.705e-007,0.00236387
1.706e-007,0.00239127
1.707e-007,0.00242553
1.708e-007,0.00242896
1.709e-007,0.00242725
1.71e-007,0.00241183
1.711e-007,0.00237586
1.712e-007,0.00232789
1.713e-007,0.00229877
1.714e-007,0.00225766
1.715e-007,0.0022354
1.716e-007,0.00221655
1.717e-007,0.00216516
1.718e-007,0.00213091
1.719e-007,0.00210864
1.72e-007,0.00207267
1.721e-007,0.00201443
1.722e-007,0.00198873
1.723e-007,0.00196646
1.724e-007,0.00194248
1.725e-007,0.00196818
1.726e-007,0.00198531
1.727e-007,0.00196475
1.728e-007,0.00193392
1.729e-007,0.00188424
1.73e-007,0.00181401
1.731e-007,0.00178318
1.732e-007,0.00177119
1.733e-007,0.00177975
1.734e-007,0.00182086
1.735e-007,0.00182943
1.736e-007,0.00180373
1.737e-007,0.00177975
1.738e-007,0.00170952
1.739e-007,0.00167526
1.74e-007,0.00166841
1.741e-007,0.0016667
1.742e-007,0.00168211
1.743e-007,0.00170781
1.744e-007,0.00168211
1.745e-007,0.00165471
1.746e-007,0.00155193
1.747e-007,0.00146457
1.748e-007,0.00138235
1.749e-007,0.0013361
1.75e-007,0.00130184
1.751e-007,0.00131726
1.752e-007,0.0013361
1.753e-007,0.00138749
1.754e-007,0.00142688
1.755e-007,0.00145429
1.756e-007,0.00146457
