LECROYWM8500,500500138,Waveform
Segments,1,SegmentSize,2002
Segment,TrigTime,TimeSinceSegment1
#1,21-Mar-2024 16:42:58,0                 
Time,Ampl
-2.45e-008,0.000387126
-2.44e-008,0.000376848
-2.43e-008,0.000421385
-2.42e-008,0.000419672
-2.41e-008,0.000433376
-2.4e-008,0.000417959
-2.39e-008,0.000373422
-2.38e-008,0.000327173
-2.37e-008,0.000310043
-2.36e-008,0.000306617
-2.35e-008,0.000268933
-2.34e-008,0.000239813
-2.33e-008,0.00022097
-2.32e-008,0.000176434
-2.31e-008,0.000171295
-2.3e-008,0.000198702
-2.29e-008,0.000277497
-2.28e-008,0.000328886
-2.27e-008,0.000387126
-2.26e-008,0.000390552
-2.25e-008,0.000339163
-2.24e-008,0.00029634
-2.23e-008,0.000255229
-2.22e-008,0.000236387
-2.21e-008,0.000265507
-2.2e-008,0.000299766
-2.19e-008,0.000349441
-2.18e-008,0.000363145
-2.17e-008,0.000346015
-2.16e-008,0.00029634
-2.15e-008,0.000214118
-2.14e-008,0.000119906
-2.13e-008,7.87956e-005
-2.12e-008,6.16661e-005
-2.11e-008,8.90732e-005
-2.1e-008,0.000147313
-2.09e-008,0.000224396
-2.08e-008,0.000287775
-2.07e-008,0.000318608
-2.06e-008,0.000291201
-2.05e-008,0.000265507
-2.04e-008,0.000262081
-2.03e-008,0.000272359
-2.02e-008,0.00032546
-2.01e-008,0.000340876
-2e-008,0.000340876
-1.99e-008,0.000286062
-1.98e-008,0.000181572
-1.97e-008,9.5925e-005
-1.96e-008,1.88424e-005
-1.95e-008,1.19906e-005
-1.94e-008,5.48143e-005
-1.93e-008,0.000102777
-1.92e-008,0.000171295
-1.91e-008,0.000219257
-1.9e-008,0.000251803
-1.89e-008,0.000277497
-1.88e-008,0.000294627
-1.87e-008,0.000313469
-1.86e-008,0.000364858
-1.85e-008,0.000411107
-1.84e-008,0.000507032
-1.83e-008,0.000548143
-1.82e-008,0.000558421
-1.81e-008,0.000520736
-1.8e-008,0.000421385
-1.79e-008,0.000304905
-1.78e-008,0.000217544
-1.77e-008,0.000149026
-1.76e-008,0.000123332
-1.75e-008,0.000152452
-1.74e-008,0.000164443
-1.73e-008,0.000111342
-1.72e-008,6.85179e-005
-1.71e-008,2.56942e-005
-1.7e-008,3.59719e-005
-1.69e-008,9.24991e-005
-1.68e-008,0.000178146
-1.67e-008,0.000320321
-1.66e-008,0.000402543
-1.65e-008,0.000453931
-1.64e-008,0.000438514
-1.63e-008,0.000385413
-1.62e-008,0.000346015
-1.61e-008,0.00025009
-1.6e-008,0.000169582
-1.59e-008,8.73603e-005
-1.58e-008,1.19906e-005
-1.57e-008,-3.93978e-005
-1.56e-008,-6.5092e-005
-1.55e-008,-2.39813e-005
-1.54e-008,4.62496e-005
-1.53e-008,0.000140462
-1.52e-008,0.000227822
-1.51e-008,0.00032546
-1.5e-008,0.000349441
-1.49e-008,0.000358006
-1.48e-008,0.000344302
-1.47e-008,0.000351154
-1.46e-008,0.000346015
-1.45e-008,0.000378561
-1.44e-008,0.000414533
-1.43e-008,0.000445366
-1.42e-008,0.000409394
-1.41e-008,0.000344302
-1.4e-008,0.000258655
-1.39e-008,0.0001456
-1.38e-008,9.7638e-005
-1.37e-008,9.07862e-005
-1.36e-008,0.000125045
-1.35e-008,0.000190137
-1.34e-008,0.00025009
-1.33e-008,0.000292914
-1.32e-008,0.000311756
-1.31e-008,0.000315182
-1.3e-008,0.000268933
-1.29e-008,0.00022097
-1.28e-008,0.000135323
-1.27e-008,0.000106203
-1.26e-008,8.73603e-005
-1.25e-008,0.000118193
-1.24e-008,0.00020898
-1.23e-008,0.000291201
-1.22e-008,0.00035458
-1.21e-008,0.000368284
-1.2e-008,0.000346015
-1.19e-008,0.000342589
-1.18e-008,0.000335738
-1.17e-008,0.000313469
-1.16e-008,0.00030833
-1.15e-008,0.000303192
-1.14e-008,0.00027921
-1.13e-008,0.000232961
-1.12e-008,0.000232961
-1.11e-008,0.000226109
-1.1e-008,0.000299766
-1.09e-008,0.000411107
-1.08e-008,0.000577263
-1.07e-008,0.000741706
-1.06e-008,0.000890732
-1.05e-008,0.000991796
-1.04e-008,0.0010055
-1.03e-008,0.000983232
-1.02e-008,0.000916427
-1.01e-008,0.000906149
-1e-008,0.000889019
-9.9e-009,0.000906149
-9.8e-009,0.00091814
-9.7e-009,0.000933556
-9.6e-009,0.000954111
-9.5e-009,0.000954111
-9.4e-009,0.000950686
-9.3e-009,0.000931843
-9.2e-009,0.000904436
-9.1e-009,0.000882168
-9e-009,0.000823927
-8.9e-009,0.000781104
-8.8e-009,0.000801659
-8.7e-009,0.000868464
-8.6e-009,0.00097638
-8.5e-009,0.00104318
-8.4e-009,0.00105175
-8.3e-009,0.000952398
-8.2e-009,0.000803372
-8.1e-009,0.000678327
-8e-009,0.000609809
-7.9e-009,0.000637216
-7.8e-009,0.00075541
-7.7e-009,0.000899297
-7.6e-009,0.000986657
-7.5e-009,0.000942121
-7.4e-009,0.000763974
-7.3e-009,0.000495042
-7.2e-009,0.0002381
-7.1e-009,4.79625e-005
-7e-009,-1.88424e-005
-6.9e-009,7.70826e-005
-6.8e-009,0.000289488
-6.7e-009,0.000505319
-6.6e-009,0.000674901
-6.5e-009,0.000710873
-6.4e-009,0.000628652
-6.3e-009,0.000477912
-6.2e-009,0.000313469
-6.1e-009,0.000222683
-6e-009,0.000173008
-5.9e-009,0.000196989
-5.8e-009,0.000227822
-5.7e-009,0.000190137
-5.6e-009,-8.56473e-006
-5.5e-009,-0.000287775
-5.4e-009,-0.000625226
-5.3e-009,-0.000827353
-5.2e-009,-0.000760548
-5.1e-009,-0.000248377
-5e-009,0.000729715
-4.9e-009,0.00209322
-4.8e-009,0.00365029
-4.7e-009,0.00517995
-4.6e-009,0.006576
-4.5e-009,0.00779048
-4.4e-009,0.00883709
-4.3e-009,0.0098169
-4.2e-009,0.0107573
-4.1e-009,0.01166
-4e-009,0.0123846
-3.9e-009,0.0128694
-3.8e-009,0.0130252
-3.7e-009,0.012806
-3.6e-009,0.0122801
-3.5e-009,0.0114699
-3.4e-009,0.0103942
-3.3e-009,0.00914542
-3.2e-009,0.0078453
-3.1e-009,0.00655202
-3e-009,0.00541463
-2.9e-009,0.00454445
-2.8e-009,0.00400144
-2.7e-009,0.00375992
-2.6e-009,0.00378733
-2.5e-009,0.00400144
-2.4e-009,0.00434917
-2.3e-009,0.00477912
-2.2e-009,0.00527074
-2.1e-009,0.0057949
-2e-009,0.00634989
-1.9e-009,0.00688091
-1.8e-009,0.00741363
-1.7e-009,0.00791724
-1.6e-009,0.00837974
-1.5e-009,0.00880969
-1.4e-009,0.00921223
-1.3e-009,0.00957366
-1.2e-009,0.00988199
-1.1e-009,0.0101167
-1e-009,0.010252
-9e-010,0.010252
-8e-010,0.0101167
-7e-010,0.00983917
-6e-010,0.00941093
-5e-010,0.00881311
-4e-010,0.00805256
-3e-010,0.00713956
-2e-010,0.00610837
-1e-010,0.00506861
4.138488e-023,0.00405112
1e-010,0.00322719
2e-010,0.00268419
3e-010,0.00248891
4e-010,0.00260025
5e-010,0.00293942
6e-010,0.0034396
7e-010,0.00401343
8e-010,0.00454959
9e-010,0.00504805
1e-009,0.00549171
1.1e-009,0.0059542
1.2e-009,0.00646809
1.3e-009,0.00699225
1.4e-009,0.0075284
1.5e-009,0.00803715
1.6e-009,0.00845853
1.7e-009,0.00874459
1.8e-009,0.00888163
1.9e-009,0.00885594
2e-009,0.00867608
2.1e-009,0.00838316
2.2e-009,0.00800974
2.3e-009,0.00754039
2.4e-009,0.00696484
2.5e-009,0.0062454
2.6e-009,0.00539921
2.7e-009,0.0044725
2.8e-009,0.00356464
2.9e-009,0.00277326
3e-009,0.0021566
3.1e-009,0.00175063
3.2e-009,0.00151425
3.3e-009,0.0014286
3.4e-009,0.00150568
3.5e-009,0.00169068
3.6e-009,0.00206753
3.7e-009,0.00257113
3.8e-009,0.00321691
3.9e-009,0.00390552
4e-009,0.00460954
4.1e-009,0.00525361
4.2e-009,0.00585657
4.3e-009,0.00633276
4.4e-009,0.00673188
4.5e-009,0.00700938
4.6e-009,0.00720465
4.7e-009,0.00727146
4.8e-009,0.00717896
4.9e-009,0.00700424
5e-009,0.00665651
5.1e-009,0.00616832
5.2e-009,0.0055431
5.3e-009,0.00485449
5.4e-009,0.00410593
5.5e-009,0.00337279
5.6e-009,0.00267734
5.7e-009,0.00203498
5.8e-009,0.00145429
5.9e-009,0.000952398
6e-009,0.000508745
6.1e-009,0.000241526
6.2e-009,0.000140462
6.3e-009,0.000274071
6.4e-009,0.000637216
6.5e-009,0.00124017
6.6e-009,0.00200586
6.7e-009,0.00281608
6.8e-009,0.00372223
6.9e-009,0.00463352
7e-009,0.00548143
7.1e-009,0.00621628
7.2e-009,0.00676957
7.3e-009,0.00711216
7.4e-009,0.00727489
7.5e-009,0.00720465
7.6e-009,0.00698197
7.7e-009,0.00663767
7.8e-009,0.00617346
7.9e-009,0.00559277
8e-009,0.00490245
8.1e-009,0.0041145
8.2e-009,0.00331627
8.3e-009,0.0025266
8.4e-009,0.00174378
8.5e-009,0.00106888
8.6e-009,0.00047106
8.7e-009,-1.02777e-005
8.8e-009,-0.000322034
8.9e-009,-0.000421385
9e-009,-0.00030833
9.1e-009,3.42589e-006
9.2e-009,0.000447079
9.3e-009,0.000950686
9.4e-009,0.00152624
9.5e-009,0.0020641
9.6e-009,0.00264993
9.7e-009,0.00323747
9.8e-009,0.00383358
9.9e-009,0.00439885
1e-008,0.0049213
1.01e-008,0.00533069
1.02e-008,0.00556023
1.03e-008,0.00561333
1.04e-008,0.00545574
1.05e-008,0.00513028
1.06e-008,0.00465065
1.07e-008,0.00412478
1.08e-008,0.00357835
1.09e-008,0.00302506
1.1e-008,0.00252488
1.11e-008,0.00198531
1.12e-008,0.00143888
1.13e-008,0.000885594
1.14e-008,0.000366571
1.15e-008,-0.000119906
1.16e-008,-0.000491616
1.17e-008,-0.000753697
1.18e-008,-0.000844483
1.19e-008,-0.000822214
1.2e-008,-0.000656059
1.21e-008,-0.000344302
1.22e-008,8.56473e-005
1.23e-008,0.000638929
1.24e-008,0.00131726
1.25e-008,0.00208637
1.26e-008,0.00290344
1.27e-008,0.0037051
1.28e-008,0.00437658
1.29e-008,0.00492301
1.3e-008,0.00525361
1.31e-008,0.00540263
1.32e-008,0.00539921
1.33e-008,0.00529986
1.34e-008,0.00507717
1.35e-008,0.00475685
1.36e-008,0.00431663
1.37e-008,0.00376334
1.38e-008,0.00308159
1.39e-008,0.00229706
1.4e-008,0.00154679
1.41e-008,0.000823927
1.42e-008,0.000222683
1.43e-008,-0.000236387
1.44e-008,-0.000570411
1.45e-008,-0.000736567
1.46e-008,-0.000739993
1.47e-008,-0.00060467
1.48e-008,-0.000342589
1.49e-008,-6.85179e-006
1.5e-008,0.000402543
1.51e-008,0.000907862
1.52e-008,0.00145087
1.53e-008,0.00210179
1.54e-008,0.0027921
1.55e-008,0.00351325
1.56e-008,0.00416931
1.57e-008,0.00472945
1.58e-008,0.00512856
1.59e-008,0.00537009
1.6e-008,0.005478
1.61e-008,0.00540435
1.62e-008,0.00519194
1.63e-008,0.00480653
1.64e-008,0.00425325
1.65e-008,0.00364173
1.66e-008,0.00299081
1.67e-008,0.00242725
1.68e-008,0.00190308
1.69e-008,0.00147827
1.7e-008,0.00103462
1.71e-008,0.000578976
1.72e-008,0.000121619
1.73e-008,-0.000262081
1.74e-008,-0.000519023
1.75e-008,-0.000561847
1.76e-008,-0.000385413
1.77e-008,-4.45366e-005
1.78e-008,0.000435089
1.79e-008,0.00097638
1.8e-008,0.00158105
1.81e-008,0.00219257
1.82e-008,0.0027921
1.83e-008,0.00335909
1.84e-008,0.00382844
1.85e-008,0.004207
1.86e-008,0.00447764
1.87e-008,0.00459584
1.88e-008,0.00466435
1.89e-008,0.00465065
1.9e-008,0.00456329
1.91e-008,0.0044057
1.92e-008,0.00414533
1.93e-008,0.00374793
1.94e-008,0.00323918
1.95e-008,0.00265164
1.96e-008,0.00198188
1.97e-008,0.00133781
1.98e-008,0.000799946
1.99e-008,0.000320321
2e-008,-1.19906e-005
2.01e-008,-0.000244951
2.02e-008,-0.000368284
2.03e-008,-0.000361432
2.04e-008,-0.000241526
2.05e-008,0
2.06e-008,0.00035458
2.07e-008,0.000794807
2.08e-008,0.00129499
2.09e-008,0.00182429
2.1e-008,0.00230049
2.11e-008,0.00281095
2.12e-008,0.00329057
2.13e-008,0.00374279
2.14e-008,0.00417274
2.15e-008,0.00452561
2.16e-008,0.00476542
2.17e-008,0.00484079
2.18e-008,0.00474486
2.19e-008,0.00451533
2.2e-008,0.00414876
2.21e-008,0.0037308
2.22e-008,0.00326145
2.23e-008,0.00275099
2.24e-008,0.00221484
2.25e-008,0.00168211
2.26e-008,0.00121105
2.27e-008,0.00078453
2.28e-008,0.000479625
2.29e-008,0.000263794
2.3e-008,0.000152452
2.31e-008,0.000130184
2.32e-008,0.000219257
2.33e-008,0.000364858
2.34e-008,0.000613235
2.35e-008,0.000926704
2.36e-008,0.00126758
2.37e-008,0.00168897
2.38e-008,0.00212748
2.39e-008,0.00261396
2.4e-008,0.00310729
2.41e-008,0.00356978
2.42e-008,0.00400316
2.43e-008,0.00438514
2.44e-008,0.0046575
2.45e-008,0.00480995
2.46e-008,0.0048682
2.47e-008,0.00480824
2.48e-008,0.00461125
2.49e-008,0.00428065
2.5e-008,0.00388325
2.51e-008,0.00343275
2.52e-008,0.00294456
2.53e-008,0.00247521
2.54e-008,0.00206581
2.55e-008,0.00164272
2.56e-008,0.00126244
2.57e-008,0.000943834
2.58e-008,0.000712586
2.59e-008,0.000580689
2.6e-008,0.000580689
2.61e-008,0.000717725
2.62e-008,0.00098837
2.63e-008,0.00135494
2.64e-008,0.00180202
2.65e-008,0.00230905
2.66e-008,0.00280067
2.67e-008,0.00327515
2.68e-008,0.00370339
2.69e-008,0.00405112
2.7e-008,0.00430977
2.71e-008,0.00448963
2.72e-008,0.00459584
2.73e-008,0.00463523
2.74e-008,0.00462324
2.75e-008,0.00454274
2.76e-008,0.00438172
2.77e-008,0.00410765
2.78e-008,0.00368455
2.79e-008,0.00316553
2.8e-008,0.00259169
2.81e-008,0.00201271
2.82e-008,0.00147999
2.83e-008,0.00100379
2.84e-008,0.000630364
2.85e-008,0.000334025
2.86e-008,0.000125045
2.87e-008,4.28237e-005
2.88e-008,6.3379e-005
2.89e-008,0.000203841
2.9e-008,0.000436801
2.91e-008,0.00073828
2.92e-008,0.00103291
2.93e-008,0.00132411
2.94e-008,0.00160332
2.95e-008,0.0019185
2.96e-008,0.0022097
2.97e-008,0.00251632
2.98e-008,0.00280752
2.99e-008,0.00302849
3e-008,0.00321691
3.01e-008,0.00332654
3.02e-008,0.00334539
3.03e-008,0.0033214
3.04e-008,0.00321349
3.05e-008,0.00300451
3.06e-008,0.00266021
3.07e-008,0.00224396
3.08e-008,0.00173179
3.09e-008,0.00124703
3.1e-008,0.000775965
3.11e-008,0.000388839
3.12e-008,0.000113054
3.13e-008,-8.73603e-005
3.14e-008,-0.000226109
3.15e-008,-0.000337451
3.16e-008,-0.000405968
3.17e-008,-0.000392265
3.18e-008,-0.000323747
3.19e-008,-0.000142175
3.2e-008,0.00011648
3.21e-008,0.000424811
3.22e-008,0.000806798
3.23e-008,0.00117508
3.24e-008,0.00155364
3.25e-008,0.00187396
3.26e-008,0.00215317
3.27e-008,0.0023159
3.28e-008,0.00242896
3.29e-008,0.00244266
3.3e-008,0.00241354
3.31e-008,0.00231933
3.32e-008,0.00220799
3.33e-008,0.00201614
3.34e-008,0.00176091
3.35e-008,0.00144059
3.36e-008,0.00107916
3.37e-008,0.000728002
3.38e-008,0.000388839
3.39e-008,3.0833e-005
3.4e-008,-0.000349441
3.41e-008,-0.000733141
3.42e-008,-0.00110828
3.43e-008,-0.00139948
3.44e-008,-0.00155364
3.45e-008,-0.00154165
3.46e-008,-0.00136693
3.47e-008,-0.00106888
3.48e-008,-0.000757123
3.49e-008,-0.000438514
3.5e-008,-0.000176434
3.51e-008,5.82402e-005
3.52e-008,0.000298053
3.53e-008,0.000531014
3.54e-008,0.000798233
3.55e-008,0.00102263
3.56e-008,0.00117508
3.57e-008,0.00121962
3.58e-008,0.00117679
3.59e-008,0.00107402
3.6e-008,0.000921565
3.61e-008,0.000770826
3.62e-008,0.000614948
3.63e-008,0.000417959
3.64e-008,0.000142175
3.65e-008,-0.000181572
3.66e-008,-0.000541291
3.67e-008,-0.000880455
3.68e-008,-0.00117508
3.69e-008,-0.00144915
3.7e-008,-0.0016804
3.71e-008,-0.00185512
3.72e-008,-0.00198359
3.73e-008,-0.00205554
3.74e-008,-0.00207095
3.75e-008,-0.00204183
3.76e-008,-0.00194077
3.77e-008,-0.00178146
3.78e-008,-0.00152281
3.79e-008,-0.00121619
3.8e-008,-0.00085476
3.81e-008,-0.000515597
3.82e-008,-0.000219257
3.83e-008,2.39813e-005
3.84e-008,0.000147313
3.85e-008,0.000167869
3.86e-008,0.000135323
3.87e-008,2.22683e-005
3.88e-008,-0.000140462
3.89e-008,-0.000330599
3.9e-008,-0.000532726
3.91e-008,-0.000765687
3.92e-008,-0.000966102
3.93e-008,-0.0012299
3.94e-008,-0.00148341
3.95e-008,-0.00177633
3.96e-008,-0.00207267
3.97e-008,-0.00237243
3.98e-008,-0.00263623
3.99e-008,-0.00282636
4e-008,-0.00293428
4.01e-008,-0.00292057
4.02e-008,-0.00280923
4.03e-008,-0.00263965
4.04e-008,-0.00244095
4.05e-008,-0.00223711
4.06e-008,-0.00202642
4.07e-008,-0.00182943
4.08e-008,-0.00162387
4.09e-008,-0.00142003
4.1e-008,-0.00122818
4.11e-008,-0.00106031
4.12e-008,-0.000935269
4.13e-008,-0.00085476
4.14e-008,-0.000815363
4.15e-008,-0.000810224
4.16e-008,-0.00079652
4.17e-008,-0.00087189
4.18e-008,-0.00097638
4.19e-008,-0.00114425
4.2e-008,-0.00139434
4.21e-008,-0.00165128
4.22e-008,-0.00192364
4.23e-008,-0.00217887
4.24e-008,-0.00242382
4.25e-008,-0.0026191
4.26e-008,-0.00279039
4.27e-008,-0.00291544
4.28e-008,-0.00300793
4.29e-008,-0.00302506
4.3e-008,-0.00300451
4.31e-008,-0.002924
4.32e-008,-0.00279724
4.33e-008,-0.00261738
4.34e-008,-0.00241526
4.35e-008,-0.00219086
4.36e-008,-0.00198188
4.37e-008,-0.00183457
4.38e-008,-0.00171295
4.39e-008,-0.00162045
4.4e-008,-0.0015348
4.41e-008,-0.00146628
4.42e-008,-0.00136179
4.43e-008,-0.00127443
4.44e-008,-0.00121962
4.45e-008,-0.00123503
4.46e-008,-0.00130869
4.47e-008,-0.00147827
4.48e-008,-0.00172151
4.49e-008,-0.00200243
4.5e-008,-0.00228165
4.51e-008,-0.0025403
4.52e-008,-0.00275271
4.53e-008,-0.00292229
4.54e-008,-0.00304391
4.55e-008,-0.00315525
4.56e-008,-0.0032409
4.57e-008,-0.00330599
4.58e-008,-0.00330941
4.59e-008,-0.00323404
4.6e-008,-0.00306104
4.61e-008,-0.00284692
4.62e-008,-0.0026191
4.63e-008,-0.00238442
4.64e-008,-0.00222512
4.65e-008,-0.00204868
4.66e-008,-0.00188424
4.67e-008,-0.00171295
4.68e-008,-0.00156392
4.69e-008,-0.00143202
4.7e-008,-0.00134638
4.71e-008,-0.00127786
4.72e-008,-0.00128642
4.73e-008,-0.0012967
4.74e-008,-0.00131212
4.75e-008,-0.00139948
4.76e-008,-0.00153137
4.77e-008,-0.00170438
4.78e-008,-0.00190994
4.79e-008,-0.00209493
4.8e-008,-0.00222854
4.81e-008,-0.00233817
4.82e-008,-0.00239813
4.83e-008,-0.00242725
4.84e-008,-0.00242896
4.85e-008,-0.00241526
4.86e-008,-0.00238271
4.87e-008,-0.00235016
4.88e-008,-0.00230734
4.89e-008,-0.00222854
4.9e-008,-0.0021035
4.91e-008,-0.00192707
4.92e-008,-0.00169582
4.93e-008,-0.00144573
4.94e-008,-0.00121277
4.95e-008,-0.00105175
4.96e-008,-0.000957537
4.97e-008,-0.000897584
4.98e-008,-0.000849622
4.99e-008,-0.0007674
5e-008,-0.000671475
5.01e-008,-0.000572124
5.02e-008,-0.000529301
5.03e-008,-0.000544717
5.04e-008,-0.000630364
5.05e-008,-0.000791381
5.06e-008,-0.00095925
5.07e-008,-0.00109115
5.08e-008,-0.00116652
5.09e-008,-0.00118879
5.1e-008,-0.00118022
5.11e-008,-0.00116652
5.12e-008,-0.0011905
5.13e-008,-0.00118707
5.14e-008,-0.00116994
5.15e-008,-0.00107744
5.16e-008,-0.000948973
5.17e-008,-0.000777678
5.18e-008,-0.000644068
5.19e-008,-0.000510458
5.2e-008,-0.00041282
5.21e-008,-0.000318608
5.22e-008,-0.000196989
5.23e-008,-2.91201e-005
5.24e-008,0.000152452
5.25e-008,0.000299766
5.26e-008,0.000376848
5.27e-008,0.000404255
5.28e-008,0.000387126
5.29e-008,0.000364858
5.3e-008,0.000363145
5.31e-008,0.000346015
5.32e-008,0.000337451
5.33e-008,0.000315182
5.34e-008,0.000277497
5.35e-008,0.000226109
5.36e-008,0.000155878
5.37e-008,0.00011648
5.38e-008,3.59719e-005
5.39e-008,-4.79625e-005
5.4e-008,-0.000109629
5.41e-008,-0.000176434
5.42e-008,-0.000210692
5.43e-008,-0.000166156
5.44e-008,-7.87956e-005
5.45e-008,6.5092e-005
5.46e-008,0.000241526
5.47e-008,0.000424811
5.48e-008,0.000594393
5.49e-008,0.000736567
5.5e-008,0.000834205
5.51e-008,0.00095925
5.52e-008,0.0010843
5.53e-008,0.00122647
5.54e-008,0.00138064
5.55e-008,0.00149369
5.56e-008,0.00153994
5.57e-008,0.00154337
5.58e-008,0.00146628
5.59e-008,0.0014029
5.6e-008,0.00137036
5.61e-008,0.00136864
5.62e-008,0.00138749
5.63e-008,0.00137036
5.64e-008,0.00133781
5.65e-008,0.00126587
5.66e-008,0.0011511
5.67e-008,0.00102777
5.68e-008,0.000952398
5.69e-008,0.000902723
5.7e-008,0.000940408
5.71e-008,0.00100893
5.72e-008,0.00112027
5.73e-008,0.00122647
5.74e-008,0.00130869
5.75e-008,0.00143716
5.76e-008,0.00158448
5.77e-008,0.00180031
5.78e-008,0.00199558
5.79e-008,0.00216516
5.8e-008,0.00225766
5.81e-008,0.00230391
5.82e-008,0.0023022
5.83e-008,0.00233646
5.84e-008,0.00245808
5.85e-008,0.0026465
5.86e-008,0.0028452
5.87e-008,0.00298395
5.88e-008,0.0030165
5.89e-008,0.00293085
5.9e-008,0.00275099
5.91e-008,0.00258655
5.92e-008,0.00244266
5.93e-008,0.00242382
5.94e-008,0.00246664
5.95e-008,0.00252831
5.96e-008,0.00257627
5.97e-008,0.00260882
5.98e-008,0.00257799
5.99e-008,0.00255229
6e-008,0.00254201
6.01e-008,0.002554
6.02e-008,0.00257799
6.03e-008,0.00260025
6.04e-008,0.00265335
6.05e-008,0.00273729
6.06e-008,0.00288632
6.07e-008,0.00308502
6.08e-008,0.00328543
6.09e-008,0.00348585
6.1e-008,0.00360404
6.11e-008,0.00365372
6.12e-008,0.00363316
6.13e-008,0.00359205
6.14e-008,0.00356122
6.15e-008,0.00356122
6.16e-008,0.00362631
6.17e-008,0.00365372
6.18e-008,0.00367598
6.19e-008,0.00365543
6.2e-008,0.00362117
6.21e-008,0.00356293
6.22e-008,0.00347728
6.23e-008,0.00338307
6.24e-008,0.00329057
6.25e-008,0.00323062
6.26e-008,0.00316724
6.27e-008,0.00313469
6.28e-008,0.00318094
6.29e-008,0.00323062
6.3e-008,0.00326145
6.31e-008,0.00328029
6.32e-008,0.00328201
6.33e-008,0.00331455
6.34e-008,0.00340191
6.35e-008,0.00352524
6.36e-008,0.00372052
6.37e-008,0.00387297
6.38e-008,0.00398431
6.39e-008,0.00397404
6.4e-008,0.00388496
6.41e-008,0.00373765
6.42e-008,0.00359205
6.43e-008,0.00345673
6.44e-008,0.00334367
6.45e-008,0.00324261
6.46e-008,0.0032015
6.47e-008,0.00315182
6.48e-008,0.00313127
6.49e-008,0.00314668
6.5e-008,0.00315867
6.51e-008,0.00318094
6.52e-008,0.00318437
6.53e-008,0.00315525
6.54e-008,0.00312099
6.55e-008,0.00303877
6.56e-008,0.00291201
6.57e-008,0.00279382
6.58e-008,0.00269275
6.59e-008,0.00265678
6.6e-008,0.00270817
6.61e-008,0.00278868
6.62e-008,0.00294284
6.63e-008,0.00304219
6.64e-008,0.00310729
6.65e-008,0.00315011
6.66e-008,0.00316381
6.67e-008,0.00320492
6.68e-008,0.00326145
6.69e-008,0.00334881
6.7e-008,0.00336251
6.71e-008,0.00333511
6.72e-008,0.0032409
6.73e-008,0.003109
6.74e-008,0.0029771
6.75e-008,0.00283493
6.76e-008,0.00273215
6.77e-008,0.00265678
6.78e-008,0.00261053
6.79e-008,0.00255743
6.8e-008,0.00251632
6.81e-008,0.00248549
6.82e-008,0.00243581
6.83e-008,0.00237586
6.84e-008,0.00232276
6.85e-008,0.00229021
6.86e-008,0.00226623
6.87e-008,0.00228507
6.88e-008,0.00229364
6.89e-008,0.00232961
6.9e-008,0.00236558
6.91e-008,0.00237072
6.92e-008,0.00238271
6.93e-008,0.00237757
6.94e-008,0.00236558
6.95e-008,0.00232618
6.96e-008,0.00225766
6.97e-008,0.00219771
6.98e-008,0.00209493
6.99e-008,0.00203669
7e-008,0.00196818
7.01e-008,0.00193392
7.02e-008,0.00186369
7.03e-008,0.00179174
7.04e-008,0.00170781
7.05e-008,0.0016273
7.06e-008,0.00155364
7.07e-008,0.00145943
7.08e-008,0.00134809
7.09e-008,0.00124189
7.1e-008,0.00116823
7.11e-008,0.00112369
7.12e-008,0.001098
7.13e-008,0.001098
7.14e-008,0.00110999
7.15e-008,0.00108258
7.16e-008,0.00106374
7.17e-008,0.00100893
7.18e-008,0.000986657
7.19e-008,0.000957537
7.2e-008,0.000924991
7.21e-008,0.000878742
7.22e-008,0.000805085
7.23e-008,0.000748558
7.24e-008,0.000741706
7.25e-008,0.000748558
7.26e-008,0.000779391
7.27e-008,0.000787956
7.28e-008,0.00073828
7.29e-008,0.000674901
7.3e-008,0.000585828
7.31e-008,0.000501893
7.32e-008,0.000450505
7.33e-008,0.000414533
7.34e-008,0.000385413
7.35e-008,0.000347728
7.36e-008,0.000265507
7.37e-008,0.000226109
7.38e-008,0.000181572
7.39e-008,0.000123332
7.4e-008,0.000101064
7.41e-008,6.68049e-005
7.42e-008,3.42589e-005
7.43e-008,3.76848e-005
7.44e-008,8.56473e-005
7.45e-008,0.000171295
7.46e-008,0.000298053
7.47e-008,0.000404255
7.48e-008,0.000453931
7.49e-008,0.000421385
7.5e-008,0.000287775
7.51e-008,0.000142175
7.52e-008,1.54165e-005
7.53e-008,-3.0833e-005
7.54e-008,-4.11107e-005
7.55e-008,4.62496e-005
7.56e-008,0.000126758
7.57e-008,0.000214118
7.58e-008,0.000234674
7.59e-008,0.000231248
7.6e-008,0.00019185
7.61e-008,0.000143888
7.62e-008,6.85179e-005
7.63e-008,2.39813e-005
7.64e-008,-1.37036e-005
7.65e-008,-2.05554e-005
7.66e-008,-1.54165e-005
7.67e-008,6.85179e-006
7.68e-008,5.13884e-005
7.69e-008,0.000113054
7.7e-008,0.000155878
7.71e-008,0.000164443
7.72e-008,0.000183285
7.73e-008,0.000200415
7.74e-008,0.000227822
7.75e-008,0.000214118
7.76e-008,0.00022097
7.77e-008,0.000210692
7.78e-008,0.00019185
7.79e-008,0.000203841
7.8e-008,0.000232961
7.81e-008,0.00029634
7.82e-008,0.000393978
7.83e-008,0.000483051
7.84e-008,0.000537865
7.85e-008,0.000551569
7.86e-008,0.00050018
7.87e-008,0.000460783
7.88e-008,0.00044194
7.89e-008,0.000472773
7.9e-008,0.000493329
7.91e-008,0.000556708
7.92e-008,0.000590967
7.93e-008,0.000606383
7.94e-008,0.000611522
7.95e-008,0.0006218
7.96e-008,0.00068004
7.97e-008,0.000733141
7.98e-008,0.000763974
7.99e-008,0.00078453
8e-008,0.000787956
8.01e-008,0.000815363
8.02e-008,0.000846196
8.03e-008,0.000923278
8.04e-008,0.000986657
8.05e-008,0.00105175
8.06e-008,0.00110142
8.07e-008,0.00112883
8.08e-008,0.00114254
8.09e-008,0.00115281
8.1e-008,0.00114767
8.11e-008,0.00113226
8.12e-008,0.00112198
8.13e-008,0.00116823
8.14e-008,0.00124017
8.15e-008,0.00137207
8.16e-008,0.00149369
8.17e-008,0.00155707
8.18e-008,0.0015879
8.19e-008,0.00153137
8.2e-008,0.00144744
8.21e-008,0.00141832
8.22e-008,0.00140804
8.23e-008,0.00146628
8.24e-008,0.00154165
8.25e-008,0.00161017
8.26e-008,0.00168897
8.27e-008,0.00177119
8.28e-008,0.00186369
8.29e-008,0.00197503
8.3e-008,0.00208466
8.31e-008,0.00216688
8.32e-008,0.00218058
8.33e-008,0.0021566
8.34e-008,0.00212748
8.35e-008,0.00212748
8.36e-008,0.00219771
8.37e-008,0.0023159
8.38e-008,0.00248377
8.39e-008,0.00262766
8.4e-008,0.00274243
8.41e-008,0.00277326
8.42e-008,0.00274414
8.43e-008,0.00271502
8.44e-008,0.00269789
8.45e-008,0.00271673
8.46e-008,0.0027647
8.47e-008,0.00280409
8.48e-008,0.00284692
8.49e-008,0.00293428
8.5e-008,0.00300622
8.51e-008,0.00310386
8.52e-008,0.00318608
8.53e-008,0.00325289
8.54e-008,0.00331113
8.55e-008,0.00330599
8.56e-008,0.003294
8.57e-008,0.00330427
8.58e-008,0.00335909
8.59e-008,0.00347043
8.6e-008,0.00363145
8.61e-008,0.00379932
8.62e-008,0.00390723
8.63e-008,0.00401343
8.64e-008,0.00405626
8.65e-008,0.00408538
8.66e-008,0.00412478
8.67e-008,0.00421385
8.68e-008,0.00430121
8.69e-008,0.00437829
8.7e-008,0.00442112
8.71e-008,0.00445709
8.72e-008,0.00442797
8.73e-008,0.00443139
8.74e-008,0.00443482
8.75e-008,0.00448449
8.76e-008,0.0046044
8.77e-008,0.00474829
8.78e-008,0.00489389
8.79e-008,0.0050018
8.8e-008,0.00507717
8.81e-008,0.00509773
8.82e-008,0.00511143
8.83e-008,0.00516111
8.84e-008,0.00522963
8.85e-008,0.00535467
8.86e-008,0.00549342
8.87e-008,0.00558078
8.88e-008,0.00563731
8.89e-008,0.00562703
8.9e-008,0.00558249
8.91e-008,0.00553796
8.92e-008,0.00551055
8.93e-008,0.00552768
8.94e-008,0.0055705
8.95e-008,0.00567842
8.96e-008,0.00578633
8.97e-008,0.00588569
8.98e-008,0.00599531
8.99e-008,0.0060724
9e-008,0.00614091
9.01e-008,0.00615633
9.02e-008,0.00614605
9.03e-008,0.00612721
9.04e-008,0.00608096
9.05e-008,0.0060467
9.06e-008,0.00602101
9.07e-008,0.00601416
9.08e-008,0.00604842
9.09e-008,0.00611351
9.1e-008,0.00614605
9.11e-008,0.00618716
9.12e-008,0.00622827
9.13e-008,0.00627452
9.14e-008,0.00637388
9.15e-008,0.00649207
9.16e-008,0.00662054
9.17e-008,0.00669762
9.18e-008,0.00675072
9.19e-008,0.00675929
9.2e-008,0.00675415
9.21e-008,0.00673188
9.22e-008,0.0067079
9.23e-008,0.00674216
9.24e-008,0.00675586
9.25e-008,0.00675929
9.26e-008,0.0067473
9.27e-008,0.00675072
9.28e-008,0.00676957
9.29e-008,0.00679526
9.3e-008,0.00683808
9.31e-008,0.00686207
9.32e-008,0.00689804
9.33e-008,0.00689461
9.34e-008,0.00691003
9.35e-008,0.0069323
9.36e-008,0.00700938
9.37e-008,0.00711044
9.38e-008,0.00719266
9.39e-008,0.0072509
9.4e-008,0.00727317
9.41e-008,0.00728345
9.42e-008,0.00726118
9.43e-008,0.00725433
9.44e-008,0.0072235
9.45e-008,0.0071978
9.46e-008,0.0071704
9.47e-008,0.00711558
9.48e-008,0.00706591
9.49e-008,0.00706933
9.5e-008,0.00706591
9.51e-008,0.00708646
9.52e-008,0.00711901
9.53e-008,0.00713271
9.54e-008,0.00716697
9.55e-008,0.00717896
9.56e-008,0.00716354
9.57e-008,0.00713956
9.58e-008,0.00710188
9.59e-008,0.00706419
9.6e-008,0.00705905
9.61e-008,0.00706077
9.62e-008,0.00716183
9.63e-008,0.00728002
9.64e-008,0.00736738
9.65e-008,0.00741535
9.66e-008,0.0074085
9.67e-008,0.00734512
9.68e-008,0.00728345
9.69e-008,0.0072766
9.7e-008,0.00724919
9.71e-008,0.00724063
9.72e-008,0.00719266
9.73e-008,0.00708475
9.74e-008,0.00695114
9.75e-008,0.00687406
9.76e-008,0.00691517
9.77e-008,0.00705049
9.78e-008,0.00721665
9.79e-008,0.00737595
9.8e-008,0.00743248
9.81e-008,0.00736396
9.82e-008,0.00722521
9.83e-008,0.00707276
9.84e-008,0.00696998
9.85e-008,0.00688262
9.86e-008,0.00683637
9.87e-008,0.00677984
9.88e-008,0.00671133
9.89e-008,0.0066291
9.9e-008,0.006576
9.91e-008,0.00656915
9.92e-008,0.00660512
9.93e-008,0.00665137
9.94e-008,0.00671133
9.95e-008,0.00676271
9.96e-008,0.00674901
9.97e-008,0.00669762
9.98e-008,0.00668049
9.99e-008,0.00668221
1e-007,0.0067216
1.001e-007,0.0067747
1.002e-007,0.00681753
1.003e-007,0.00685693
1.004e-007,0.00686035
1.005e-007,0.00683123
1.006e-007,0.00677128
1.007e-007,0.00674901
1.008e-007,0.00671646
1.009e-007,0.00666165
1.01e-007,0.00662739
1.011e-007,0.00657772
1.012e-007,0.00649549
1.013e-007,0.00642698
1.014e-007,0.00637216
1.015e-007,0.00635332
1.016e-007,0.00632934
1.017e-007,0.00630536
1.018e-007,0.00626596
1.019e-007,0.00621457
1.02e-007,0.00618374
1.021e-007,0.00620429
1.022e-007,0.00623855
1.023e-007,0.00630364
1.024e-007,0.00638073
1.025e-007,0.00638073
1.026e-007,0.00632763
1.027e-007,0.00619402
1.028e-007,0.00605869
1.029e-007,0.00596962
1.03e-007,0.0059268
1.031e-007,0.00595763
1.032e-007,0.00601416
1.033e-007,0.00605013
1.034e-007,0.00607582
1.035e-007,0.00607925
1.036e-007,0.0060193
1.037e-007,0.00594735
1.038e-007,0.0058617
1.039e-007,0.00578805
1.04e-007,0.00567842
1.041e-007,0.00556879
1.042e-007,0.00549171
1.043e-007,0.00545574
1.044e-007,0.00542662
1.045e-007,0.00540949
1.046e-007,0.00540777
1.047e-007,0.00542148
1.048e-007,0.00543689
1.049e-007,0.00546773
1.05e-007,0.00549856
1.051e-007,0.00553111
1.052e-007,0.00550199
1.053e-007,0.00537694
1.054e-007,0.00521421
1.055e-007,0.00504634
1.056e-007,0.0048819
1.057e-007,0.00480824
1.058e-007,0.00478769
1.059e-007,0.00482023
1.06e-007,0.00488532
1.061e-007,0.00494528
1.062e-007,0.00496755
1.063e-007,0.00490759
1.064e-007,0.00481167
1.065e-007,0.00469176
1.066e-007,0.00458213
1.067e-007,0.00447764
1.068e-007,0.00438343
1.069e-007,0.00430464
1.07e-007,0.00423783
1.071e-007,0.00417616
1.072e-007,0.00409566
1.073e-007,0.004022
1.074e-007,0.00396718
1.075e-007,0.00396205
1.076e-007,0.00395177
1.077e-007,0.00396376
1.078e-007,0.0039295
1.079e-007,0.00386955
1.08e-007,0.00378219
1.081e-007,0.00364515
1.082e-007,0.00351668
1.083e-007,0.00339335
1.084e-007,0.00332997
1.085e-007,0.00328372
1.086e-007,0.00324603
1.087e-007,0.00320321
1.088e-007,0.00311928
1.089e-007,0.00306275
1.09e-007,0.00298053
1.091e-007,0.00294284
1.092e-007,0.00293257
1.093e-007,0.00293085
1.094e-007,0.00294969
1.095e-007,0.00294456
1.096e-007,0.00291715
1.097e-007,0.00287261
1.098e-007,0.00277669
1.099e-007,0.00263451
1.1e-007,0.00245808
1.101e-007,0.00227822
1.102e-007,0.00212405
1.103e-007,0.00202984
1.104e-007,0.00202813
1.105e-007,0.00207438
1.106e-007,0.00217887
1.107e-007,0.00225253
1.108e-007,0.00229021
1.109e-007,0.00223026
1.11e-007,0.00212063
1.111e-007,0.00195276
1.112e-007,0.00176605
1.113e-007,0.00162387
1.114e-007,0.00150397
1.115e-007,0.00146114
1.116e-007,0.00146286
1.117e-007,0.00144744
1.118e-007,0.00140976
1.119e-007,0.0012967
1.12e-007,0.00118707
1.121e-007,0.00108601
1.122e-007,0.00105518
1.123e-007,0.00106545
1.124e-007,0.00109457
1.125e-007,0.00109629
1.126e-007,0.00107573
1.127e-007,0.00102606
1.128e-007,0.000889019
1.129e-007,0.000770826
1.13e-007,0.000654346
1.131e-007,0.000566985
1.132e-007,0.000484764
1.133e-007,0.000405968
1.134e-007,0.000311756
1.135e-007,0.000268933
1.136e-007,0.000229535
1.137e-007,0.000190137
1.138e-007,0.000142175
1.139e-007,0.000128471
1.14e-007,7.70826e-005
1.141e-007,7.53697e-005
1.142e-007,5.48143e-005
1.143e-007,7.36567e-005
1.144e-007,9.93509e-005
1.145e-007,7.53697e-005
1.146e-007,4.45366e-005
1.147e-007,-1.37036e-005
1.148e-007,-4.96755e-005
1.149e-007,-0.00010449
1.15e-007,-0.000171295
1.151e-007,-0.000239813
1.152e-007,-0.000356293
1.153e-007,-0.000452218
1.154e-007,-0.000529301
1.155e-007,-0.000566985
1.156e-007,-0.000596106
1.157e-007,-0.00057555
1.158e-007,-0.000551569
1.159e-007,-0.000572124
1.16e-007,-0.000638929
1.161e-007,-0.000707447
1.162e-007,-0.00078453
1.163e-007,-0.00084277
1.164e-007,-0.000909575
1.165e-007,-0.000954111
1.166e-007,-0.00098837
1.167e-007,-0.000996935
1.168e-007,-0.000974667
1.169e-007,-0.000913001
1.17e-007,-0.000823927
1.171e-007,-0.000787956
1.172e-007,-0.000818789
1.173e-007,-0.000938695
1.174e-007,-0.00109286
1.175e-007,-0.00123332
1.176e-007,-0.00133096
1.177e-007,-0.00132582
1.178e-007,-0.00134295
1.179e-007,-0.00134124
1.18e-007,-0.00137892
1.181e-007,-0.00141147
1.182e-007,-0.001468
1.183e-007,-0.00148512
1.184e-007,-0.00147142
1.185e-007,-0.001468
1.186e-007,-0.001468
1.187e-007,-0.00151938
1.188e-007,-0.00159133
1.189e-007,-0.00165299
1.19e-007,-0.0016667
1.191e-007,-0.00165471
1.192e-007,-0.00160161
1.193e-007,-0.00153309
1.194e-007,-0.00151082
1.195e-007,-0.00156049
1.196e-007,-0.00162387
1.197e-007,-0.00170781
1.198e-007,-0.00177633
1.199e-007,-0.0018123
1.2e-007,-0.00183457
1.201e-007,-0.00181572
1.202e-007,-0.00180373
1.203e-007,-0.00172151
1.204e-007,-0.00167355
1.205e-007,-0.00166156
1.206e-007,-0.00167184
1.207e-007,-0.00176262
1.208e-007,-0.00188424
1.209e-007,-0.00204868
1.21e-007,-0.00217887
1.211e-007,-0.00223368
1.212e-007,-0.00223882
1.213e-007,-0.00219257
1.214e-007,-0.00212919
1.215e-007,-0.0020778
1.216e-007,-0.00204697
1.217e-007,-0.00202299
1.218e-007,-0.00200757
1.219e-007,-0.00201614
1.22e-007,-0.00202813
1.221e-007,-0.00207267
1.222e-007,-0.00215146
1.223e-007,-0.0022097
1.224e-007,-0.00224225
1.225e-007,-0.00224225
1.226e-007,-0.00223368
1.227e-007,-0.00219942
1.228e-007,-0.00216859
1.229e-007,-0.00218058
1.23e-007,-0.00219257
1.231e-007,-0.00219942
1.232e-007,-0.00222683
1.233e-007,-0.00222341
1.234e-007,-0.00221655
1.235e-007,-0.00217716
1.236e-007,-0.00214975
1.237e-007,-0.00211892
1.238e-007,-0.00213433
1.239e-007,-0.00214975
1.24e-007,-0.00219942
1.241e-007,-0.00223026
1.242e-007,-0.00227137
1.243e-007,-0.00229364
1.244e-007,-0.00228165
1.245e-007,-0.00228165
1.246e-007,-0.00224225
1.247e-007,-0.00222169
1.248e-007,-0.00223882
1.249e-007,-0.00225938
1.25e-007,-0.0022885
1.251e-007,-0.00228336
1.252e-007,-0.00226794
1.253e-007,-0.00223711
1.254e-007,-0.00216516
1.255e-007,-0.00208466
1.256e-007,-0.00200757
1.257e-007,-0.00194248
1.258e-007,-0.00186883
1.259e-007,-0.00184313
1.26e-007,-0.00187739
1.261e-007,-0.00195105
1.262e-007,-0.00203155
1.263e-007,-0.00210179
1.264e-007,-0.00212577
1.265e-007,-0.0020778
1.266e-007,-0.00201785
1.267e-007,-0.00194762
1.268e-007,-0.00189109
1.269e-007,-0.00183114
1.27e-007,-0.00180716
1.271e-007,-0.00177804
1.272e-007,-0.0017729
1.273e-007,-0.00180031
1.274e-007,-0.00184998
1.275e-007,-0.00189281
1.276e-007,-0.00189966
1.277e-007,-0.00185683
1.278e-007,-0.00180202
1.279e-007,-0.0017335
1.28e-007,-0.00169068
1.281e-007,-0.00170267
1.282e-007,-0.00174549
1.283e-007,-0.00179174
1.284e-007,-0.00182258
1.285e-007,-0.00183285
1.286e-007,-0.001826
1.287e-007,-0.00180545
1.288e-007,-0.00179346
1.289e-007,-0.00178489
1.29e-007,-0.00179174
1.291e-007,-0.00174721
1.292e-007,-0.00169068
1.293e-007,-0.00165985
1.294e-007,-0.00160503
1.295e-007,-0.00158105
1.296e-007,-0.00159133
1.297e-007,-0.00162045
1.298e-007,-0.00167012
1.299e-007,-0.00168725
1.3e-007,-0.00165128
1.301e-007,-0.00158619
1.302e-007,-0.0015348
1.303e-007,-0.00148512
1.304e-007,-0.00151938
1.305e-007,-0.00155536
1.306e-007,-0.0016136
1.307e-007,-0.00162216
1.308e-007,-0.0016273
1.309e-007,-0.00158105
1.31e-007,-0.00157077
1.311e-007,-0.00158105
1.312e-007,-0.00167355
1.313e-007,-0.00178489
1.314e-007,-0.00186883
1.315e-007,-0.00192535
1.316e-007,-0.00189795
1.317e-007,-0.00183285
1.318e-007,-0.00175577
1.319e-007,-0.00168383
1.32e-007,-0.00164957
1.321e-007,-0.00161531
1.322e-007,-0.00161188
1.323e-007,-0.00165299
1.324e-007,-0.00173522
1.325e-007,-0.00182943
1.326e-007,-0.00190822
1.327e-007,-0.00196304
1.328e-007,-0.00197331
1.329e-007,-0.00196989
1.33e-007,-0.00196989
1.331e-007,-0.00199216
1.332e-007,-0.00203498
1.333e-007,-0.00210692
1.334e-007,-0.00217887
1.335e-007,-0.0022097
1.336e-007,-0.00217202
1.337e-007,-0.0021566
1.338e-007,-0.0021566
1.339e-007,-0.00215831
1.34e-007,-0.00218058
1.341e-007,-0.00218915
1.342e-007,-0.00217716
1.343e-007,-0.00212919
1.344e-007,-0.0021035
1.345e-007,-0.00209322
1.346e-007,-0.00210007
1.347e-007,-0.0021566
1.348e-007,-0.00222854
1.349e-007,-0.00229535
1.35e-007,-0.0023416
1.351e-007,-0.00235701
1.352e-007,-0.00236901
1.353e-007,-0.00238442
1.354e-007,-0.00240326
1.355e-007,-0.0024478
1.356e-007,-0.00250433
1.357e-007,-0.00254373
1.358e-007,-0.00253516
1.359e-007,-0.00246493
1.36e-007,-0.00237243
1.361e-007,-0.00229021
1.362e-007,-0.00225424
1.363e-007,-0.00229021
1.364e-007,-0.00238271
1.365e-007,-0.00251118
1.366e-007,-0.00261224
1.367e-007,-0.00267391
1.368e-007,-0.00268419
1.369e-007,-0.00266363
1.37e-007,-0.00264993
1.371e-007,-0.00262081
1.372e-007,-0.00260025
1.373e-007,-0.00260711
1.374e-007,-0.00266363
1.375e-007,-0.00274243
1.376e-007,-0.00284863
1.377e-007,-0.00294113
1.378e-007,-0.00298053
1.379e-007,-0.00298224
1.38e-007,-0.00295997
1.381e-007,-0.00291372
1.382e-007,-0.00290858
1.383e-007,-0.00292571
1.384e-007,-0.00297196
1.385e-007,-0.00299252
1.386e-007,-0.00295312
1.387e-007,-0.00292914
1.388e-007,-0.00290173
1.389e-007,-0.0029103
1.39e-007,-0.00294456
1.391e-007,-0.00295655
1.392e-007,-0.00298053
1.393e-007,-0.00298738
1.394e-007,-0.00299423
1.395e-007,-0.0030165
1.396e-007,-0.00306275
1.397e-007,-0.00311585
1.398e-007,-0.00313469
1.399e-007,-0.00312442
1.4e-007,-0.00304905
1.401e-007,-0.00296511
1.402e-007,-0.00289488
1.403e-007,-0.00284863
1.404e-007,-0.00287604
1.405e-007,-0.00298738
1.406e-007,-0.00311071
1.407e-007,-0.00323747
1.408e-007,-0.00331627
1.409e-007,-0.00331969
1.41e-007,-0.00326145
1.411e-007,-0.00318779
1.412e-007,-0.00311585
1.413e-007,-0.00311414
1.414e-007,-0.00315354
1.415e-007,-0.00325117
1.416e-007,-0.00335909
1.417e-007,-0.00341904
1.418e-007,-0.00339163
1.419e-007,-0.00331627
1.42e-007,-0.00319978
1.421e-007,-0.00308673
1.422e-007,-0.00299594
1.423e-007,-0.00295826
1.424e-007,-0.00294113
1.425e-007,-0.0029377
1.426e-007,-0.00292914
1.427e-007,-0.00291886
1.428e-007,-0.00288803
1.429e-007,-0.00287261
1.43e-007,-0.00288974
1.431e-007,-0.00292743
1.432e-007,-0.00299252
1.433e-007,-0.00304733
1.434e-007,-0.00308844
1.435e-007,-0.00309701
1.436e-007,-0.0030696
1.437e-007,-0.00300451
1.438e-007,-0.00290858
1.439e-007,-0.00282808
1.44e-007,-0.00277497
1.441e-007,-0.00277326
1.442e-007,-0.0027784
1.443e-007,-0.00284349
1.444e-007,-0.00289488
1.445e-007,-0.00293257
1.446e-007,-0.00296511
1.447e-007,-0.00298053
1.448e-007,-0.00298224
1.449e-007,-0.00292743
1.45e-007,-0.00285034
1.451e-007,-0.0027253
1.452e-007,-0.00259511
1.453e-007,-0.00245808
1.454e-007,-0.0023553
1.455e-007,-0.00229706
1.456e-007,-0.00229535
1.457e-007,-0.00230563
1.458e-007,-0.00230563
1.459e-007,-0.00228165
1.46e-007,-0.0022628
1.461e-007,-0.002196
1.462e-007,-0.0021172
1.463e-007,-0.00206581
1.464e-007,-0.00207952
1.465e-007,-0.00209151
1.466e-007,-0.00215831
1.467e-007,-0.00223711
1.468e-007,-0.00228165
1.469e-007,-0.00224053
1.47e-007,-0.00211378
1.471e-007,-0.00193563
1.472e-007,-0.00177633
1.473e-007,-0.00167526
1.474e-007,-0.00163073
1.475e-007,-0.00168554
1.476e-007,-0.00176605
1.477e-007,-0.00180202
1.478e-007,-0.00181744
1.479e-007,-0.00178318
1.48e-007,-0.00169753
1.481e-007,-0.00159475
1.482e-007,-0.00150397
1.483e-007,-0.00145087
1.484e-007,-0.00144401
1.485e-007,-0.001456
1.486e-007,-0.00147656
1.487e-007,-0.00145943
1.488e-007,-0.00140804
1.489e-007,-0.00133267
1.49e-007,-0.00121791
1.491e-007,-0.00113397
1.492e-007,-0.00106545
1.493e-007,-0.00103291
1.494e-007,-0.00103805
1.495e-007,-0.0010449
1.496e-007,-0.0010192
1.497e-007,-0.000981519
1.498e-007,-0.000935269
1.499e-007,-0.000870177
1.5e-007,-0.000829066
1.501e-007,-0.000798233
1.502e-007,-0.000799946
1.503e-007,-0.000775965
1.504e-007,-0.000714299
1.505e-007,-0.000614948
1.506e-007,-0.000501893
1.507e-007,-0.000387126
1.508e-007,-0.000291201
1.509e-007,-0.000195276
1.51e-007,-0.000130184
1.511e-007,-0.000128471
1.512e-007,-0.0001456
1.513e-007,-0.000179859
1.514e-007,-0.000232961
1.515e-007,-0.000265507
1.516e-007,-0.000239813
1.517e-007,-0.000174721
1.518e-007,-5.48143e-005
1.519e-007,9.07862e-005
1.52e-007,0.000222683
1.521e-007,0.000327173
1.522e-007,0.000387126
1.523e-007,0.000421385
1.524e-007,0.000392265
1.525e-007,0.000342589
1.526e-007,0.000298053
1.527e-007,0.000262081
1.528e-007,0.000272359
1.529e-007,0.000313469
1.53e-007,0.000376848
1.531e-007,0.00044194
1.532e-007,0.000498468
1.533e-007,0.000565272
1.534e-007,0.000642355
1.535e-007,0.000685179
1.536e-007,0.000736567
1.537e-007,0.0007674
1.538e-007,0.000830779
1.539e-007,0.000883881
1.54e-007,0.000942121
1.541e-007,0.0010055
1.542e-007,0.00102606
1.543e-007,0.000996935
1.544e-007,0.000981519
1.545e-007,0.000971241
1.546e-007,0.000996935
1.547e-007,0.00106031
1.548e-007,0.00115453
1.549e-007,0.00127615
1.55e-007,0.00140804
1.551e-007,0.00151596
1.552e-007,0.0015879
1.553e-007,0.00164272
1.554e-007,0.00165128
1.555e-007,0.00161702
1.556e-007,0.00156049
1.557e-007,0.00153137
1.558e-007,0.00152452
1.559e-007,0.00157249
1.56e-007,0.00165813
1.561e-007,0.00174035
1.562e-007,0.00181915
1.563e-007,0.00185683
1.564e-007,0.00188424
1.565e-007,0.00192193
1.566e-007,0.00200072
1.567e-007,0.00210864
1.568e-007,0.00224396
1.569e-007,0.00233989
1.57e-007,0.00238956
1.571e-007,0.00237243
1.572e-007,0.00232447
1.573e-007,0.00226623
1.574e-007,0.00225253
1.575e-007,0.00225595
1.576e-007,0.00226109
1.577e-007,0.00226965
1.578e-007,0.00224225
1.579e-007,0.00221484
1.58e-007,0.00221655
1.581e-007,0.00224739
1.582e-007,0.00237072
1.583e-007,0.00251974
1.584e-007,0.0026722
1.585e-007,0.0027921
1.586e-007,0.00283493
1.587e-007,0.00278868
1.588e-007,0.00268419
1.589e-007,0.0025797
1.59e-007,0.00253859
1.591e-007,0.00254544
1.592e-007,0.00261396
1.593e-007,0.00268247
1.594e-007,0.00273044
1.595e-007,0.00272872
1.596e-007,0.00272016
1.597e-007,0.00271673
1.598e-007,0.00273215
1.599e-007,0.00278354
1.6e-007,0.00282294
1.601e-007,0.00286576
1.602e-007,0.00285891
1.603e-007,0.00284349
1.604e-007,0.00279382
1.605e-007,0.00272872
1.606e-007,0.00268076
1.607e-007,0.00265678
1.608e-007,0.00269618
1.609e-007,0.00275099
1.61e-007,0.0028572
1.611e-007,0.00294113
1.612e-007,0.00301136
1.613e-007,0.00300622
1.614e-007,0.00297196
1.615e-007,0.00292229
1.616e-007,0.0028709
1.617e-007,0.00283664
1.618e-007,0.00283835
1.619e-007,0.00287432
1.62e-007,0.00294113
1.621e-007,0.00301307
1.622e-007,0.00305932
1.623e-007,0.00311414
1.624e-007,0.00315525
1.625e-007,0.00321006
1.626e-007,0.00322719
1.627e-007,0.00320835
1.628e-007,0.00318779
1.629e-007,0.0031758
1.63e-007,0.00312784
1.631e-007,0.00307817
1.632e-007,0.0030165
1.633e-007,0.00298053
1.634e-007,0.00297881
1.635e-007,0.00300793
1.636e-007,0.00305418
1.637e-007,0.00310215
1.638e-007,0.00311585
1.639e-007,0.003109
1.64e-007,0.00308159
1.641e-007,0.00307131
1.642e-007,0.00304048
1.643e-007,0.00304562
1.644e-007,0.00304905
1.645e-007,0.00307303
1.646e-007,0.00310215
1.647e-007,0.00311242
1.648e-007,0.00313469
1.649e-007,0.00313298
1.65e-007,0.00311242
1.651e-007,0.00307988
1.652e-007,0.00306446
1.653e-007,0.0030302
1.654e-007,0.00303192
1.655e-007,0.0030559
1.656e-007,0.00309529
1.657e-007,0.00309701
1.658e-007,0.00312099
1.659e-007,0.00312613
1.66e-007,0.00312099
1.661e-007,0.00308159
1.662e-007,0.0030559
1.663e-007,0.00299423
1.664e-007,0.00294798
1.665e-007,0.00294969
1.666e-007,0.00294798
1.667e-007,0.00294113
1.668e-007,0.00291886
1.669e-007,0.00291886
1.67e-007,0.0028846
1.671e-007,0.00287946
1.672e-007,0.00286405
1.673e-007,0.00293428
1.674e-007,0.00297368
1.675e-007,0.00302506
1.676e-007,0.00305761
1.677e-007,0.00309187
1.678e-007,0.00309701
1.679e-007,0.00307474
1.68e-007,0.00305247
1.681e-007,0.0030028
1.682e-007,0.00295655
1.683e-007,0.00291886
1.684e-007,0.0029103
1.685e-007,0.00290516
1.686e-007,0.00289145
1.687e-007,0.00284692
1.688e-007,0.00281608
1.689e-007,0.00273215
1.69e-007,0.00265507
1.691e-007,0.00261053
1.692e-007,0.00256771
1.693e-007,0.00257456
1.694e-007,0.00258998
1.695e-007,0.00263965
1.696e-007,0.00269275
1.697e-007,0.00272016
1.698e-007,0.00270303
1.699e-007,0.00268419
1.7e-007,0.00263623
1.701e-007,0.00255914
1.702e-007,0.00250775
1.703e-007,0.00247007
1.704e-007,0.00245808
1.705e-007,0.00249919
1.706e-007,0.00254373
1.707e-007,0.00256428
1.708e-007,0.0025266
1.709e-007,0.00246664
1.71e-007,0.0023947
1.711e-007,0.00232447
1.712e-007,0.00231933
1.713e-007,0.00239641
1.714e-007,0.00254544
1.715e-007,0.00268247
1.716e-007,0.00272701
1.717e-007,0.00263109
1.718e-007,0.00246322
1.719e-007,0.00226794
1.72e-007,0.00213091
1.721e-007,0.00203669
1.722e-007,0.00206924
1.723e-007,0.00218058
1.724e-007,0.00226623
1.725e-007,0.00230049
1.726e-007,0.0022491
1.727e-007,0.00215831
1.728e-007,0.00203841
1.729e-007,0.00195276
1.73e-007,0.00192707
1.731e-007,0.00190651
1.732e-007,0.00190994
1.733e-007,0.00192021
1.734e-007,0.00191165
1.735e-007,0.0019579
1.736e-007,0.00198531
1.737e-007,0.00200929
1.738e-007,0.00202299
1.739e-007,0.0019973
1.74e-007,0.00193734
1.741e-007,0.00187054
1.742e-007,0.00182086
1.743e-007,0.00178489
1.744e-007,0.00178146
1.745e-007,0.00177975
1.746e-007,0.00170267
1.747e-007,0.0016273
1.748e-007,0.00152966
1.749e-007,0.00142688
1.75e-007,0.00138235
1.751e-007,0.00140976
1.752e-007,0.001456
1.753e-007,0.00150568
1.754e-007,0.00153994
1.755e-007,0.00154508
1.756e-007,0.00149369
