LECROYWM8500,500500138,Waveform
Segments,1,SegmentSize,2002
Segment,TrigTime,TimeSinceSegment1
#1,21-Mar-2024 17:03:14,0                 
Time,Ampl
-2.45e-008,0.000340876
-2.44e-008,0.00030833
-2.43e-008,0.000289488
-2.42e-008,0.000243238
-2.41e-008,0.000202128
-2.4e-008,0.000140462
-2.39e-008,0.000114767
-2.38e-008,0.000147313
-2.37e-008,0.000200415
-2.36e-008,0.000246664
-2.35e-008,0.000316895
-2.34e-008,0.000323747
-2.33e-008,0.000320321
-2.32e-008,0.000291201
-2.31e-008,0.000301479
-2.3e-008,0.000315182
-2.29e-008,0.000344302
-2.28e-008,0.000322034
-2.27e-008,0.00026722
-2.26e-008,0.00020898
-2.25e-008,0.00016273
-2.24e-008,0.000154165
-2.23e-008,0.000193563
-2.22e-008,0.000229535
-2.21e-008,0.000282636
-2.2e-008,0.000292914
-2.19e-008,0.000227822
-2.18e-008,0.000167869
-2.17e-008,0.000131897
-2.16e-008,0.000126758
-2.15e-008,0.000125045
-2.14e-008,0.000161017
-2.13e-008,0.000179859
-2.12e-008,0.000198702
-2.11e-008,0.00020898
-2.1e-008,0.000217544
-2.09e-008,0.000274071
-2.08e-008,0.000311756
-2.07e-008,0.000323747
-2.06e-008,0.000327173
-2.05e-008,0.000282636
-2.04e-008,0.000229535
-2.03e-008,0.000143888
-2.02e-008,0.000109629
-2.01e-008,0.000114767
-2e-008,0.000178146
-1.99e-008,0.000262081
-1.98e-008,0.000346015
-1.97e-008,0.000417959
-1.96e-008,0.000399117
-1.95e-008,0.000346015
-1.94e-008,0.00027921
-1.93e-008,0.000224396
-1.92e-008,0.000236387
-1.91e-008,0.000253516
-1.9e-008,0.00032546
-1.89e-008,0.000385413
-1.88e-008,0.00041282
-1.87e-008,0.00040083
-1.86e-008,0.000352867
-1.85e-008,0.000301479
-1.84e-008,0.000222683
-1.83e-008,0.000181572
-1.82e-008,0.00019185
-1.81e-008,0.00019185
-1.8e-008,0.000224396
-1.79e-008,0.000243238
-1.78e-008,0.000244951
-1.77e-008,0.0002381
-1.76e-008,0.000222683
-1.75e-008,0.0002381
-1.74e-008,0.000272359
-1.73e-008,0.000320321
-1.72e-008,0.000322034
-1.71e-008,0.00029634
-1.7e-008,0.000251803
-1.69e-008,0.000193563
-1.68e-008,0.000149026
-1.67e-008,0.000140462
-1.66e-008,0.000205554
-1.65e-008,0.0002381
-1.64e-008,0.000306617
-1.63e-008,0.000328886
-1.62e-008,0.000346015
-1.61e-008,0.000337451
-1.6e-008,0.000323747
-1.59e-008,0.000291201
-1.58e-008,0.000226109
-1.57e-008,0.000190137
-1.56e-008,0.000147313
-1.55e-008,0.000126758
-1.54e-008,0.000131897
-1.53e-008,0.000150739
-1.52e-008,0.000161017
-1.51e-008,0.000212405
-1.5e-008,0.0002381
-1.49e-008,0.000286062
-1.48e-008,0.000337451
-1.47e-008,0.000381987
-1.46e-008,0.000376848
-1.45e-008,0.00035458
-1.44e-008,0.000327173
-1.43e-008,0.000306617
-1.42e-008,0.00029634
-1.41e-008,0.000322034
-1.4e-008,0.000346015
-1.39e-008,0.000371709
-1.38e-008,0.000364858
-1.37e-008,0.000310043
-1.36e-008,0.000241526
-1.35e-008,0.000155878
-1.34e-008,9.24991e-005
-1.33e-008,7.87956e-005
-1.32e-008,0.000109629
-1.31e-008,0.000181572
-1.3e-008,0.000244951
-1.29e-008,0.00027921
-1.28e-008,0.000287775
-1.27e-008,0.000272359
-1.26e-008,0.000275784
-1.25e-008,0.000236387
-1.24e-008,0.000255229
-1.23e-008,0.000248377
-1.22e-008,0.000253516
-1.21e-008,0.00027921
-1.2e-008,0.000322034
-1.19e-008,0.000346015
-1.18e-008,0.000363145
-1.17e-008,0.000366571
-1.16e-008,0.000337451
-1.15e-008,0.000260368
-1.14e-008,0.000198702
-1.13e-008,0.000149026
-1.12e-008,0.000126758
-1.11e-008,0.000183285
-1.1e-008,0.000265507
-1.09e-008,0.000392265
-1.08e-008,0.000519023
-1.07e-008,0.000608096
-1.06e-008,0.000659485
-1.05e-008,0.000656059
-1.04e-008,0.000654346
-1.03e-008,0.000710873
-1.02e-008,0.000757123
-1.01e-008,0.00085476
-1e-008,0.00093013
-9.9e-009,0.000990083
-9.8e-009,0.000972954
-9.7e-009,0.000909575
-9.6e-009,0.00087189
-9.5e-009,0.000853048
-9.4e-009,0.000859899
-9.3e-009,0.000865038
-9.2e-009,0.000875316
-9.1e-009,0.000868464
-9e-009,0.000875316
-8.9e-009,0.000873603
-8.8e-009,0.000877029
-8.7e-009,0.000909575
-8.6e-009,0.000894158
-8.5e-009,0.000877029
-8.4e-009,0.000832492
-8.3e-009,0.000786243
-8.2e-009,0.000760548
-8.1e-009,0.000743419
-8e-009,0.000763974
-7.9e-009,0.000787956
-7.8e-009,0.000794807
-7.7e-009,0.000787956
-7.6e-009,0.000774252
-7.5e-009,0.000690318
-7.4e-009,0.000560134
-7.3e-009,0.000385413
-7.2e-009,0.000202128
-7.1e-009,8.22214e-005
-7e-009,2.05554e-005
-6.9e-009,7.53697e-005
-6.8e-009,0.00020898
-6.7e-009,0.000392265
-6.6e-009,0.000527588
-6.5e-009,0.000654346
-6.4e-009,0.000690318
-6.3e-009,0.00068004
-6.2e-009,0.000642355
-6.1e-009,0.000529301
-6e-009,0.000414533
-5.9e-009,0.000263794
-5.8e-009,9.5925e-005
-5.7e-009,-5.48143e-005
-5.6e-009,-0.000207267
-5.5e-009,-0.000301479
-5.4e-009,-0.000366571
-5.3e-009,-0.000287775
-5.2e-009,-3.42589e-005
-5.1e-009,0.000548143
-5e-009,0.00142346
-4.9e-009,0.00259511
-4.8e-009,0.00397918
-4.7e-009,0.00546087
-4.6e-009,0.0068929
-4.5e-009,0.00824099
-4.4e-009,0.00947602
-4.3e-009,0.0106151
-4.2e-009,0.0116549
-4.1e-009,0.0125662
-4e-009,0.0132976
-3.9e-009,0.0138098
-3.8e-009,0.0140102
-3.7e-009,0.013832
-3.6e-009,0.0132925
-3.5e-009,0.0123812
-3.4e-009,0.0111616
-3.3e-009,0.00977407
-3.2e-009,0.00831636
-3.1e-009,0.00696313
-3e-009,0.00578976
-2.9e-009,0.00486477
-2.8e-009,0.00424126
-2.7e-009,0.00391066
-2.6e-009,0.00386441
-2.5e-009,0.00404598
-2.4e-009,0.00437144
-2.3e-009,0.00477398
-2.2e-009,0.00524162
-2.1e-009,0.00574865
-2e-009,0.00631221
-1.9e-009,0.00691517
-1.8e-009,0.00755581
-1.7e-009,0.00820844
-1.6e-009,0.00884052
-1.5e-009,0.0093544
-1.4e-009,0.0097775
-1.3e-009,0.0100687
-1.2e-009,0.0102965
-1.1e-009,0.0104678
-1e-009,0.0106134
-9e-010,0.0107299
-8e-010,0.0107607
-7e-010,0.0105894
-6e-010,0.0102503
-5e-010,0.00966787
-4e-010,0.00884223
-3e-010,0.00782303
-2e-010,0.00664623
-1e-010,0.00541634
4.138488e-023,0.00426524
1e-010,0.00331969
2e-010,0.00269618
3e-010,0.00248549
4e-010,0.00260711
5e-010,0.00298909
6e-010,0.00352353
7e-010,0.00410422
8e-010,0.00464551
9e-010,0.00515254
1e-009,0.00565958
1.1e-009,0.00617689
1.2e-009,0.00674045
1.3e-009,0.007316
1.4e-009,0.00788983
1.5e-009,0.008414
1.6e-009,0.00888334
1.7e-009,0.00926362
1.8e-009,0.00949315
1.9e-009,0.0095394
2e-009,0.00944176
2.1e-009,0.00912144
2.2e-009,0.00865552
2.3e-009,0.00802687
2.4e-009,0.00726289
2.5e-009,0.00638244
2.6e-009,0.00543518
2.7e-009,0.0044725
2.8e-009,0.00353381
2.9e-009,0.00270474
3e-009,0.002011
3.1e-009,0.00154337
3.2e-009,0.00127443
3.3e-009,0.00122476
3.4e-009,0.00138406
3.5e-009,0.00174035
3.6e-009,0.00225938
3.7e-009,0.00287261
3.8e-009,0.00357835
3.9e-009,0.00430292
4e-009,0.00501208
4.1e-009,0.00568013
4.2e-009,0.00631392
4.3e-009,0.00688776
4.4e-009,0.00737595
4.5e-009,0.0077528
4.6e-009,0.00796349
4.7e-009,0.00798576
4.8e-009,0.00778363
4.9e-009,0.0073965
5e-009,0.00680896
5.1e-009,0.0061392
5.2e-009,0.0053718
5.3e-009,0.0046044
5.4e-009,0.00380274
5.5e-009,0.00302849
5.6e-009,0.00227993
5.7e-009,0.00153823
5.8e-009,0.000846196
5.9e-009,0.000292914
6e-009,-9.24991e-005
6.1e-009,-0.000232961
6.2e-009,-0.00011648
6.3e-009,0.00027921
6.4e-009,0.000868464
6.5e-009,0.00158619
6.6e-009,0.00240498
6.7e-009,0.00324946
6.8e-009,0.00411621
6.9e-009,0.00492472
7e-009,0.00569212
7.1e-009,0.00635503
7.2e-009,0.00690318
7.3e-009,0.00724405
7.4e-009,0.0074359
7.5e-009,0.00743933
7.6e-009,0.00729373
7.7e-009,0.00692031
7.8e-009,0.00640128
7.9e-009,0.00571782
8e-009,0.00493329
8.1e-009,0.00403056
8.2e-009,0.00311585
8.3e-009,0.00221141
8.4e-009,0.00139263
8.5e-009,0.000645781
8.6e-009,3.2546e-005
8.7e-009,-0.000388839
8.8e-009,-0.000628652
8.9e-009,-0.000686892
9e-009,-0.000565272
9.1e-009,-0.000310043
9.2e-009,7.19438e-005
9.3e-009,0.000597818
9.4e-009,0.0012573
9.5e-009,0.00201785
9.6e-009,0.00284349
9.7e-009,0.0036777
9.8e-009,0.00441426
9.9e-009,0.00499667
1e-008,0.00538722
1.01e-008,0.00560134
1.02e-008,0.00565958
1.03e-008,0.00557222
1.04e-008,0.00538208
1.05e-008,0.00505491
1.06e-008,0.00464037
1.07e-008,0.00414533
1.08e-008,0.00355608
1.09e-008,0.00288974
1.1e-008,0.00218743
1.11e-008,0.00145943
1.12e-008,0.00078453
1.13e-008,0.000195276
1.14e-008,-0.000277497
1.15e-008,-0.000635503
1.16e-008,-0.000909575
1.17e-008,-0.00108087
1.18e-008,-0.00122304
1.19e-008,-0.00125216
1.2e-008,-0.001098
1.21e-008,-0.000770826
1.22e-008,-0.000246664
1.23e-008,0.000440227
1.24e-008,0.00122476
1.25e-008,0.00206239
1.26e-008,0.00287604
1.27e-008,0.00364001
1.28e-008,0.00431663
1.29e-008,0.00488361
1.3e-008,0.00525875
1.31e-008,0.00545745
1.32e-008,0.00545574
1.33e-008,0.00528787
1.34e-008,0.00496755
1.35e-008,0.00452903
1.36e-008,0.00399288
1.37e-008,0.00337451
1.38e-008,0.00266363
1.39e-008,0.00191679
1.4e-008,0.00114425
1.41e-008,0.000419672
1.42e-008,-0.000236387
1.43e-008,-0.00075541
1.44e-008,-0.00113397
1.45e-008,-0.00136008
1.46e-008,-0.00138577
1.47e-008,-0.00122818
1.48e-008,-0.000887306
1.49e-008,-0.00040083
1.5e-008,0.000212405
1.51e-008,0.000892445
1.52e-008,0.00162901
1.53e-008,0.00236901
1.54e-008,0.00307474
1.55e-008,0.00373422
1.56e-008,0.00430977
1.57e-008,0.00472945
1.58e-008,0.00506005
1.59e-008,0.0052519
1.6e-008,0.00532213
1.61e-008,0.00520736
1.62e-008,0.00493671
1.63e-008,0.00449649
1.64e-008,0.00396376
1.65e-008,0.00331455
1.66e-008,0.00260882
1.67e-008,0.00189966
1.68e-008,0.00120078
1.69e-008,0.00056356
1.7e-008,-5.13884e-005
1.71e-008,-0.000558421
1.72e-008,-0.000926704
1.73e-008,-0.00112712
1.74e-008,-0.00109629
1.75e-008,-0.000945547
1.76e-008,-0.000644068
1.77e-008,-0.00025009
1.78e-008,0.000226109
1.79e-008,0.000775965
1.8e-008,0.00136693
1.81e-008,0.0020247
1.82e-008,0.00272016
1.83e-008,0.00339677
1.84e-008,0.00399631
1.85e-008,0.0044451
1.86e-008,0.00473287
1.87e-008,0.00485792
1.88e-008,0.00480995
1.89e-008,0.00464037
1.9e-008,0.00434403
1.91e-008,0.00397061
1.92e-008,0.00352011
1.93e-008,0.00299081
1.94e-008,0.00244095
1.95e-008,0.00184656
1.96e-008,0.0012573
1.97e-008,0.000714299
1.98e-008,0.000227822
1.99e-008,-0.000147313
2e-008,-0.000426524
2.01e-008,-0.000584115
2.02e-008,-0.000642355
2.03e-008,-0.000608096
2.04e-008,-0.000467634
2.05e-008,-0.000196989
2.06e-008,0.00016273
2.07e-008,0.000664623
2.08e-008,0.00124531
2.09e-008,0.00189966
2.1e-008,0.00254201
2.11e-008,0.00315525
2.12e-008,0.00367941
2.13e-008,0.00410251
2.14e-008,0.00440399
2.15e-008,0.00454787
2.16e-008,0.00454616
2.17e-008,0.00443139
2.18e-008,0.00419501
2.19e-008,0.00386098
2.2e-008,0.00344645
2.21e-008,0.0029771
2.22e-008,0.00245808
2.23e-008,0.00192021
2.24e-008,0.00139948
2.25e-008,0.000954111
2.26e-008,0.000573837
2.27e-008,0.000265507
2.28e-008,3.76848e-005
2.29e-008,-0.000181572
2.3e-008,-0.000340876
2.31e-008,-0.000448792
2.32e-008,-0.000423098
2.33e-008,-0.000215831
2.34e-008,0.0001456
2.35e-008,0.000664623
2.36e-008,0.00121962
2.37e-008,0.00179346
2.38e-008,0.00233132
2.39e-008,0.00281095
2.4e-008,0.00328886
2.41e-008,0.00375135
2.42e-008,0.00419501
2.43e-008,0.00458727
2.44e-008,0.0048288
2.45e-008,0.00489903
2.46e-008,0.00480653
2.47e-008,0.00456329
2.48e-008,0.00422927
2.49e-008,0.00384728
2.5e-008,0.00342075
2.51e-008,0.00299594
2.52e-008,0.00251289
2.53e-008,0.00200243
2.54e-008,0.00149369
2.55e-008,0.00104318
2.56e-008,0.000638929
2.57e-008,0.000364858
2.58e-008,0.000219257
2.59e-008,0.000203841
2.6e-008,0.000316895
2.61e-008,0.000505319
2.62e-008,0.000777678
2.63e-008,0.0011648
2.64e-008,0.00159304
2.65e-008,0.00207609
2.66e-008,0.00259683
2.67e-008,0.0030833
2.68e-008,0.00357663
2.69e-008,0.00398945
2.7e-008,0.00434917
2.71e-008,0.00461468
2.72e-008,0.00478769
2.73e-008,0.00479283
2.74e-008,0.0046438
2.75e-008,0.00434403
2.76e-008,0.00390381
2.77e-008,0.0033865
2.78e-008,0.00282808
2.79e-008,0.00228165
2.8e-008,0.00174892
2.81e-008,0.00124703
2.82e-008,0.00079652
2.83e-008,0.000409394
2.84e-008,5.99531e-005
2.85e-008,-0.000205554
2.86e-008,-0.000388839
2.87e-008,-0.000445366
2.88e-008,-0.000363145
2.89e-008,-0.000183285
2.9e-008,8.73603e-005
2.91e-008,0.00041282
2.92e-008,0.000760548
2.93e-008,0.00113397
2.94e-008,0.00149712
2.95e-008,0.00189452
2.96e-008,0.00223711
2.97e-008,0.00256428
2.98e-008,0.00281951
2.99e-008,0.00297025
3e-008,0.00302164
3.01e-008,0.00299252
3.02e-008,0.00289659
3.03e-008,0.00276984
3.04e-008,0.00257456
3.05e-008,0.00235016
3.06e-008,0.00207952
3.07e-008,0.00175577
3.08e-008,0.00136008
3.09e-008,0.000926704
3.1e-008,0.000491616
3.11e-008,6.3379e-005
3.12e-008,-0.000310043
3.13e-008,-0.000623513
3.14e-008,-0.000839344
3.15e-008,-0.000948973
3.16e-008,-0.000967815
3.17e-008,-0.000863325
3.18e-008,-0.000652633
3.19e-008,-0.000361432
3.2e-008,-4.11107e-005
3.21e-008,0.000303192
3.22e-008,0.000596106
3.23e-008,0.000870177
3.24e-008,0.00111342
3.25e-008,0.00135323
3.26e-008,0.00162216
3.27e-008,0.00188082
3.28e-008,0.00208466
3.29e-008,0.00224053
3.3e-008,0.00225253
3.31e-008,0.00213776
3.32e-008,0.00192707
3.33e-008,0.0015742
3.34e-008,0.00117508
3.35e-008,0.000753697
3.36e-008,0.000301479
3.37e-008,-0.000126758
3.38e-008,-0.000498468
3.39e-008,-0.000823927
3.4e-008,-0.00110999
3.41e-008,-0.00134466
3.42e-008,-0.00150397
3.43e-008,-0.00161702
3.44e-008,-0.00166841
3.45e-008,-0.00163586
3.46e-008,-0.00149026
3.47e-008,-0.00126415
3.48e-008,-0.000993509
3.49e-008,-0.000693743
3.5e-008,-0.000409394
3.51e-008,-0.000123332
3.52e-008,0.000161017
3.53e-008,0.000390552
3.54e-008,0.000608096
3.55e-008,0.000758835
3.56e-008,0.000859899
3.57e-008,0.000885594
3.58e-008,0.000865038
3.59e-008,0.000794807
3.6e-008,0.00068004
3.61e-008,0.000519023
3.62e-008,0.000268933
3.63e-008,-4.45366e-005
3.64e-008,-0.00045907
3.65e-008,-0.000924991
3.66e-008,-0.00138235
3.67e-008,-0.00179003
3.68e-008,-0.00213262
3.69e-008,-0.00239299
3.7e-008,-0.00261224
3.71e-008,-0.00278183
3.72e-008,-0.00290002
3.73e-008,-0.00291201
3.74e-008,-0.00282122
3.75e-008,-0.00260368
3.76e-008,-0.00226965
3.77e-008,-0.00190651
3.78e-008,-0.00153137
3.79e-008,-0.00117851
3.8e-008,-0.00091814
3.81e-008,-0.000707447
3.82e-008,-0.000539578
3.83e-008,-0.000414533
3.84e-008,-0.00032546
3.85e-008,-0.00029634
3.86e-008,-0.000349441
3.87e-008,-0.00047106
3.88e-008,-0.000693743
3.89e-008,-0.000969528
3.9e-008,-0.00128128
3.91e-008,-0.00159304
3.92e-008,-0.00187396
3.93e-008,-0.00214804
3.94e-008,-0.00245808
3.95e-008,-0.0027784
3.96e-008,-0.00310043
3.97e-008,-0.00337964
3.98e-008,-0.00359376
3.99e-008,-0.00370853
4e-008,-0.00373251
4.01e-008,-0.00366913
4.02e-008,-0.00355779
4.03e-008,-0.00339849
4.04e-008,-0.00317409
4.05e-008,-0.00287261
4.06e-008,-0.00256086
4.07e-008,-0.00226109
4.08e-008,-0.00198359
4.09e-008,-0.00175577
4.1e-008,-0.0015485
4.11e-008,-0.00136864
4.12e-008,-0.0012573
4.13e-008,-0.00113397
4.14e-008,-0.00113397
4.15e-008,-0.00112883
4.16e-008,-0.00124703
4.17e-008,-0.00136008
4.18e-008,-0.00151938
4.19e-008,-0.00172151
4.2e-008,-0.00197503
4.21e-008,-0.00229535
4.22e-008,-0.0026465
4.23e-008,-0.00296854
4.24e-008,-0.00324946
4.25e-008,-0.00340705
4.26e-008,-0.00347386
4.27e-008,-0.00345844
4.28e-008,-0.00342589
4.29e-008,-0.00339506
4.3e-008,-0.00334367
4.31e-008,-0.00330256
4.32e-008,-0.00317409
4.33e-008,-0.00302335
4.34e-008,-0.00285206
4.35e-008,-0.00264479
4.36e-008,-0.00245808
4.37e-008,-0.00227822
4.38e-008,-0.0020898
4.39e-008,-0.00190308
4.4e-008,-0.00172151
4.41e-008,-0.00156221
4.42e-008,-0.00149369
4.43e-008,-0.00149026
4.44e-008,-0.00161188
4.45e-008,-0.0017866
4.46e-008,-0.00201785
4.47e-008,-0.00227479
4.48e-008,-0.00250947
4.49e-008,-0.00273215
4.5e-008,-0.00289831
4.51e-008,-0.00308673
4.52e-008,-0.00324775
4.53e-008,-0.00339677
4.54e-008,-0.00354923
4.55e-008,-0.00369654
4.56e-008,-0.00381645
4.57e-008,-0.0038764
4.58e-008,-0.0038764
4.59e-008,-0.0037839
4.6e-008,-0.00363316
4.61e-008,-0.00344645
4.62e-008,-0.00321691
4.63e-008,-0.00297196
4.64e-008,-0.00273044
4.65e-008,-0.00247178
4.66e-008,-0.00225253
4.67e-008,-0.0020504
4.68e-008,-0.00190308
4.69e-008,-0.00181572
4.7e-008,-0.00175748
4.71e-008,-0.00172665
4.72e-008,-0.00173522
4.73e-008,-0.00181401
4.74e-008,-0.00191679
4.75e-008,-0.00205554
4.76e-008,-0.00222341
4.77e-008,-0.00239641
4.78e-008,-0.00255914
4.79e-008,-0.00271502
4.8e-008,-0.00286062
4.81e-008,-0.00299081
4.82e-008,-0.00306789
4.83e-008,-0.00312099
4.84e-008,-0.00311071
4.85e-008,-0.0030302
4.86e-008,-0.00294456
4.87e-008,-0.00283493
4.88e-008,-0.00274414
4.89e-008,-0.00262766
4.9e-008,-0.00248035
4.91e-008,-0.0023159
4.92e-008,-0.00211549
4.93e-008,-0.00192193
4.94e-008,-0.00171637
4.95e-008,-0.00153823
4.96e-008,-0.00138749
4.97e-008,-0.00127957
4.98e-008,-0.00118707
4.99e-008,-0.00108087
5e-008,-0.00104318
5.01e-008,-0.00106374
5.02e-008,-0.00114596
5.03e-008,-0.00126244
5.04e-008,-0.00138749
5.05e-008,-0.0014954
5.06e-008,-0.00155536
5.07e-008,-0.00155193
5.08e-008,-0.00158105
5.09e-008,-0.00162387
5.1e-008,-0.00174721
5.11e-008,-0.00191336
5.12e-008,-0.00207609
5.13e-008,-0.00217373
5.14e-008,-0.00218058
5.15e-008,-0.00205211
5.16e-008,-0.00184142
5.17e-008,-0.00157249
5.18e-008,-0.0012967
5.19e-008,-0.00102606
5.2e-008,-0.000769113
5.21e-008,-0.000539578
5.22e-008,-0.000347728
5.23e-008,-0.000176434
5.24e-008,0
5.25e-008,0.000114767
5.26e-008,0.000203841
5.27e-008,0.000239813
5.28e-008,0.00025009
5.29e-008,0.000190137
5.3e-008,9.93509e-005
5.31e-008,-1.54165e-005
5.32e-008,-0.000150739
5.33e-008,-0.000291201
5.34e-008,-0.000419672
5.35e-008,-0.000534439
5.36e-008,-0.0006218
5.37e-008,-0.000685179
5.38e-008,-0.000690318
5.39e-008,-0.000693743
5.4e-008,-0.000666336
5.41e-008,-0.000609809
5.42e-008,-0.000527588
5.43e-008,-0.000469347
5.44e-008,-0.000369997
5.45e-008,-0.000286062
5.46e-008,-0.000178146
5.47e-008,-3.76848e-005
5.48e-008,0.000143888
5.49e-008,0.000322034
5.5e-008,0.000515597
5.51e-008,0.000671475
5.52e-008,0.000791381
5.53e-008,0.000858186
5.54e-008,0.000889019
5.55e-008,0.000931843
5.56e-008,0.000983232
5.57e-008,0.00101578
5.58e-008,0.00104147
5.59e-008,0.000991796
5.6e-008,0.000890732
5.61e-008,0.000779391
5.62e-008,0.000666336
5.63e-008,0.00059268
5.64e-008,0.000532726
5.65e-008,0.000467634
5.66e-008,0.000409394
5.67e-008,0.000352867
5.68e-008,0.000332312
5.69e-008,0.000363145
5.7e-008,0.000477912
5.71e-008,0.0006218
5.72e-008,0.000789669
5.73e-008,0.000952398
5.74e-008,0.00107916
5.75e-008,0.00121791
5.76e-008,0.00135665
5.77e-008,0.00151425
5.78e-008,0.0017061
5.79e-008,0.00190137
5.8e-008,0.00206581
5.81e-008,0.00215831
5.82e-008,0.00222512
5.83e-008,0.00223197
5.84e-008,0.00220628
5.85e-008,0.00218229
5.86e-008,0.0021566
5.87e-008,0.00214461
5.88e-008,0.00214461
5.89e-008,0.00213604
5.9e-008,0.00212919
5.91e-008,0.00214118
5.92e-008,0.00213091
5.93e-008,0.00214804
5.94e-008,0.00217544
5.95e-008,0.00217716
5.96e-008,0.00218401
5.97e-008,0.00217202
5.98e-008,0.00216345
5.99e-008,0.00217373
6e-008,0.00221655
6.01e-008,0.0023553
6.02e-008,0.00248891
6.03e-008,0.00262937
6.04e-008,0.00273386
6.05e-008,0.00281437
6.06e-008,0.00286062
6.07e-008,0.00292057
6.08e-008,0.00298567
6.09e-008,0.00306275
6.1e-008,0.00318779
6.11e-008,0.00327002
6.12e-008,0.00332997
6.13e-008,0.00333853
6.14e-008,0.00324603
6.15e-008,0.00318608
6.16e-008,0.00310557
6.17e-008,0.00305932
6.18e-008,0.00303363
6.19e-008,0.0030559
6.2e-008,0.0030833
6.21e-008,0.00307988
6.22e-008,0.00300622
6.23e-008,0.0028846
6.24e-008,0.00278354
6.25e-008,0.00271502
6.26e-008,0.00267905
6.27e-008,0.00272359
6.28e-008,0.00283835
6.29e-008,0.00294456
6.3e-008,0.00301821
6.31e-008,0.00305932
6.32e-008,0.00305418
6.33e-008,0.00305076
6.34e-008,0.00306789
6.35e-008,0.00312442
6.36e-008,0.00321863
6.37e-008,0.0033077
6.38e-008,0.00335052
6.39e-008,0.00338992
6.4e-008,0.00337451
6.41e-008,0.00331113
6.42e-008,0.0032289
6.43e-008,0.00313641
6.44e-008,0.00302506
6.45e-008,0.00292571
6.46e-008,0.00279724
6.47e-008,0.00268419
6.48e-008,0.00257799
6.49e-008,0.00247692
6.5e-008,0.00245808
6.51e-008,0.00244266
6.52e-008,0.00247692
6.53e-008,0.00252317
6.54e-008,0.00257285
6.55e-008,0.00258998
6.56e-008,0.00257799
6.57e-008,0.00256428
6.58e-008,0.00257456
6.59e-008,0.00259169
6.6e-008,0.00264308
6.61e-008,0.00270646
6.62e-008,0.00272872
6.63e-008,0.00271159
6.64e-008,0.00267048
6.65e-008,0.00260882
6.66e-008,0.0025797
6.67e-008,0.00260882
6.68e-008,0.00264822
6.69e-008,0.00268076
6.7e-008,0.00268247
6.71e-008,0.00263623
6.72e-008,0.00253345
6.73e-008,0.00242725
6.74e-008,0.0023416
6.75e-008,0.00229535
6.76e-008,0.00227479
6.77e-008,0.0022491
6.78e-008,0.00218229
6.79e-008,0.00208808
6.8e-008,0.00198531
6.81e-008,0.00188767
6.82e-008,0.00183628
6.83e-008,0.00183457
6.84e-008,0.00188424
6.85e-008,0.00192878
6.86e-008,0.00196646
6.87e-008,0.00200072
6.88e-008,0.00196818
6.89e-008,0.00194419
6.9e-008,0.00191507
6.91e-008,0.0018791
6.92e-008,0.00184484
6.93e-008,0.00183628
6.94e-008,0.00183114
6.95e-008,0.00184142
6.96e-008,0.00184313
6.97e-008,0.00180373
6.98e-008,0.00170952
6.99e-008,0.00162045
7e-008,0.00152281
7.01e-008,0.00145258
7.02e-008,0.00140633
7.03e-008,0.00137892
7.04e-008,0.00133952
7.05e-008,0.00128128
7.06e-008,0.0011905
7.07e-008,0.00106545
7.08e-008,0.000957537
7.09e-008,0.000861612
7.1e-008,0.000811937
7.11e-008,0.000779391
7.12e-008,0.000772539
7.13e-008,0.000765687
7.14e-008,0.000729715
7.15e-008,0.000685179
7.16e-008,0.00063379
7.17e-008,0.00060467
7.18e-008,0.000597818
7.19e-008,0.000625226
7.2e-008,0.000668049
7.21e-008,0.000676614
7.22e-008,0.000649207
7.23e-008,0.000614948
7.24e-008,0.000560134
7.25e-008,0.000525875
7.26e-008,0.000515597
7.27e-008,0.000495042
7.28e-008,0.000453931
7.29e-008,0.000371709
7.3e-008,0.000258655
7.31e-008,0.000159304
7.32e-008,6.85179e-005
7.33e-008,1.19906e-005
7.34e-008,-1.02777e-005
7.35e-008,-5.13884e-005
7.36e-008,-9.42121e-005
7.37e-008,-0.000166156
7.38e-008,-0.000215831
7.39e-008,-0.000253516
7.4e-008,-0.000274071
7.41e-008,-0.00026722
7.42e-008,-0.000231248
7.43e-008,-0.000203841
7.44e-008,-0.000149026
7.45e-008,-8.39344e-005
7.46e-008,-3.59719e-005
7.47e-008,2.39813e-005
7.48e-008,5.99531e-005
7.49e-008,6.85179e-005
7.5e-008,2.91201e-005
7.51e-008,-4.28237e-005
7.52e-008,-0.000109629
7.53e-008,-0.000184998
7.54e-008,-0.000217544
7.55e-008,-0.000232961
7.56e-008,-0.000217544
7.57e-008,-0.000227822
7.58e-008,-0.00025009
7.59e-008,-0.000268933
7.6e-008,-0.000315182
7.61e-008,-0.000361432
7.62e-008,-0.000399117
7.63e-008,-0.000417959
7.64e-008,-0.000404255
7.65e-008,-0.000393978
7.66e-008,-0.000352867
7.67e-008,-0.000301479
7.68e-008,-0.000270646
7.69e-008,-0.000243238
7.7e-008,-0.000246664
7.71e-008,-0.000280923
7.72e-008,-0.00032546
7.73e-008,-0.000335738
7.74e-008,-0.000322034
7.75e-008,-0.000258655
7.76e-008,-0.000169582
7.77e-008,-0.000102777
7.78e-008,-4.45366e-005
7.79e-008,8.56473e-006
7.8e-008,2.74071e-005
7.81e-008,4.62496e-005
7.82e-008,5.99531e-005
7.83e-008,7.53697e-005
7.84e-008,5.82402e-005
7.85e-008,3.2546e-005
7.86e-008,1.37036e-005
7.87e-008,3.0833e-005
7.88e-008,5.82402e-005
7.89e-008,0.00010449
7.9e-008,0.000128471
7.91e-008,0.00011648
7.92e-008,8.56473e-005
7.93e-008,1.19906e-005
7.94e-008,6.85179e-006
7.95e-008,-3.42589e-006
7.96e-008,6.16661e-005
7.97e-008,0.000171295
7.98e-008,0.000316895
7.99e-008,0.000462496
8e-008,0.000537865
8.01e-008,0.000554995
8.02e-008,0.000503606
8.03e-008,0.000416246
8.04e-008,0.000352867
8.05e-008,0.000323747
8.06e-008,0.000380274
8.07e-008,0.000496755
8.08e-008,0.000626939
8.09e-008,0.000760548
8.1e-008,0.000829066
8.11e-008,0.000858186
8.12e-008,0.000837631
8.13e-008,0.000830779
8.14e-008,0.000815363
8.15e-008,0.000866751
8.16e-008,0.000926704
8.17e-008,0.00101578
8.18e-008,0.00108087
8.19e-008,0.00110999
8.2e-008,0.00111513
8.21e-008,0.00113226
8.22e-008,0.00112198
8.23e-008,0.00118536
8.24e-008,0.00124017
8.25e-008,0.00131897
8.26e-008,0.00140804
8.27e-008,0.0014423
8.28e-008,0.00147827
8.29e-008,0.00150225
8.3e-008,0.00154679
8.31e-008,0.00159989
8.32e-008,0.00166498
8.33e-008,0.00175063
8.34e-008,0.00180716
8.35e-008,0.00189281
8.36e-008,0.00195447
8.37e-008,0.00204183
8.38e-008,0.00214118
8.39e-008,0.002196
8.4e-008,0.00225595
8.41e-008,0.00226452
8.42e-008,0.00229192
8.43e-008,0.00233132
8.44e-008,0.00241354
8.45e-008,0.00247007
8.46e-008,0.00254886
8.47e-008,0.00257799
8.48e-008,0.00261053
8.49e-008,0.00263109
8.5e-008,0.00263965
8.51e-008,0.0026722
8.52e-008,0.00272359
8.53e-008,0.00279724
8.54e-008,0.00290002
8.55e-008,0.00300108
8.56e-008,0.00313298
8.57e-008,0.00325974
8.58e-008,0.00335909
8.59e-008,0.00345159
8.6e-008,0.00348413
8.61e-008,0.00349784
8.62e-008,0.00352182
8.63e-008,0.00355608
8.64e-008,0.00360404
8.65e-008,0.00369997
8.66e-008,0.00377533
8.67e-008,0.00384043
8.68e-008,0.00389353
8.69e-008,0.00392779
8.7e-008,0.00396718
8.71e-008,0.00401686
8.72e-008,0.00406996
8.73e-008,0.00416589
8.74e-008,0.00426352
8.75e-008,0.00436116
8.76e-008,0.00442797
8.77e-008,0.00446565
8.78e-008,0.00447422
8.79e-008,0.00449649
8.8e-008,0.00453931
8.81e-008,0.00460611
8.82e-008,0.00468662
8.83e-008,0.00480139
8.84e-008,0.00490759
8.85e-008,0.00499667
8.86e-008,0.00503778
8.87e-008,0.00503435
8.88e-008,0.00499324
8.89e-008,0.00496241
8.9e-008,0.00495556
8.91e-008,0.00502236
8.92e-008,0.00511143
8.93e-008,0.00524504
8.94e-008,0.00538037
8.95e-008,0.00544032
8.96e-008,0.0054643
8.97e-008,0.00547458
8.98e-008,0.00546259
8.99e-008,0.00547629
9e-008,0.00554138
9.01e-008,0.00561504
9.02e-008,0.00572467
9.03e-008,0.00584971
9.04e-008,0.0059268
9.05e-008,0.00599531
9.06e-008,0.00602786
9.07e-008,0.006033
9.08e-008,0.00604842
9.09e-008,0.00606383
9.1e-008,0.00611179
9.11e-008,0.00617689
9.12e-008,0.00625226
9.13e-008,0.00631564
9.14e-008,0.00632249
9.15e-008,0.0063105
9.16e-008,0.00628994
9.17e-008,0.00629165
9.18e-008,0.00632591
9.19e-008,0.00640985
9.2e-008,0.00648522
9.21e-008,0.00655887
9.22e-008,0.00656744
9.23e-008,0.00655887
9.24e-008,0.00657258
9.25e-008,0.00659142
9.26e-008,0.00661197
9.27e-008,0.00669077
9.28e-008,0.00679355
9.29e-008,0.00685864
9.3e-008,0.00690489
9.31e-008,0.00691517
9.32e-008,0.00689804
9.33e-008,0.00689804
9.34e-008,0.00688605
9.35e-008,0.00690831
9.36e-008,0.00694429
9.37e-008,0.00698882
9.38e-008,0.00698711
9.39e-008,0.00697169
9.4e-008,0.00694257
9.41e-008,0.00692202
9.42e-008,0.00693401
9.43e-008,0.00697341
9.44e-008,0.0070248
9.45e-008,0.00707447
9.46e-008,0.00712757
9.47e-008,0.00713785
9.48e-008,0.00713614
9.49e-008,0.00709674
9.5e-008,0.00705563
9.51e-008,0.00699739
9.52e-008,0.00700081
9.53e-008,0.00702822
9.54e-008,0.007131
9.55e-008,0.00721836
9.56e-008,0.00728688
9.57e-008,0.00730743
9.58e-008,0.00727146
9.59e-008,0.00720294
9.6e-008,0.00710359
9.61e-008,0.00704535
9.62e-008,0.00701794
9.63e-008,0.00704021
9.64e-008,0.00706419
9.65e-008,0.0070916
9.66e-008,0.00710188
9.67e-008,0.00711558
9.68e-008,0.00712928
9.69e-008,0.00718924
9.7e-008,0.00721151
9.71e-008,0.00722521
9.72e-008,0.00721836
9.73e-008,0.00713614
9.74e-008,0.00704878
9.75e-008,0.00693572
9.76e-008,0.00686378
9.77e-008,0.00683637
9.78e-008,0.00688947
9.79e-008,0.0069597
9.8e-008,0.00701794
9.81e-008,0.00706248
9.82e-008,0.00708132
9.83e-008,0.00706077
9.84e-008,0.00704706
9.85e-008,0.00699225
9.86e-008,0.00695456
9.87e-008,0.00688776
9.88e-008,0.00683808
9.89e-008,0.0067473
9.9e-008,0.0066685
9.91e-008,0.00663767
9.92e-008,0.0066154
9.93e-008,0.00662397
9.94e-008,0.00664281
9.95e-008,0.00667707
9.96e-008,0.00672332
9.97e-008,0.006761
9.98e-008,0.00676271
9.99e-008,0.00676614
1e-007,0.00675072
1.001e-007,0.00672674
1.002e-007,0.00670105
1.003e-007,0.00667022
1.004e-007,0.00663424
1.005e-007,0.00661883
1.006e-007,0.00661369
1.007e-007,0.00659142
1.008e-007,0.00658457
1.009e-007,0.00656744
1.01e-007,0.00653318
1.011e-007,0.00651434
1.012e-007,0.00646637
1.013e-007,0.00646809
1.014e-007,0.00643554
1.015e-007,0.00641327
1.016e-007,0.00638073
1.017e-007,0.00631906
1.018e-007,0.00626939
1.019e-007,0.00621457
1.02e-007,0.00616661
1.021e-007,0.00614263
1.022e-007,0.00614948
1.023e-007,0.00621115
1.024e-007,0.00625739
1.025e-007,0.00628309
1.026e-007,0.00625568
1.027e-007,0.00618545
1.028e-007,0.00609638
1.029e-007,0.0060073
1.03e-007,0.00597476
1.031e-007,0.00599874
1.032e-007,0.00602957
1.033e-007,0.00603471
1.034e-007,0.00599018
1.035e-007,0.00590624
1.036e-007,0.00579319
1.037e-007,0.00564587
1.038e-007,0.0055705
1.039e-007,0.00553282
1.04e-007,0.00553967
1.041e-007,0.00557393
1.042e-007,0.00559791
1.043e-007,0.00560305
1.044e-007,0.00556365
1.045e-007,0.00550199
1.046e-007,0.00543689
1.047e-007,0.00536152
1.048e-007,0.00529814
1.049e-007,0.00520565
1.05e-007,0.00512514
1.051e-007,0.00507717
1.052e-007,0.00503264
1.053e-007,0.00503606
1.054e-007,0.00503606
1.055e-007,0.00502921
1.056e-007,0.00500866
1.057e-007,0.00496069
1.058e-007,0.0048819
1.059e-007,0.00480995
1.06e-007,0.00473116
1.061e-007,0.00465065
1.062e-007,0.00458556
1.063e-007,0.0045513
1.064e-007,0.00453588
1.065e-007,0.00453246
1.066e-007,0.00448278
1.067e-007,0.00444681
1.068e-007,0.00439371
1.069e-007,0.00429264
1.07e-007,0.00417788
1.071e-007,0.00404941
1.072e-007,0.00395006
1.073e-007,0.00387982
1.074e-007,0.00382501
1.075e-007,0.00377191
1.076e-007,0.00375135
1.077e-007,0.00373251
1.078e-007,0.00370168
1.079e-007,0.00364858
1.08e-007,0.00357663
1.081e-007,0.00348756
1.082e-007,0.00341733
1.083e-007,0.00335566
1.084e-007,0.00329914
1.085e-007,0.00324261
1.086e-007,0.00316039
1.087e-007,0.0030833
1.088e-007,0.00295997
1.089e-007,0.00288289
1.09e-007,0.00284007
1.091e-007,0.00279724
1.092e-007,0.00275956
1.093e-007,0.00272187
1.094e-007,0.00263451
1.095e-007,0.00253345
1.096e-007,0.00243067
1.097e-007,0.00233303
1.098e-007,0.00226794
1.099e-007,0.00219942
1.1e-007,0.00215146
1.101e-007,0.0020898
1.102e-007,0.00204012
1.103e-007,0.00199387
1.104e-007,0.00192364
1.105e-007,0.00189623
1.106e-007,0.00183114
1.107e-007,0.00179688
1.108e-007,0.00176776
1.109e-007,0.00172151
1.11e-007,0.00167355
1.111e-007,0.00159989
1.112e-007,0.0015211
1.113e-007,0.00142688
1.114e-007,0.00132582
1.115e-007,0.00120763
1.116e-007,0.00107573
1.117e-007,0.000993509
1.118e-007,0.000926704
1.119e-007,0.000919852
1.12e-007,0.000907862
1.121e-007,0.000873603
1.122e-007,0.000805085
1.123e-007,0.000733141
1.124e-007,0.000644068
1.125e-007,0.00059268
1.126e-007,0.000572124
1.127e-007,0.000606383
1.128e-007,0.000654346
1.129e-007,0.000638929
1.13e-007,0.000590967
1.131e-007,0.000515597
1.132e-007,0.00041282
1.133e-007,0.000349441
1.134e-007,0.000294627
1.135e-007,0.000251803
1.136e-007,0.000190137
1.137e-007,0.000114767
1.138e-007,1.71295e-005
1.139e-007,-3.93978e-005
1.14e-007,-4.96755e-005
1.141e-007,-5.82402e-005
1.142e-007,-3.93978e-005
1.143e-007,-7.02308e-005
1.144e-007,-0.000169582
1.145e-007,-0.000291201
1.146e-007,-0.000435089
1.147e-007,-0.000525875
1.148e-007,-0.000541291
1.149e-007,-0.000510458
1.15e-007,-0.000435089
1.151e-007,-0.000392265
1.152e-007,-0.000426524
1.153e-007,-0.000529301
1.154e-007,-0.000700595
1.155e-007,-0.000861612
1.156e-007,-0.00095925
1.157e-007,-0.00100036
1.158e-007,-0.000984944
1.159e-007,-0.000950686
1.16e-007,-0.000960963
1.161e-007,-0.000966102
1.162e-007,-0.0010055
1.163e-007,-0.00105175
1.164e-007,-0.00109971
1.165e-007,-0.0011374
1.166e-007,-0.0011905
1.167e-007,-0.00125902
1.168e-007,-0.00136693
1.169e-007,-0.00144744
1.17e-007,-0.00151082
1.171e-007,-0.0015348
1.172e-007,-0.00155707
1.173e-007,-0.00156221
1.174e-007,-0.00158961
1.175e-007,-0.00167184
1.176e-007,-0.00174035
1.177e-007,-0.00176776
1.178e-007,-0.0017592
1.179e-007,-0.00170267
1.18e-007,-0.00160674
1.181e-007,-0.0015485
1.182e-007,-0.00154165
1.183e-007,-0.0016136
1.184e-007,-0.00169753
1.185e-007,-0.00179174
1.186e-007,-0.00185855
1.187e-007,-0.00189623
1.188e-007,-0.00189795
1.189e-007,-0.00194077
1.19e-007,-0.0019973
1.191e-007,-0.00206581
1.192e-007,-0.00213433
1.193e-007,-0.00218058
1.194e-007,-0.00218572
1.195e-007,-0.00214632
1.196e-007,-0.0020898
1.197e-007,-0.00203155
1.198e-007,-0.00199901
1.199e-007,-0.00201614
1.2e-007,-0.00207952
1.201e-007,-0.00214975
1.202e-007,-0.00224053
1.203e-007,-0.00230049
1.204e-007,-0.00230391
1.205e-007,-0.00229535
1.206e-007,-0.00226452
1.207e-007,-0.00226109
1.208e-007,-0.00228165
1.209e-007,-0.00235188
1.21e-007,-0.00245123
1.211e-007,-0.00254373
1.212e-007,-0.00261053
1.213e-007,-0.00261396
1.214e-007,-0.00255743
1.215e-007,-0.00250262
1.216e-007,-0.00246322
1.217e-007,-0.00243238
1.218e-007,-0.00243924
1.219e-007,-0.0024341
1.22e-007,-0.00244951
1.221e-007,-0.00247007
1.222e-007,-0.00247178
1.223e-007,-0.00249576
1.224e-007,-0.00253174
1.225e-007,-0.00255572
1.226e-007,-0.00255743
1.227e-007,-0.002554
1.228e-007,-0.00255229
1.229e-007,-0.00257285
1.23e-007,-0.00263451
1.231e-007,-0.00269275
1.232e-007,-0.00277155
1.233e-007,-0.00280409
1.234e-007,-0.00281437
1.235e-007,-0.00280409
1.236e-007,-0.00279382
1.237e-007,-0.00281266
1.238e-007,-0.00285034
1.239e-007,-0.00287946
1.24e-007,-0.00288118
1.241e-007,-0.0028572
1.242e-007,-0.00280067
1.243e-007,-0.00276641
1.244e-007,-0.00273044
1.245e-007,-0.00270817
1.246e-007,-0.00270474
1.247e-007,-0.00270303
1.248e-007,-0.00269447
1.249e-007,-0.00268076
1.25e-007,-0.00269275
1.251e-007,-0.00272872
1.252e-007,-0.00277497
1.253e-007,-0.00279039
1.254e-007,-0.00275784
1.255e-007,-0.00268247
1.256e-007,-0.00263109
1.257e-007,-0.00257627
1.258e-007,-0.00257113
1.259e-007,-0.0026191
1.26e-007,-0.00268761
1.261e-007,-0.00273215
1.262e-007,-0.00275613
1.263e-007,-0.00272701
1.264e-007,-0.00268076
1.265e-007,-0.00262252
1.266e-007,-0.00256086
1.267e-007,-0.00250775
1.268e-007,-0.00242896
1.269e-007,-0.00235701
1.27e-007,-0.00230734
1.271e-007,-0.00230563
1.272e-007,-0.00229021
1.273e-007,-0.00232104
1.274e-007,-0.0023553
1.275e-007,-0.00236387
1.276e-007,-0.00236558
1.277e-007,-0.00236558
1.278e-007,-0.00233989
1.279e-007,-0.00233475
1.28e-007,-0.00234502
1.281e-007,-0.00234502
1.282e-007,-0.00232447
1.283e-007,-0.00230734
1.284e-007,-0.0022354
1.285e-007,-0.00219942
1.286e-007,-0.00217373
1.287e-007,-0.00220456
1.288e-007,-0.00224225
1.289e-007,-0.00228336
1.29e-007,-0.00230391
1.291e-007,-0.0023022
1.292e-007,-0.00223368
1.293e-007,-0.00214975
1.294e-007,-0.00209151
1.295e-007,-0.00209151
1.296e-007,-0.00213262
1.297e-007,-0.00220285
1.298e-007,-0.00226109
1.299e-007,-0.00227479
1.3e-007,-0.0022885
1.301e-007,-0.00224396
1.302e-007,-0.00216174
1.303e-007,-0.00211206
1.304e-007,-0.0020898
1.305e-007,-0.00208808
1.306e-007,-0.00210179
1.307e-007,-0.00213947
1.308e-007,-0.00217544
1.309e-007,-0.00221484
1.31e-007,-0.0022491
1.311e-007,-0.00226965
1.312e-007,-0.0022885
1.313e-007,-0.00229877
1.314e-007,-0.00229364
1.315e-007,-0.00227308
1.316e-007,-0.00222169
1.317e-007,-0.00217887
1.318e-007,-0.00213604
1.319e-007,-0.00212577
1.32e-007,-0.0021429
1.321e-007,-0.0022097
1.322e-007,-0.00226794
1.323e-007,-0.00230391
1.324e-007,-0.00232447
1.325e-007,-0.00232104
1.326e-007,-0.00235359
1.327e-007,-0.00239984
1.328e-007,-0.00244951
1.329e-007,-0.00250604
1.33e-007,-0.00254201
1.331e-007,-0.00255229
1.332e-007,-0.00253002
1.333e-007,-0.00253859
1.334e-007,-0.00252146
1.335e-007,-0.00251289
1.336e-007,-0.00252146
1.337e-007,-0.00249405
1.338e-007,-0.00247007
1.339e-007,-0.00246664
1.34e-007,-0.0024735
1.341e-007,-0.00252488
1.342e-007,-0.00257113
1.343e-007,-0.00262423
1.344e-007,-0.00264308
1.345e-007,-0.00264479
1.346e-007,-0.00261053
1.347e-007,-0.00258655
1.348e-007,-0.00260882
1.349e-007,-0.00264479
1.35e-007,-0.0026996
1.351e-007,-0.00273044
1.352e-007,-0.00275613
1.353e-007,-0.00276812
1.354e-007,-0.00280067
1.355e-007,-0.0028572
1.356e-007,-0.00292229
1.357e-007,-0.00299423
1.358e-007,-0.00306275
1.359e-007,-0.0030559
1.36e-007,-0.00303705
1.361e-007,-0.00300108
1.362e-007,-0.0029634
1.363e-007,-0.00292571
1.364e-007,-0.00290858
1.365e-007,-0.00287261
1.366e-007,-0.00284692
1.367e-007,-0.00288118
1.368e-007,-0.00291201
1.369e-007,-0.00300451
1.37e-007,-0.00307988
1.371e-007,-0.00315011
1.372e-007,-0.00320321
1.373e-007,-0.00319636
1.374e-007,-0.00315182
1.375e-007,-0.00310215
1.376e-007,-0.00303705
1.377e-007,-0.00304905
1.378e-007,-0.00311071
1.379e-007,-0.00322034
1.38e-007,-0.00335052
1.381e-007,-0.00343446
1.382e-007,-0.00347043
1.383e-007,-0.00341562
1.384e-007,-0.00335566
1.385e-007,-0.00329057
1.386e-007,-0.00327687
1.387e-007,-0.00326316
1.388e-007,-0.0033077
1.389e-007,-0.00332483
1.39e-007,-0.00332997
1.391e-007,-0.00334025
1.392e-007,-0.00331969
1.393e-007,-0.00335566
1.394e-007,-0.00341048
1.395e-007,-0.00348413
1.396e-007,-0.00354751
1.397e-007,-0.00360575
1.398e-007,-0.00364173
1.399e-007,-0.00360918
1.4e-007,-0.00357835
1.401e-007,-0.00351668
1.402e-007,-0.00347557
1.403e-007,-0.00345159
1.404e-007,-0.00346872
1.405e-007,-0.00348242
1.406e-007,-0.00354237
1.407e-007,-0.00356293
1.408e-007,-0.00354066
1.409e-007,-0.00349099
1.41e-007,-0.00344645
1.411e-007,-0.0034002
1.412e-007,-0.00339677
1.413e-007,-0.00342075
1.414e-007,-0.003479
1.415e-007,-0.00356807
1.416e-007,-0.00366571
1.417e-007,-0.00371538
1.418e-007,-0.00372223
1.419e-007,-0.00366571
1.42e-007,-0.00357149
1.421e-007,-0.00345159
1.422e-007,-0.00336251
1.423e-007,-0.00331627
1.424e-007,-0.00331113
1.425e-007,-0.00335909
1.426e-007,-0.00339677
1.427e-007,-0.00342247
1.428e-007,-0.00344131
1.429e-007,-0.00348242
1.43e-007,-0.00350298
1.431e-007,-0.00354237
1.432e-007,-0.00360575
1.433e-007,-0.00367256
1.434e-007,-0.0037051
1.435e-007,-0.00368455
1.436e-007,-0.00361774
1.437e-007,-0.00349099
1.438e-007,-0.00334025
1.439e-007,-0.00324775
1.44e-007,-0.00321178
1.441e-007,-0.00323747
1.442e-007,-0.00331284
1.443e-007,-0.00338307
1.444e-007,-0.00339849
1.445e-007,-0.00335566
1.446e-007,-0.00326659
1.447e-007,-0.00315867
1.448e-007,-0.00304905
1.449e-007,-0.0029634
1.45e-007,-0.00291372
1.451e-007,-0.0028572
1.452e-007,-0.00281608
1.453e-007,-0.00280923
1.454e-007,-0.00279553
1.455e-007,-0.00278183
1.456e-007,-0.00275613
1.457e-007,-0.00275613
1.458e-007,-0.00273215
1.459e-007,-0.00271845
1.46e-007,-0.00270988
1.461e-007,-0.00268419
1.462e-007,-0.00266021
1.463e-007,-0.00261396
1.464e-007,-0.002554
1.465e-007,-0.00249919
1.466e-007,-0.00247692
1.467e-007,-0.00247692
1.468e-007,-0.00247007
1.469e-007,-0.0024615
1.47e-007,-0.00242725
1.471e-007,-0.00238785
1.472e-007,-0.00230905
1.473e-007,-0.00223882
1.474e-007,-0.00218401
1.475e-007,-0.00213262
1.476e-007,-0.00211549
1.477e-007,-0.00209151
1.478e-007,-0.00208466
1.479e-007,-0.00204355
1.48e-007,-0.00200243
1.481e-007,-0.00195619
1.482e-007,-0.00189623
1.483e-007,-0.00183285
1.484e-007,-0.00181401
1.485e-007,-0.00181572
1.486e-007,-0.00184998
1.487e-007,-0.0018654
1.488e-007,-0.00184313
1.489e-007,-0.00177804
1.49e-007,-0.00170438
1.491e-007,-0.00162045
1.492e-007,-0.00155364
1.493e-007,-0.00153309
1.494e-007,-0.00151767
1.495e-007,-0.00152795
1.496e-007,-0.00154165
1.497e-007,-0.00152452
1.498e-007,-0.00147313
1.499e-007,-0.00138749
1.5e-007,-0.00130355
1.501e-007,-0.00118365
1.502e-007,-0.0010843
1.503e-007,-0.00101064
1.504e-007,-0.000942121
1.505e-007,-0.000897584
1.506e-007,-0.000878742
1.507e-007,-0.000859899
1.508e-007,-0.000823927
1.509e-007,-0.000769113
1.51e-007,-0.000704021
1.511e-007,-0.000645781
1.512e-007,-0.00059268
1.513e-007,-0.000553282
1.514e-007,-0.000539578
1.515e-007,-0.000548143
1.516e-007,-0.000548143
1.517e-007,-0.000536152
1.518e-007,-0.000474486
1.519e-007,-0.00040083
1.52e-007,-0.000318608
1.521e-007,-0.000224396
1.522e-007,-0.000155878
1.523e-007,-0.000126758
1.524e-007,-0.00010449
1.525e-007,-9.5925e-005
1.526e-007,-9.07862e-005
1.527e-007,-6.85179e-005
1.528e-007,-1.71295e-005
1.529e-007,4.28237e-005
1.53e-007,0.000137036
1.531e-007,0.000246664
1.532e-007,0.000332312
1.533e-007,0.000417959
1.534e-007,0.000460783
1.535e-007,0.000493329
1.536e-007,0.000483051
1.537e-007,0.000498468
1.538e-007,0.000493329
1.539e-007,0.000513884
1.54e-007,0.000527588
1.541e-007,0.000551569
1.542e-007,0.000570411
1.543e-007,0.000626939
1.544e-007,0.000702308
1.545e-007,0.000779391
1.546e-007,0.000868464
1.547e-007,0.000935269
1.548e-007,0.000978093
1.549e-007,0.00101235
1.55e-007,0.00102263
1.551e-007,0.00105004
1.552e-007,0.0010723
1.553e-007,0.00110999
1.554e-007,0.00116309
1.555e-007,0.00122818
1.556e-007,0.00130013
1.557e-007,0.00138577
1.558e-007,0.00147142
1.559e-007,0.00154165
1.56e-007,0.00160332
1.561e-007,0.00163758
1.562e-007,0.00165813
1.563e-007,0.00166327
1.564e-007,0.00170096
1.565e-007,0.00170438
1.566e-007,0.00169068
1.567e-007,0.00168897
1.568e-007,0.00167012
1.569e-007,0.00167526
1.57e-007,0.00170438
1.571e-007,0.00180887
1.572e-007,0.0019322
1.573e-007,0.00204526
1.574e-007,0.00209665
1.575e-007,0.00211378
1.576e-007,0.00207609
1.577e-007,0.00204355
1.578e-007,0.00203155
1.579e-007,0.00206068
1.58e-007,0.00214461
1.581e-007,0.00223882
1.582e-007,0.00231419
1.583e-007,0.00234331
1.584e-007,0.00232789
1.585e-007,0.00229706
1.586e-007,0.00227308
1.587e-007,0.0022491
1.588e-007,0.00225081
1.589e-007,0.00225081
1.59e-007,0.00229364
1.591e-007,0.00234331
1.592e-007,0.00238613
1.593e-007,0.00243581
1.594e-007,0.00246664
1.595e-007,0.00246493
1.596e-007,0.00239641
1.597e-007,0.00236387
1.598e-007,0.00231933
1.599e-007,0.00234502
1.6e-007,0.002381
1.601e-007,0.00247178
1.602e-007,0.00256599
1.603e-007,0.00265849
1.604e-007,0.00272872
1.605e-007,0.00276127
1.606e-007,0.002739
1.607e-007,0.00267905
1.608e-007,0.0025797
1.609e-007,0.0025009
1.61e-007,0.00246664
1.611e-007,0.00245465
1.612e-007,0.00250262
1.613e-007,0.00255572
1.614e-007,0.00261224
1.615e-007,0.00265164
1.616e-007,0.00267048
1.617e-007,0.0026722
1.618e-007,0.00272187
1.619e-007,0.00277497
1.62e-007,0.00282294
1.621e-007,0.00283493
1.622e-007,0.00282294
1.623e-007,0.00277326
1.624e-007,0.00270303
1.625e-007,0.00264479
1.626e-007,0.00260539
1.627e-007,0.00260197
1.628e-007,0.00261738
1.629e-007,0.0026465
1.63e-007,0.00270303
1.631e-007,0.00271331
1.632e-007,0.00271331
1.633e-007,0.00270303
1.634e-007,0.00270303
1.635e-007,0.00270132
1.636e-007,0.00270132
1.637e-007,0.00274071
1.638e-007,0.00275613
1.639e-007,0.00277669
1.64e-007,0.00275613
1.641e-007,0.00271845
1.642e-007,0.00269104
1.643e-007,0.00270646
1.644e-007,0.00274757
1.645e-007,0.00279896
1.646e-007,0.00286405
1.647e-007,0.00291544
1.648e-007,0.00294113
1.649e-007,0.00295997
1.65e-007,0.00298053
1.651e-007,0.00295141
1.652e-007,0.00290516
1.653e-007,0.0028315
1.654e-007,0.00277326
1.655e-007,0.00270474
1.656e-007,0.00267734
1.657e-007,0.00267905
1.658e-007,0.00274585
1.659e-007,0.00281095
1.66e-007,0.00285891
1.661e-007,0.00286405
1.662e-007,0.00284178
1.663e-007,0.00282636
1.664e-007,0.00281608
1.665e-007,0.00278183
1.666e-007,0.00274585
1.667e-007,0.00270646
1.668e-007,0.0026859
1.669e-007,0.00262766
1.67e-007,0.00263623
1.671e-007,0.00264993
1.672e-007,0.00267734
1.673e-007,0.00273558
1.674e-007,0.00278525
1.675e-007,0.00280409
1.676e-007,0.00280238
1.677e-007,0.00278011
1.678e-007,0.00273729
1.679e-007,0.00266021
1.68e-007,0.00258826
1.681e-007,0.00252831
1.682e-007,0.00245465
1.683e-007,0.00242896
1.684e-007,0.00243581
1.685e-007,0.00247521
1.686e-007,0.00253002
1.687e-007,0.00258655
1.688e-007,0.00263451
1.689e-007,0.0026722
1.69e-007,0.0026465
1.691e-007,0.00260368
1.692e-007,0.00256599
1.693e-007,0.00253174
1.694e-007,0.00249576
1.695e-007,0.00245637
1.696e-007,0.00245123
1.697e-007,0.00242725
1.698e-007,0.00242039
1.699e-007,0.00241697
1.7e-007,0.00244951
1.701e-007,0.00248549
1.702e-007,0.00251803
1.703e-007,0.00251461
1.704e-007,0.00247692
1.705e-007,0.00241697
1.706e-007,0.00236387
1.707e-007,0.00229706
1.708e-007,0.00224225
1.709e-007,0.00219942
1.71e-007,0.00216003
1.711e-007,0.00212748
1.712e-007,0.00209151
1.713e-007,0.00206581
1.714e-007,0.00204697
1.715e-007,0.00204526
1.716e-007,0.00202642
1.717e-007,0.00201271
1.718e-007,0.00199216
1.719e-007,0.00197845
1.72e-007,0.00197845
1.721e-007,0.00193906
1.722e-007,0.00190308
1.723e-007,0.00187568
1.724e-007,0.00183457
1.725e-007,0.00181915
1.726e-007,0.00180031
1.727e-007,0.00177975
1.728e-007,0.00174378
1.729e-007,0.00173864
1.73e-007,0.00170267
1.731e-007,0.00167697
1.732e-007,0.00163758
1.733e-007,0.00161188
1.734e-007,0.00157934
1.735e-007,0.00158619
1.736e-007,0.00160503
1.737e-007,0.00164272
1.738e-007,0.0016667
1.739e-007,0.00167869
1.74e-007,0.00165642
1.741e-007,0.00160332
1.742e-007,0.00150225
1.743e-007,0.00141832
1.744e-007,0.00131554
1.745e-007,0.00127272
1.746e-007,0.00124703
1.747e-007,0.00127101
1.748e-007,0.00132068
1.749e-007,0.00132925
1.75e-007,0.00131726
1.751e-007,0.00126244
1.752e-007,0.00119564
1.753e-007,0.0011374
1.754e-007,0.00111513
1.755e-007,0.00109629
1.756e-007,0.00109286
