LECROYWM8500,500500138,Waveform
Segments,1,SegmentSize,2002
Segment,TrigTime,TimeSinceSegment1
#1,21-Mar-2024 16:35:08,0                 
Time,Ampl
-2.45e-008,0.000486477
-2.44e-008,0.000501893
-2.43e-008,0.000479625
-2.42e-008,0.000477912
-2.41e-008,0.000416246
-2.4e-008,0.000344302
-2.39e-008,0.000244951
-2.38e-008,0.000155878
-2.37e-008,6.5092e-005
-2.36e-008,6.3379e-005
-2.35e-008,8.90732e-005
-2.34e-008,0.000157591
-2.33e-008,0.000229535
-2.32e-008,0.000258655
-2.31e-008,0.00019185
-2.3e-008,0.000131897
-2.29e-008,8.39344e-005
-2.28e-008,0.000107916
-2.27e-008,0.00020898
-2.26e-008,0.000313469
-2.25e-008,0.00042995
-2.24e-008,0.000469347
-2.23e-008,0.000438514
-2.22e-008,0.000344302
-2.21e-008,0.000234674
-2.2e-008,0.000174721
-2.19e-008,0.000193563
-2.18e-008,0.000229535
-2.17e-008,0.000351154
-2.16e-008,0.00042995
-2.15e-008,0.000512171
-2.14e-008,0.000531014
-2.13e-008,0.00051731
-2.12e-008,0.000531014
-2.11e-008,0.000524162
-2.1e-008,0.000512171
-2.09e-008,0.000479625
-2.08e-008,0.000419672
-2.07e-008,0.000397404
-2.06e-008,0.000361432
-2.05e-008,0.000356293
-2.04e-008,0.000390552
-2.03e-008,0.000399117
-2.02e-008,0.000404255
-2.01e-008,0.000299766
-2e-008,0.000164443
-1.99e-008,3.2546e-005
-1.98e-008,-3.42589e-005
-1.97e-008,-1.02777e-005
-1.96e-008,7.53697e-005
-1.95e-008,0.000210692
-1.94e-008,0.000323747
-1.93e-008,0.000404255
-1.92e-008,0.000409394
-1.91e-008,0.000397404
-1.9e-008,0.000320321
-1.89e-008,0.000260368
-1.88e-008,0.000203841
-1.87e-008,0.000181572
-1.86e-008,0.000179859
-1.85e-008,0.00022097
-1.84e-008,0.000241526
-1.83e-008,0.000246664
-1.82e-008,0.000203841
-1.81e-008,0.000123332
-1.8e-008,5.99531e-005
-1.79e-008,0.000113054
-1.78e-008,0.000226109
-1.77e-008,0.000397404
-1.76e-008,0.000531014
-1.75e-008,0.000602957
-1.74e-008,0.000594393
-1.73e-008,0.00050018
-1.72e-008,0.000405968
-1.71e-008,0.000368284
-1.7e-008,0.000366571
-1.69e-008,0.000414533
-1.68e-008,0.000433376
-1.67e-008,0.000443653
-1.66e-008,0.000380274
-1.65e-008,0.000303192
-1.64e-008,0.000217544
-1.63e-008,0.000161017
-1.62e-008,0.000152452
-1.61e-008,0.000200415
-1.6e-008,0.00027921
-1.59e-008,0.000342589
-1.58e-008,0.000409394
-1.57e-008,0.000469347
-1.56e-008,0.000522449
-1.55e-008,0.000548143
-1.54e-008,0.000543004
-1.53e-008,0.000534439
-1.52e-008,0.000537865
-1.51e-008,0.000515597
-1.5e-008,0.000477912
-1.49e-008,0.00045907
-1.48e-008,0.000436801
-1.47e-008,0.000369997
-1.46e-008,0.000298053
-1.45e-008,0.000256942
-1.44e-008,0.000251803
-1.43e-008,0.000313469
-1.42e-008,0.000378561
-1.41e-008,0.000416246
-1.4e-008,0.000405968
-1.39e-008,0.000376848
-1.38e-008,0.000316895
-1.37e-008,0.000289488
-1.36e-008,0.000301479
-1.35e-008,0.000337451
-1.34e-008,0.000392265
-1.33e-008,0.000387126
-1.32e-008,0.000330599
-1.31e-008,0.000244951
-1.3e-008,0.000150739
-1.29e-008,9.5925e-005
-1.28e-008,8.39344e-005
-1.27e-008,0.00016273
-1.26e-008,0.000214118
-1.25e-008,0.000256942
-1.24e-008,0.000272359
-1.23e-008,0.000234674
-1.22e-008,0.000231248
-1.21e-008,0.000246664
-1.2e-008,0.000310043
-1.19e-008,0.000402543
-1.18e-008,0.000465922
-1.17e-008,0.000548143
-1.16e-008,0.000578976
-1.15e-008,0.000553282
-1.14e-008,0.000508745
-1.13e-008,0.000428237
-1.12e-008,0.000332312
-1.11e-008,0.000318608
-1.1e-008,0.000373422
-1.09e-008,0.00050018
-1.08e-008,0.00063379
-1.07e-008,0.000739993
-1.06e-008,0.000772539
-1.05e-008,0.000772539
-1.04e-008,0.000769113
-1.03e-008,0.000745132
-1.02e-008,0.000789669
-1.01e-008,0.000868464
-1e-008,0.00094726
-9.9e-009,0.0010055
-9.8e-009,0.00103291
-9.7e-009,0.00103291
-9.6e-009,0.00103119
-9.5e-009,0.00103119
-9.4e-009,0.00102434
-9.3e-009,0.00102434
-9.2e-009,0.00101578
-9.1e-009,0.00103119
-9e-009,0.00106203
-8.9e-009,0.00108087
-8.8e-009,0.00110142
-8.7e-009,0.00110314
-8.6e-009,0.00105346
-8.5e-009,0.00097638
-8.4e-009,0.000877029
-8.3e-009,0.000770826
-8.2e-009,0.000673188
-8.1e-009,0.000626939
-8e-009,0.000623513
-7.9e-009,0.000678327
-7.8e-009,0.000758835
-7.7e-009,0.000880455
-7.6e-009,0.000928417
-7.5e-009,0.000964389
-7.4e-009,0.000870177
-7.3e-009,0.000695456
-7.2e-009,0.000505319
-7.1e-009,0.000291201
-7e-009,0.000171295
-6.9e-009,0.000164443
-6.8e-009,0.000272359
-6.7e-009,0.000464209
-6.6e-009,0.000632077
-6.5e-009,0.000705734
-6.4e-009,0.000683466
-6.3e-009,0.000539578
-6.2e-009,0.000320321
-6.1e-009,0.000111342
-6e-009,-3.42589e-005
-5.9e-009,-9.93509e-005
-5.8e-009,-5.48143e-005
-5.7e-009,0.000121619
-5.6e-009,0.000447079
-5.5e-009,0.000972954
-5.4e-009,0.00173864
-5.3e-009,0.00268933
-5.2e-009,0.00377362
-5.1e-009,0.00490588
-5e-009,0.00593707
-4.9e-009,0.0067747
-4.8e-009,0.00741706
-4.7e-009,0.00790696
-4.6e-009,0.00834376
-4.5e-009,0.00883195
-4.4e-009,0.00941607
-4.3e-009,0.0100927
-4.2e-009,0.0108053
-4.1e-009,0.0114254
-4e-009,0.0118467
-3.9e-009,0.01203
-3.8e-009,0.0118981
-3.7e-009,0.0114733
-3.6e-009,0.0107899
-3.5e-009,0.00984088
-3.4e-009,0.00873774
-3.3e-009,0.00753011
-3.2e-009,0.00635675
-3.1e-009,0.00528444
-3e-009,0.00439885
-2.9e-009,0.00376848
-2.8e-009,0.00334539
-2.7e-009,0.0031621
-2.6e-009,0.00311414
-2.5e-009,0.00323918
-2.4e-009,0.00348927
-2.3e-009,0.00383015
-2.2e-009,0.00423954
-2.1e-009,0.00469005
-2e-009,0.00519365
-1.9e-009,0.00571096
-1.8e-009,0.00621628
-1.7e-009,0.00670619
-1.6e-009,0.00712243
-1.5e-009,0.00750099
-1.4e-009,0.00777507
-1.3e-009,0.00795835
-1.2e-009,0.00808511
-1.1e-009,0.00814506
-1e-009,0.00821015
-9e-010,0.00817076
-8e-010,0.00803201
-7e-010,0.00773224
-6e-010,0.00728688
-5e-010,0.00665651
-4e-010,0.00589939
-3e-010,0.00497782
-2e-010,0.00399973
-1e-010,0.00300108
4.138488e-023,0.00218401
1e-010,0.00162216
2e-010,0.00143202
3e-010,0.00160674
4e-010,0.00204183
5e-010,0.00256599
6e-010,0.00307645
7e-010,0.0035064
8e-010,0.00386955
9e-010,0.00423954
1e-009,0.00464551
1.1e-009,0.00510801
1.2e-009,0.0055962
1.3e-009,0.00607925
1.4e-009,0.00649892
1.5e-009,0.00682781
1.6e-009,0.0070385
1.7e-009,0.00711901
1.8e-009,0.00704021
1.9e-009,0.00687406
2e-009,0.00656915
2.1e-009,0.00622142
2.2e-009,0.00581888
2.3e-009,0.00535638
2.4e-009,0.00481167
2.5e-009,0.00416075
2.6e-009,0.0034396
2.7e-009,0.00265849
2.8e-009,0.00192364
2.9e-009,0.00132239
3e-009,0.000883881
3.1e-009,0.0006218
3.2e-009,0.000522449
3.3e-009,0.000608096
3.4e-009,0.000858186
3.5e-009,0.00126073
3.6e-009,0.00177804
3.7e-009,0.00244951
3.8e-009,0.00310215
3.9e-009,0.00368112
4e-009,0.00414876
4.1e-009,0.00454102
4.2e-009,0.00483051
4.3e-009,0.00509602
4.4e-009,0.00535638
4.5e-009,0.00552939
4.6e-009,0.00558421
4.7e-009,0.00550712
4.8e-009,0.00518852
4.9e-009,0.00480482
5e-009,0.00430121
5.1e-009,0.00375649
5.2e-009,0.00316553
5.3e-009,0.00256599
5.4e-009,0.00192021
5.5e-009,0.00126758
5.6e-009,0.000596106
5.7e-009,3.93978e-005
5.8e-009,-0.000371709
5.9e-009,-0.000587541
6e-009,-0.000585828
6.1e-009,-0.000423098
6.2e-009,-0.000107916
6.3e-009,0.000313469
6.4e-009,0.000803372
6.5e-009,0.00134809
6.6e-009,0.00199387
6.7e-009,0.00270988
6.8e-009,0.00346529
6.9e-009,0.00419843
7e-009,0.00483222
7.1e-009,0.00526731
7.2e-009,0.00550884
7.3e-009,0.00553796
7.4e-009,0.00544203
7.5e-009,0.00523819
7.6e-009,0.00490417
7.7e-009,0.00448621
7.8e-009,0.00389695
7.9e-009,0.00322548
8e-009,0.00244609
8.1e-009,0.00167355
8.2e-009,0.000990083
8.3e-009,0.000426524
8.4e-009,2.05554e-005
8.5e-009,-0.000291201
8.6e-009,-0.00056356
8.7e-009,-0.000746845
8.8e-009,-0.000810224
8.9e-009,-0.000758835
9e-009,-0.000543004
9.1e-009,-0.000161017
9.2e-009,0.000346015
9.3e-009,0.000962676
9.4e-009,0.00168725
9.5e-009,0.00240155
9.6e-009,0.00309016
9.7e-009,0.00367598
9.8e-009,0.00410251
9.9e-009,0.00429436
1e-008,0.00432005
1.01e-008,0.00417616
1.02e-008,0.00387297
1.03e-008,0.00351668
1.04e-008,0.00307131
1.05e-008,0.00257799
1.06e-008,0.00209322
1.07e-008,0.00159818
1.08e-008,0.00114767
1.09e-008,0.000719438
1.1e-008,0.000347728
1.11e-008,-3.42589e-006
1.12e-008,-0.00035458
1.13e-008,-0.000678327
1.14e-008,-0.000983232
1.15e-008,-0.00117508
1.16e-008,-0.00126929
1.17e-008,-0.00120763
1.18e-008,-0.00101749
1.19e-008,-0.000707447
1.2e-008,-0.000315182
1.21e-008,0.000137036
1.22e-008,0.000638929
1.23e-008,0.00121962
1.24e-008,0.00176947
1.25e-008,0.0023022
1.26e-008,0.00282808
1.27e-008,0.00326659
1.28e-008,0.00359205
1.29e-008,0.00382844
1.3e-008,0.00401172
1.31e-008,0.00404598
1.32e-008,0.00392094
1.33e-008,0.00361432
1.34e-008,0.00314154
1.35e-008,0.0025797
1.36e-008,0.00196646
1.37e-008,0.00136179
1.38e-008,0.000858186
1.39e-008,0.000417959
1.4e-008,4.11107e-005
1.41e-008,-0.000258655
1.42e-008,-0.000505319
1.43e-008,-0.00066291
1.44e-008,-0.000728002
1.45e-008,-0.00065092
1.46e-008,-0.000481338
1.47e-008,-0.000142175
1.48e-008,0.000292914
1.49e-008,0.000817076
1.5e-008,0.00136351
1.51e-008,0.00189623
1.52e-008,0.00232447
1.53e-008,0.00276984
1.54e-008,0.0031758
1.55e-008,0.00356807
1.56e-008,0.00395348
1.57e-008,0.00427552
1.58e-008,0.00445366
1.59e-008,0.00444681
1.6e-008,0.00418644
1.61e-008,0.00377876
1.62e-008,0.00322548
1.63e-008,0.00262766
1.64e-008,0.00212919
1.65e-008,0.00166498
1.66e-008,0.00125388
1.67e-008,0.000830779
1.68e-008,0.000371709
1.69e-008,-4.96755e-005
1.7e-008,-0.00042995
1.71e-008,-0.00068004
1.72e-008,-0.000695456
1.73e-008,-0.000554995
1.74e-008,-0.000287775
1.75e-008,4.62496e-005
1.76e-008,0.000335738
1.77e-008,0.000681753
1.78e-008,0.0010586
1.79e-008,0.00150911
1.8e-008,0.00201271
1.81e-008,0.00252488
1.82e-008,0.00304733
1.83e-008,0.00350812
1.84e-008,0.00386612
1.85e-008,0.00405455
1.86e-008,0.00408709
1.87e-008,0.00399973
1.88e-008,0.00375478
1.89e-008,0.00338992
1.9e-008,0.00294969
1.91e-008,0.00252488
1.92e-008,0.00209151
1.93e-008,0.00164785
1.94e-008,0.00121448
1.95e-008,0.000791381
1.96e-008,0.000387126
1.97e-008,2.56942e-005
1.98e-008,-0.0002381
1.99e-008,-0.000376848
2e-008,-0.000369997
2.01e-008,-0.000210692
2.02e-008,5.48143e-005
2.03e-008,0.000364858
2.04e-008,0.000721151
2.05e-008,0.00106888
2.06e-008,0.00141661
2.07e-008,0.00177633
2.08e-008,0.0021703
2.09e-008,0.00261567
2.1e-008,0.00301993
2.11e-008,0.00338136
2.12e-008,0.00368455
2.13e-008,0.00388839
2.14e-008,0.00399973
2.15e-008,0.00395006
2.16e-008,0.00376163
2.17e-008,0.00340534
2.18e-008,0.00294456
2.19e-008,0.00242039
2.2e-008,0.00189966
2.21e-008,0.00145429
2.22e-008,0.00110314
2.23e-008,0.000865038
2.24e-008,0.000659485
2.25e-008,0.000486477
2.26e-008,0.000334025
2.27e-008,0.000196989
2.28e-008,0.000147313
2.29e-008,0.000157591
2.3e-008,0.000347728
2.31e-008,0.000649207
2.32e-008,0.00102092
2.33e-008,0.00142003
2.34e-008,0.00179859
2.35e-008,0.00212748
2.36e-008,0.00241697
2.37e-008,0.00267734
2.38e-008,0.00295655
2.39e-008,0.00322034
2.4e-008,0.00349955
2.41e-008,0.0037445
2.42e-008,0.00388839
2.43e-008,0.00394492
2.44e-008,0.00385584
2.45e-008,0.0037051
2.46e-008,0.00348756
2.47e-008,0.0032409
2.48e-008,0.00292914
2.49e-008,0.00258484
2.5e-008,0.002196
2.51e-008,0.00180031
2.52e-008,0.00145087
2.53e-008,0.00119735
2.54e-008,0.00104661
2.55e-008,0.000991796
2.56e-008,0.00102263
2.57e-008,0.00108943
2.58e-008,0.00111513
2.59e-008,0.0011648
2.6e-008,0.00126929
2.61e-008,0.00150739
2.62e-008,0.00184998
2.63e-008,0.00229877
2.64e-008,0.00272872
2.65e-008,0.00314326
2.66e-008,0.00344645
2.67e-008,0.00365372
2.68e-008,0.00375821
2.69e-008,0.00384557
2.7e-008,0.00389353
2.71e-008,0.00388839
2.72e-008,0.00381645
2.73e-008,0.0036126
2.74e-008,0.00332483
2.75e-008,0.00295141
2.76e-008,0.00256771
2.77e-008,0.00219257
2.78e-008,0.00187568
2.79e-008,0.00157591
2.8e-008,0.00124874
2.81e-008,0.000938695
2.82e-008,0.000644068
2.83e-008,0.000373422
2.84e-008,0.00022097
2.85e-008,0.000190137
2.86e-008,0.000311756
2.87e-008,0.000568698
2.88e-008,0.000861612
2.89e-008,0.00119221
2.9e-008,0.00147485
2.91e-008,0.00174378
2.92e-008,0.00192021
2.93e-008,0.00206581
2.94e-008,0.002196
2.95e-008,0.00229706
2.96e-008,0.00236558
2.97e-008,0.0024084
2.98e-008,0.00242896
2.99e-008,0.00241526
3e-008,0.0023416
3.01e-008,0.00226452
3.02e-008,0.00208808
3.03e-008,0.00183114
3.04e-008,0.00147827
3.05e-008,0.00109629
3.06e-008,0.000741706
3.07e-008,0.000447079
3.08e-008,0.00020898
3.09e-008,8.22214e-005
3.1e-008,2.22683e-005
3.11e-008,-7.02308e-005
3.12e-008,-0.000131897
3.13e-008,-0.0001456
3.14e-008,-7.53697e-005
3.15e-008,7.87956e-005
3.16e-008,0.000284349
3.17e-008,0.00051731
3.18e-008,0.000683466
3.19e-008,0.00082564
3.2e-008,0.000969528
3.21e-008,0.00113054
3.22e-008,0.00133952
3.23e-008,0.00156906
3.24e-008,0.00180716
3.25e-008,0.00203669
3.26e-008,0.0021429
3.27e-008,0.00215831
3.28e-008,0.00203669
3.29e-008,0.00180716
3.3e-008,0.00148341
3.31e-008,0.00113054
3.32e-008,0.000769113
3.33e-008,0.000431663
3.34e-008,0.000137036
3.35e-008,-0.000138749
3.36e-008,-0.000452218
3.37e-008,-0.000698882
3.38e-008,-0.000924991
3.39e-008,-0.00102434
3.4e-008,-0.00103976
3.41e-008,-0.00095925
3.42e-008,-0.000841057
3.43e-008,-0.000695456
3.44e-008,-0.000590967
3.45e-008,-0.000472773
3.46e-008,-0.000363145
3.47e-008,-0.000239813
3.48e-008,-7.53697e-005
3.49e-008,0.000143888
3.5e-008,0.000359719
3.51e-008,0.000549856
3.52e-008,0.000688605
3.53e-008,0.000750271
3.54e-008,0.000791381
3.55e-008,0.000774252
3.56e-008,0.000690318
3.57e-008,0.000551569
3.58e-008,0.000376848
3.59e-008,0.000171295
3.6e-008,-0.000101064
3.61e-008,-0.000364858
3.62e-008,-0.000685179
3.63e-008,-0.000981519
3.64e-008,-0.00125559
3.65e-008,-0.00151425
3.66e-008,-0.00171295
3.67e-008,-0.00184998
3.68e-008,-0.00195276
3.69e-008,-0.00199044
3.7e-008,-0.00202642
3.71e-008,-0.00198873
3.72e-008,-0.00188595
3.73e-008,-0.00172836
3.74e-008,-0.00152795
3.75e-008,-0.00126244
3.76e-008,-0.000986657
3.77e-008,-0.000733141
3.78e-008,-0.000498468
3.79e-008,-0.000294627
3.8e-008,-0.000135323
3.81e-008,-1.37036e-005
3.82e-008,3.2546e-005
3.83e-008,-1.02777e-005
3.84e-008,-0.000154165
3.85e-008,-0.000399117
3.86e-008,-0.00070916
3.87e-008,-0.00105518
3.88e-008,-0.00137207
3.89e-008,-0.00166841
3.9e-008,-0.00191165
3.91e-008,-0.00210864
3.92e-008,-0.00226623
3.93e-008,-0.00238271
3.94e-008,-0.00246493
3.95e-008,-0.0025266
3.96e-008,-0.00256257
3.97e-008,-0.00260025
3.98e-008,-0.00260025
3.99e-008,-0.00261567
4e-008,-0.00258484
4.01e-008,-0.00251118
4.02e-008,-0.00230734
4.03e-008,-0.00209322
4.04e-008,-0.00181744
4.05e-008,-0.00156906
4.06e-008,-0.00136693
4.07e-008,-0.00123675
4.08e-008,-0.00115624
4.09e-008,-0.0011117
4.1e-008,-0.0010192
4.11e-008,-0.000943834
4.12e-008,-0.000887306
4.13e-008,-0.000868464
4.14e-008,-0.000909575
4.15e-008,-0.00103119
4.16e-008,-0.00121619
4.17e-008,-0.00144915
4.18e-008,-0.00166841
4.19e-008,-0.00190308
4.2e-008,-0.00210864
4.21e-008,-0.00226452
4.22e-008,-0.00234331
4.23e-008,-0.00237414
4.24e-008,-0.00240155
4.25e-008,-0.00241012
4.26e-008,-0.00245123
4.27e-008,-0.00245979
4.28e-008,-0.0024872
4.29e-008,-0.00242039
4.3e-008,-0.00226623
4.31e-008,-0.00205382
4.32e-008,-0.00179517
4.33e-008,-0.0015485
4.34e-008,-0.00135152
4.35e-008,-0.00124874
4.36e-008,-0.0011905
4.37e-008,-0.00117679
4.38e-008,-0.00118193
4.39e-008,-0.00123846
4.4e-008,-0.00132068
4.41e-008,-0.00145943
4.42e-008,-0.00166498
4.43e-008,-0.00187739
4.44e-008,-0.00206068
4.45e-008,-0.00219942
4.46e-008,-0.00228165
4.47e-008,-0.00234845
4.48e-008,-0.00238956
4.49e-008,-0.00248377
4.5e-008,-0.00261224
4.51e-008,-0.00276812
4.52e-008,-0.00287946
4.53e-008,-0.00295141
4.54e-008,-0.00295826
4.55e-008,-0.00290002
4.56e-008,-0.00277155
4.57e-008,-0.00256086
4.58e-008,-0.00235701
4.59e-008,-0.00217887
4.6e-008,-0.00204868
4.61e-008,-0.00197845
4.62e-008,-0.00194933
4.63e-008,-0.00195447
4.64e-008,-0.00189966
4.65e-008,-0.00180202
4.66e-008,-0.00163415
4.67e-008,-0.00147656
4.68e-008,-0.00136522
4.69e-008,-0.00133096
4.7e-008,-0.00141318
4.71e-008,-0.00156049
4.72e-008,-0.00173864
4.73e-008,-0.00191165
4.74e-008,-0.00204526
4.75e-008,-0.00216174
4.76e-008,-0.00228507
4.77e-008,-0.00240155
4.78e-008,-0.00253002
4.79e-008,-0.00260711
4.8e-008,-0.00261567
4.81e-008,-0.00252831
4.82e-008,-0.00239641
4.83e-008,-0.00220628
4.84e-008,-0.00206068
4.85e-008,-0.00196646
4.86e-008,-0.0019579
4.87e-008,-0.0019185
4.88e-008,-0.00180887
4.89e-008,-0.0016136
4.9e-008,-0.00129327
4.91e-008,-0.000990083
4.92e-008,-0.00073828
4.93e-008,-0.000599531
4.94e-008,-0.000652633
4.95e-008,-0.000799946
4.96e-008,-0.0010055
4.97e-008,-0.00113568
4.98e-008,-0.00115453
4.99e-008,-0.00112883
5e-008,-0.0010723
5.01e-008,-0.00102434
5.02e-008,-0.00101235
5.03e-008,-0.00104661
5.04e-008,-0.00110656
5.05e-008,-0.00121962
5.06e-008,-0.00130013
5.07e-008,-0.00136864
5.08e-008,-0.0014029
5.09e-008,-0.00140976
5.1e-008,-0.00137892
5.11e-008,-0.00129327
5.12e-008,-0.00115453
5.13e-008,-0.000996935
5.14e-008,-0.000829066
5.15e-008,-0.000693743
5.16e-008,-0.000558421
5.17e-008,-0.000453931
5.18e-008,-0.000328886
5.19e-008,-0.000169582
5.2e-008,-2.22683e-005
5.21e-008,0.000118193
5.22e-008,0.000234674
5.23e-008,0.000337451
5.24e-008,0.000395691
5.25e-008,0.000409394
5.26e-008,0.000315182
5.27e-008,0.000229535
5.28e-008,0.000126758
5.29e-008,5.65272e-005
5.3e-008,-5.13884e-006
5.31e-008,-1.71295e-006
5.32e-008,3.42589e-005
5.33e-008,7.36567e-005
5.34e-008,9.5925e-005
5.35e-008,4.62496e-005
5.36e-008,-4.45366e-005
5.37e-008,-0.000149026
5.38e-008,-0.000190137
5.39e-008,-0.000205554
5.4e-008,-0.000106203
5.41e-008,8.56473e-005
5.42e-008,0.000306617
5.43e-008,0.000525875
5.44e-008,0.000693743
5.45e-008,0.000815363
5.46e-008,0.000902723
5.47e-008,0.000981519
5.48e-008,0.00108601
5.49e-008,0.00115624
5.5e-008,0.00123332
5.51e-008,0.00129156
5.52e-008,0.00131726
5.53e-008,0.00133952
5.54e-008,0.00140976
5.55e-008,0.00150911
5.56e-008,0.0015879
5.57e-008,0.00162387
5.58e-008,0.0016136
5.59e-008,0.00151596
5.6e-008,0.00141147
5.61e-008,0.0012967
5.62e-008,0.00122818
5.63e-008,0.00117851
5.64e-008,0.00112712
5.65e-008,0.00106374
5.66e-008,0.000983232
5.67e-008,0.000938695
5.68e-008,0.000983232
5.69e-008,0.00113568
5.7e-008,0.0013892
5.71e-008,0.00168725
5.72e-008,0.00193734
5.73e-008,0.00214461
5.74e-008,0.00230563
5.75e-008,0.00242553
5.76e-008,0.00252488
5.77e-008,0.00266363
5.78e-008,0.00272359
5.79e-008,0.00275784
5.8e-008,0.00269789
5.81e-008,0.00257456
5.82e-008,0.0024735
5.83e-008,0.0023947
5.84e-008,0.00239641
5.85e-008,0.00248377
5.86e-008,0.00256086
5.87e-008,0.00258826
5.88e-008,0.00256428
5.89e-008,0.00248549
5.9e-008,0.00244609
5.91e-008,0.00243581
5.92e-008,0.00250262
5.93e-008,0.00259169
5.94e-008,0.00267562
5.95e-008,0.00275099
5.96e-008,0.00276984
5.97e-008,0.00282122
5.98e-008,0.00288974
5.99e-008,0.00300451
6e-008,0.0031484
6.01e-008,0.00329571
6.02e-008,0.00340191
6.03e-008,0.00348927
6.04e-008,0.00353724
6.05e-008,0.00354409
6.06e-008,0.00351668
6.07e-008,0.00354066
6.08e-008,0.00355779
6.09e-008,0.00363659
6.1e-008,0.00373251
6.11e-008,0.00382844
6.12e-008,0.00383529
6.13e-008,0.00380617
6.14e-008,0.00368969
6.15e-008,0.00353895
6.16e-008,0.00338992
6.17e-008,0.003294
6.18e-008,0.00324261
6.19e-008,0.00320835
6.2e-008,0.00320321
6.21e-008,0.00319636
6.22e-008,0.00317409
6.23e-008,0.00319122
6.24e-008,0.00323747
6.25e-008,0.00330599
6.26e-008,0.00335738
6.27e-008,0.00340534
6.28e-008,0.00344474
6.29e-008,0.00350469
6.3e-008,0.00358691
6.31e-008,0.00367598
6.32e-008,0.00376506
6.33e-008,0.0038507
6.34e-008,0.00392607
6.35e-008,0.00392607
6.36e-008,0.00390381
6.37e-008,0.00385242
6.38e-008,0.00380274
6.39e-008,0.00369311
6.4e-008,0.0035595
6.41e-008,0.00343103
6.42e-008,0.00334196
6.43e-008,0.00329571
6.44e-008,0.00327173
6.45e-008,0.00325802
6.46e-008,0.00327173
6.47e-008,0.00324432
6.48e-008,0.00323747
6.49e-008,0.00320492
6.5e-008,0.00314154
6.51e-008,0.00312784
6.52e-008,0.00308502
6.53e-008,0.00304048
6.54e-008,0.00301993
6.55e-008,0.00306789
6.56e-008,0.0031484
6.57e-008,0.00328886
6.58e-008,0.00340876
6.59e-008,0.00345159
6.6e-008,0.00340191
6.61e-008,0.00335224
6.62e-008,0.00332997
6.63e-008,0.00337964
6.64e-008,0.00346529
6.65e-008,0.00354237
6.66e-008,0.00357663
6.67e-008,0.00352524
6.68e-008,0.00339506
6.69e-008,0.00323576
6.7e-008,0.00306789
6.71e-008,0.00293257
6.72e-008,0.00280238
6.73e-008,0.00266877
6.74e-008,0.00252146
6.75e-008,0.00241354
6.76e-008,0.00237072
6.77e-008,0.002381
6.78e-008,0.00243581
6.79e-008,0.0024615
6.8e-008,0.00246493
6.81e-008,0.00245465
6.82e-008,0.00246664
6.83e-008,0.00243924
6.84e-008,0.00248035
6.85e-008,0.00252146
6.86e-008,0.00255229
6.87e-008,0.00256428
6.88e-008,0.00252488
6.89e-008,0.00251118
6.9e-008,0.00249062
6.91e-008,0.0025403
6.92e-008,0.00258141
6.93e-008,0.00265849
6.94e-008,0.00265849
6.95e-008,0.00259854
6.96e-008,0.00244609
6.97e-008,0.00225938
6.98e-008,0.00204526
6.99e-008,0.00186026
7e-008,0.00174378
7.01e-008,0.0016273
7.02e-008,0.00155022
7.03e-008,0.00148684
7.04e-008,0.00141489
7.05e-008,0.00136693
7.06e-008,0.00128985
7.07e-008,0.00121791
7.08e-008,0.00117166
7.09e-008,0.00115453
7.1e-008,0.00114425
7.11e-008,0.00115453
7.12e-008,0.00118193
7.13e-008,0.00121962
7.14e-008,0.00127615
7.15e-008,0.00131897
7.16e-008,0.00132753
7.17e-008,0.00131383
7.18e-008,0.00124189
7.19e-008,0.00109115
7.2e-008,0.000924991
7.21e-008,0.000726289
7.22e-008,0.000620087
7.23e-008,0.000606383
7.24e-008,0.000697169
7.25e-008,0.000770826
7.26e-008,0.000823927
7.27e-008,0.000799946
7.28e-008,0.000690318
7.29e-008,0.000578976
7.3e-008,0.000462496
7.31e-008,0.000371709
7.32e-008,0.000311756
7.33e-008,0.000289488
7.34e-008,0.000287775
7.35e-008,0.000303192
7.36e-008,0.000346015
7.37e-008,0.000395691
7.38e-008,0.000436801
7.39e-008,0.000423098
7.4e-008,0.000344302
7.41e-008,0.000232961
7.42e-008,0.000111342
7.43e-008,6.85179e-005
7.44e-008,9.7638e-005
7.45e-008,0.000157591
7.46e-008,0.000210692
7.47e-008,0.000231248
7.48e-008,0.000224396
7.49e-008,0.000196989
7.5e-008,0.000174721
7.51e-008,0.000193563
7.52e-008,0.000251803
7.53e-008,0.000323747
7.54e-008,0.000375135
7.55e-008,0.000387126
7.56e-008,0.000392265
7.57e-008,0.000330599
7.58e-008,0.000222683
7.59e-008,9.7638e-005
7.6e-008,-3.2546e-005
7.61e-008,-0.000138749
7.62e-008,-0.000130184
7.63e-008,-8.90732e-005
7.64e-008,3.42589e-006
7.65e-008,7.36567e-005
7.66e-008,9.07862e-005
7.67e-008,7.02308e-005
7.68e-008,3.59719e-005
7.69e-008,4.28237e-005
7.7e-008,0.000121619
7.71e-008,0.000294627
7.72e-008,0.000489903
7.73e-008,0.000625226
7.74e-008,0.000707447
7.75e-008,0.000654346
7.76e-008,0.00054643
7.77e-008,0.000407681
7.78e-008,0.000313469
7.79e-008,0.00025009
7.8e-008,0.000239813
7.81e-008,0.000260368
7.82e-008,0.000301479
7.83e-008,0.000342589
7.84e-008,0.00040083
7.85e-008,0.000433376
7.86e-008,0.000543004
7.87e-008,0.00066291
7.88e-008,0.000746845
7.89e-008,0.000803372
7.9e-008,0.000806798
7.91e-008,0.000741706
7.92e-008,0.000659485
7.93e-008,0.000585828
7.94e-008,0.000513884
7.95e-008,0.000495042
7.96e-008,0.000556708
7.97e-008,0.000638929
7.98e-008,0.000763974
7.99e-008,0.000861612
8e-008,0.000948973
8.01e-008,0.0010055
8.02e-008,0.00105175
8.03e-008,0.00112027
8.04e-008,0.00118193
8.05e-008,0.0012436
8.06e-008,0.00132582
8.07e-008,0.00133096
8.08e-008,0.00126929
8.09e-008,0.00119564
8.1e-008,0.00111855
8.11e-008,0.00109629
8.12e-008,0.00110828
8.13e-008,0.00115967
8.14e-008,0.00121105
8.15e-008,0.00126415
8.16e-008,0.0013104
8.17e-008,0.00136522
8.18e-008,0.00143545
8.19e-008,0.0015211
8.2e-008,0.00160503
8.21e-008,0.00164785
8.22e-008,0.00163073
8.23e-008,0.00164614
8.24e-008,0.00165128
8.25e-008,0.0016941
8.26e-008,0.0017592
8.27e-008,0.00179688
8.28e-008,0.00185512
8.29e-008,0.00187739
8.3e-008,0.00194248
8.31e-008,0.00200929
8.32e-008,0.0021566
8.33e-008,0.0023416
8.34e-008,0.00255058
8.35e-008,0.00269104
8.36e-008,0.00274757
8.37e-008,0.00276641
8.38e-008,0.00271502
8.39e-008,0.0026859
8.4e-008,0.00262252
8.41e-008,0.00261396
8.42e-008,0.00261224
8.43e-008,0.00270474
8.44e-008,0.00284007
8.45e-008,0.00303705
8.46e-008,0.00326659
8.47e-008,0.00347386
8.48e-008,0.00356636
8.49e-008,0.00358177
8.5e-008,0.00350298
8.51e-008,0.00339163
8.52e-008,0.00334367
8.53e-008,0.00336765
8.54e-008,0.00347043
8.55e-008,0.00361603
8.56e-008,0.00374793
8.57e-008,0.00381131
8.58e-008,0.00383871
8.59e-008,0.00382844
8.6e-008,0.00380103
8.61e-008,0.00381816
8.62e-008,0.00386783
8.63e-008,0.00388839
8.64e-008,0.00395519
8.65e-008,0.00404769
8.66e-008,0.00415218
8.67e-008,0.00424126
8.68e-008,0.0042738
8.69e-008,0.00429607
8.7e-008,0.00431663
8.71e-008,0.00434232
8.72e-008,0.00437144
8.73e-008,0.00455301
8.74e-008,0.00474315
8.75e-008,0.00494356
8.76e-008,0.00508231
8.77e-008,0.00512856
8.78e-008,0.00508231
8.79e-008,0.00500352
8.8e-008,0.00492644
8.81e-008,0.00491273
8.82e-008,0.00499838
8.83e-008,0.00513199
8.84e-008,0.00529129
8.85e-008,0.00540777
8.86e-008,0.00543518
8.87e-008,0.00543689
8.88e-008,0.00541463
8.89e-008,0.00543004
8.9e-008,0.0055037
8.91e-008,0.00566985
8.92e-008,0.00581545
8.93e-008,0.00596962
8.94e-008,0.0060998
8.95e-008,0.00614091
8.96e-008,0.00615804
8.97e-008,0.0061392
8.98e-008,0.00615291
8.99e-008,0.00613235
9e-008,0.00617517
9.01e-008,0.0061649
9.02e-008,0.00617517
9.03e-008,0.00620429
9.04e-008,0.00621971
9.05e-008,0.0062454
9.06e-008,0.00627452
9.07e-008,0.00632077
9.08e-008,0.00637216
9.09e-008,0.00645267
9.1e-008,0.00652461
9.11e-008,0.00658799
9.12e-008,0.00660855
9.13e-008,0.006576
9.14e-008,0.00651434
9.15e-008,0.00646809
9.16e-008,0.00642184
9.17e-008,0.00645267
9.18e-008,0.00653318
9.19e-008,0.00667878
9.2e-008,0.00679526
9.21e-008,0.00689119
9.22e-008,0.00698882
9.23e-008,0.00701966
9.24e-008,0.00698882
9.25e-008,0.006946
9.26e-008,0.00692887
9.27e-008,0.00695285
9.28e-008,0.00704706
9.29e-008,0.00714641
9.3e-008,0.00722178
9.31e-008,0.00724234
9.32e-008,0.00719952
9.33e-008,0.00716183
9.34e-008,0.00712757
9.35e-008,0.00716697
9.36e-008,0.00723377
9.37e-008,0.00735539
9.38e-008,0.00743933
9.39e-008,0.00745988
9.4e-008,0.00742562
9.41e-008,0.00737424
9.42e-008,0.00730572
9.43e-008,0.00729373
9.44e-008,0.00731257
9.45e-008,0.00741021
9.46e-008,0.00751641
9.47e-008,0.00758664
9.48e-008,0.00758493
9.49e-008,0.0075147
9.5e-008,0.00742905
9.51e-008,0.00735197
9.52e-008,0.00730058
9.53e-008,0.00730229
9.54e-008,0.00733998
9.55e-008,0.00738451
9.56e-008,0.0074085
9.57e-008,0.0074222
9.58e-008,0.00744275
9.59e-008,0.00746331
9.6e-008,0.00743076
9.61e-008,0.0074085
9.62e-008,0.00733484
9.63e-008,0.00724577
9.64e-008,0.00716012
9.65e-008,0.00714299
9.66e-008,0.00717896
9.67e-008,0.00720979
9.68e-008,0.00726803
9.69e-008,0.00726975
9.7e-008,0.00727317
9.71e-008,0.00723377
9.72e-008,0.00715498
9.73e-008,0.00713614
9.74e-008,0.0071841
9.75e-008,0.00720808
9.76e-008,0.00729201
9.77e-008,0.007316
9.78e-008,0.00732799
9.79e-008,0.00731942
9.8e-008,0.00729373
9.81e-008,0.00725947
9.82e-008,0.00724063
9.83e-008,0.00716183
9.84e-008,0.0070248
9.85e-008,0.00690318
9.86e-008,0.00680211
9.87e-008,0.00675758
9.88e-008,0.00680382
9.89e-008,0.00686207
9.9e-008,0.0069323
9.91e-008,0.00699225
9.92e-008,0.00700081
9.93e-008,0.00696142
9.94e-008,0.00695285
9.95e-008,0.00694771
9.96e-008,0.00693572
9.97e-008,0.00692544
9.98e-008,0.00687406
9.99e-008,0.0068004
1e-007,0.00671133
1.001e-007,0.00664623
1.002e-007,0.00655716
1.003e-007,0.00646809
1.004e-007,0.00642012
1.005e-007,0.00637388
1.006e-007,0.00639443
1.007e-007,0.00644924
1.008e-007,0.00656059
1.009e-007,0.00668734
1.01e-007,0.00675586
1.011e-007,0.00678327
1.012e-007,0.00675244
1.013e-007,0.00669762
1.014e-007,0.0066154
1.015e-007,0.00655031
1.016e-007,0.00649549
1.017e-007,0.00649721
1.018e-007,0.0064698
1.019e-007,0.00643897
1.02e-007,0.00645267
1.021e-007,0.0064561
1.022e-007,0.00652119
1.023e-007,0.00656401
1.024e-007,0.00658628
1.025e-007,0.00659313
1.026e-007,0.0065623
1.027e-007,0.00648693
1.028e-007,0.00637388
1.029e-007,0.00630193
1.03e-007,0.00622142
1.031e-007,0.00615633
1.032e-007,0.00612721
1.033e-007,0.00611522
1.034e-007,0.00609295
1.035e-007,0.00610837
1.036e-007,0.00611351
1.037e-007,0.00610837
1.038e-007,0.0061255
1.039e-007,0.00614605
1.04e-007,0.00613578
1.041e-007,0.00612892
1.042e-007,0.00602957
1.043e-007,0.00589939
1.044e-007,0.00578462
1.045e-007,0.0057161
1.046e-007,0.00569897
1.047e-007,0.00573152
1.048e-007,0.00581032
1.049e-007,0.00581203
1.05e-007,0.00572809
1.051e-007,0.00556194
1.052e-007,0.00532898
1.053e-007,0.00514912
1.054e-007,0.00502065
1.055e-007,0.00500523
1.056e-007,0.00509088
1.057e-007,0.00520736
1.058e-007,0.00525361
1.059e-007,0.00524162
1.06e-007,0.00514569
1.061e-007,0.0050018
1.062e-007,0.00487162
1.063e-007,0.00477227
1.064e-007,0.00474315
1.065e-007,0.00471403
1.066e-007,0.00470889
1.067e-007,0.00470033
1.068e-007,0.00467634
1.069e-007,0.00464037
1.07e-007,0.00456843
1.071e-007,0.00444338
1.072e-007,0.00432176
1.073e-007,0.00419672
1.074e-007,0.00411964
1.075e-007,0.00401857
1.076e-007,0.0039432
1.077e-007,0.00386955
1.078e-007,0.00375821
1.079e-007,0.00368112
1.08e-007,0.00363316
1.081e-007,0.00368455
1.082e-007,0.00369483
1.083e-007,0.00370339
1.084e-007,0.00367598
1.085e-007,0.00358177
1.086e-007,0.00343446
1.087e-007,0.00325631
1.088e-007,0.0030833
1.089e-007,0.00295655
1.09e-007,0.00281608
1.091e-007,0.00274414
1.092e-007,0.00270646
1.093e-007,0.00271502
1.094e-007,0.0027784
1.095e-007,0.00280409
1.096e-007,0.00280409
1.097e-007,0.00279896
1.098e-007,0.00273729
1.099e-007,0.00266877
1.1e-007,0.00259169
1.101e-007,0.00251803
1.102e-007,0.00244951
1.103e-007,0.00243752
1.104e-007,0.00241526
1.105e-007,0.00242211
1.106e-007,0.00241354
1.107e-007,0.00237757
1.108e-007,0.0022885
1.109e-007,0.00218229
1.11e-007,0.00206581
1.111e-007,0.00195276
1.112e-007,0.0019048
1.113e-007,0.00184484
1.114e-007,0.00179859
1.115e-007,0.00172836
1.116e-007,0.00167697
1.117e-007,0.00159475
1.118e-007,0.0015742
1.119e-007,0.00151253
1.12e-007,0.00143888
1.121e-007,0.00135494
1.122e-007,0.00122133
1.123e-007,0.00113054
1.124e-007,0.00102606
1.125e-007,0.00100036
1.126e-007,0.00100379
1.127e-007,0.000996935
1.128e-007,0.00095925
1.129e-007,0.000887306
1.13e-007,0.000762261
1.131e-007,0.000661197
1.132e-007,0.000582402
1.133e-007,0.000520736
1.134e-007,0.000539578
1.135e-007,0.000554995
1.136e-007,0.000589254
1.137e-007,0.00060467
1.138e-007,0.000618374
1.139e-007,0.000597818
1.14e-007,0.000525875
1.141e-007,0.000421385
1.142e-007,0.000274071
1.143e-007,0.000123332
1.144e-007,-3.42589e-006
1.145e-007,-8.05085e-005
1.146e-007,-6.16661e-005
1.147e-007,8.56473e-006
1.148e-007,7.70826e-005
1.149e-007,8.56473e-005
1.15e-007,-1.71295e-006
1.151e-007,-0.000196989
1.152e-007,-0.000423098
1.153e-007,-0.000623513
1.154e-007,-0.000729715
1.155e-007,-0.00068004
1.156e-007,-0.000580689
1.157e-007,-0.00050018
1.158e-007,-0.000455644
1.159e-007,-0.000498468
1.16e-007,-0.000560134
1.161e-007,-0.000628652
1.162e-007,-0.000678327
1.163e-007,-0.000697169
1.164e-007,-0.000724577
1.165e-007,-0.000772539
1.166e-007,-0.000870177
1.167e-007,-0.000986657
1.168e-007,-0.00108772
1.169e-007,-0.00113568
1.17e-007,-0.00115967
1.171e-007,-0.00118193
1.172e-007,-0.00118536
1.173e-007,-0.00121277
1.174e-007,-0.00118193
1.175e-007,-0.00115624
1.176e-007,-0.00113911
1.177e-007,-0.00108601
1.178e-007,-0.0011117
1.179e-007,-0.00114596
1.18e-007,-0.00117679
1.181e-007,-0.00117679
1.182e-007,-0.00119221
1.183e-007,-0.00115795
1.184e-007,-0.00112369
1.185e-007,-0.00113568
1.186e-007,-0.00119735
1.187e-007,-0.00128128
1.188e-007,-0.00133267
1.189e-007,-0.00132753
1.19e-007,-0.00126073
1.191e-007,-0.00118536
1.192e-007,-0.00112883
1.193e-007,-0.0011511
1.194e-007,-0.00124531
1.195e-007,-0.00143716
1.196e-007,-0.00161702
1.197e-007,-0.00175406
1.198e-007,-0.00178146
1.199e-007,-0.00170952
1.2e-007,-0.00161017
1.201e-007,-0.00150397
1.202e-007,-0.00144401
1.203e-007,-0.00143888
1.204e-007,-0.00143888
1.205e-007,-0.001468
1.206e-007,-0.00148512
1.207e-007,-0.00151082
1.208e-007,-0.00154337
1.209e-007,-0.00157249
1.21e-007,-0.00167697
1.211e-007,-0.00178489
1.212e-007,-0.00188595
1.213e-007,-0.00195105
1.214e-007,-0.00196646
1.215e-007,-0.00192364
1.216e-007,-0.00181401
1.217e-007,-0.00172836
1.218e-007,-0.00167869
1.219e-007,-0.0017061
1.22e-007,-0.00181744
1.221e-007,-0.00196132
1.222e-007,-0.00207609
1.223e-007,-0.00215317
1.224e-007,-0.00213262
1.225e-007,-0.00207438
1.226e-007,-0.0019973
1.227e-007,-0.00195447
1.228e-007,-0.00190308
1.229e-007,-0.00190651
1.23e-007,-0.00196304
1.231e-007,-0.00206239
1.232e-007,-0.00218572
1.233e-007,-0.00230049
1.234e-007,-0.00238271
1.235e-007,-0.00237586
1.236e-007,-0.00233132
1.237e-007,-0.00223711
1.238e-007,-0.00212063
1.239e-007,-0.00205896
1.24e-007,-0.00199216
1.241e-007,-0.00199901
1.242e-007,-0.0019973
1.243e-007,-0.0019973
1.244e-007,-0.00196646
1.245e-007,-0.00197331
1.246e-007,-0.00201614
1.247e-007,-0.00206753
1.248e-007,-0.00207609
1.249e-007,-0.00200243
1.25e-007,-0.00196475
1.251e-007,-0.00193049
1.252e-007,-0.00194933
1.253e-007,-0.00202299
1.254e-007,-0.00214975
1.255e-007,-0.00228165
1.256e-007,-0.00233989
1.257e-007,-0.00230563
1.258e-007,-0.00216516
1.259e-007,-0.00200243
1.26e-007,-0.00184313
1.261e-007,-0.00173864
1.262e-007,-0.00169239
1.263e-007,-0.00167526
1.264e-007,-0.00169068
1.265e-007,-0.0016667
1.266e-007,-0.00166156
1.267e-007,-0.00165813
1.268e-007,-0.0016667
1.269e-007,-0.0017061
1.27e-007,-0.00175577
1.271e-007,-0.00177119
1.272e-007,-0.00181401
1.273e-007,-0.00180545
1.274e-007,-0.00184656
1.275e-007,-0.00186711
1.276e-007,-0.00190651
1.277e-007,-0.00191336
1.278e-007,-0.0018791
1.279e-007,-0.00175748
1.28e-007,-0.00161873
1.281e-007,-0.00147142
1.282e-007,-0.00138064
1.283e-007,-0.00131897
1.284e-007,-0.00133096
1.285e-007,-0.00135837
1.286e-007,-0.00136351
1.287e-007,-0.00138749
1.288e-007,-0.00139091
1.289e-007,-0.00142003
1.29e-007,-0.00147313
1.291e-007,-0.0015211
1.292e-007,-0.00159818
1.293e-007,-0.00162387
1.294e-007,-0.00157249
1.295e-007,-0.00152452
1.296e-007,-0.00143031
1.297e-007,-0.0013755
1.298e-007,-0.00137036
1.299e-007,-0.00137036
1.3e-007,-0.00138406
1.301e-007,-0.00145429
1.302e-007,-0.00146971
1.303e-007,-0.00150739
1.304e-007,-0.00155022
1.305e-007,-0.00155364
1.306e-007,-0.0015485
1.307e-007,-0.00147827
1.308e-007,-0.00140804
1.309e-007,-0.00137721
1.31e-007,-0.00137721
1.311e-007,-0.00142517
1.312e-007,-0.00152966
1.313e-007,-0.00165642
1.314e-007,-0.00172151
1.315e-007,-0.00178489
1.316e-007,-0.0017729
1.317e-007,-0.00171123
1.318e-007,-0.00165985
1.319e-007,-0.00157591
1.32e-007,-0.00157762
1.321e-007,-0.00158105
1.322e-007,-0.00164443
1.323e-007,-0.00172665
1.324e-007,-0.001826
1.325e-007,-0.00189109
1.326e-007,-0.00189109
1.327e-007,-0.00186369
1.328e-007,-0.0018123
1.329e-007,-0.00174721
1.33e-007,-0.00168383
1.331e-007,-0.0016667
1.332e-007,-0.00166156
1.333e-007,-0.00171637
1.334e-007,-0.00180545
1.335e-007,-0.00187225
1.336e-007,-0.00192707
1.337e-007,-0.00198873
1.338e-007,-0.00204526
1.339e-007,-0.00207952
1.34e-007,-0.00209151
1.341e-007,-0.00207267
1.342e-007,-0.00206924
1.343e-007,-0.00203498
1.344e-007,-0.00200586
1.345e-007,-0.00194419
1.346e-007,-0.00190308
1.347e-007,-0.00184998
1.348e-007,-0.00181401
1.349e-007,-0.00178146
1.35e-007,-0.00180031
1.351e-007,-0.0018791
1.352e-007,-0.00199387
1.353e-007,-0.00211892
1.354e-007,-0.00223026
1.355e-007,-0.00227993
1.356e-007,-0.00230049
1.357e-007,-0.00228678
1.358e-007,-0.00225938
1.359e-007,-0.00228336
1.36e-007,-0.00234331
1.361e-007,-0.00241012
1.362e-007,-0.00249234
1.363e-007,-0.00255914
1.364e-007,-0.00256086
1.365e-007,-0.00255743
1.366e-007,-0.00253516
1.367e-007,-0.0025403
1.368e-007,-0.00254544
1.369e-007,-0.00259511
1.37e-007,-0.00262766
1.371e-007,-0.00264308
1.372e-007,-0.00260539
1.373e-007,-0.00254715
1.374e-007,-0.00246493
1.375e-007,-0.00241526
1.376e-007,-0.0024084
1.377e-007,-0.00245465
1.378e-007,-0.00255743
1.379e-007,-0.00267391
1.38e-007,-0.00274243
1.381e-007,-0.00277497
1.382e-007,-0.00274243
1.383e-007,-0.00269275
1.384e-007,-0.0025934
1.385e-007,-0.00254715
1.386e-007,-0.00248206
1.387e-007,-0.0024735
1.388e-007,-0.00247521
1.389e-007,-0.0025266
1.39e-007,-0.00259169
1.391e-007,-0.00270646
1.392e-007,-0.00283835
1.393e-007,-0.0029377
1.394e-007,-0.00299766
1.395e-007,-0.00302678
1.396e-007,-0.00301136
1.397e-007,-0.00301307
1.398e-007,-0.00301307
1.399e-007,-0.00299937
1.4e-007,-0.00297196
1.401e-007,-0.00292743
1.402e-007,-0.00284178
1.403e-007,-0.0027921
1.404e-007,-0.00274071
1.405e-007,-0.002739
1.406e-007,-0.00273729
1.407e-007,-0.00276298
1.408e-007,-0.00282808
1.409e-007,-0.00290173
1.41e-007,-0.00301479
1.411e-007,-0.00314497
1.412e-007,-0.00323062
1.413e-007,-0.00324775
1.414e-007,-0.00316553
1.415e-007,-0.00302506
1.416e-007,-0.00288118
1.417e-007,-0.00280923
1.418e-007,-0.00285206
1.419e-007,-0.00296511
1.42e-007,-0.00305418
1.421e-007,-0.00315696
1.422e-007,-0.00320321
1.423e-007,-0.00318608
1.424e-007,-0.00312613
1.425e-007,-0.00304219
1.426e-007,-0.00295826
1.427e-007,-0.00292743
1.428e-007,-0.00293257
1.429e-007,-0.00298053
1.43e-007,-0.00304048
1.431e-007,-0.0030696
1.432e-007,-0.00305418
1.433e-007,-0.0030028
1.434e-007,-0.00290002
1.435e-007,-0.00282465
1.436e-007,-0.00278183
1.437e-007,-0.00274585
1.438e-007,-0.00269618
1.439e-007,-0.00261396
1.44e-007,-0.00254886
1.441e-007,-0.00250262
1.442e-007,-0.00251118
1.443e-007,-0.002554
1.444e-007,-0.00262081
1.445e-007,-0.00266021
1.446e-007,-0.00261738
1.447e-007,-0.00256942
1.448e-007,-0.00251118
1.449e-007,-0.00244951
1.45e-007,-0.00245123
1.451e-007,-0.00244951
1.452e-007,-0.00240155
1.453e-007,-0.00236215
1.454e-007,-0.00231077
1.455e-007,-0.00225938
1.456e-007,-0.00222512
1.457e-007,-0.00222854
1.458e-007,-0.00224739
1.459e-007,-0.00228507
1.46e-007,-0.00230734
1.461e-007,-0.00231248
1.462e-007,-0.00228678
1.463e-007,-0.00222169
1.464e-007,-0.00216174
1.465e-007,-0.00211206
1.466e-007,-0.0020247
1.467e-007,-0.00194248
1.468e-007,-0.00181401
1.469e-007,-0.0016804
1.47e-007,-0.00156392
1.471e-007,-0.00147827
1.472e-007,-0.00147485
1.473e-007,-0.00153137
1.474e-007,-0.00167869
1.475e-007,-0.00180373
1.476e-007,-0.00189452
1.477e-007,-0.00189452
1.478e-007,-0.00188424
1.479e-007,-0.00180887
1.48e-007,-0.00173179
1.481e-007,-0.00165985
1.482e-007,-0.00157077
1.483e-007,-0.00149883
1.484e-007,-0.00137378
1.485e-007,-0.00129156
1.486e-007,-0.00125559
1.487e-007,-0.00126929
1.488e-007,-0.0013361
1.489e-007,-0.00140119
1.49e-007,-0.00139948
1.491e-007,-0.0013361
1.492e-007,-0.00120934
1.493e-007,-0.00110999
1.494e-007,-0.0010055
1.495e-007,-0.000945547
1.496e-007,-0.000882168
1.497e-007,-0.00081365
1.498e-007,-0.00073828
1.499e-007,-0.000690318
1.5e-007,-0.000674901
1.501e-007,-0.000698882
1.502e-007,-0.00073828
1.503e-007,-0.000753697
1.504e-007,-0.000698882
1.505e-007,-0.000645781
1.506e-007,-0.000594393
1.507e-007,-0.000553282
1.508e-007,-0.000556708
1.509e-007,-0.000532726
1.51e-007,-0.000467634
1.511e-007,-0.000371709
1.512e-007,-0.000275784
1.513e-007,-0.000219257
1.514e-007,-0.000171295
1.515e-007,-0.0001456
1.516e-007,-9.24991e-005
1.517e-007,-1.71295e-005
1.518e-007,7.19438e-005
1.519e-007,0.000203841
1.52e-007,0.000246664
1.521e-007,0.000241526
1.522e-007,0.000188424
1.523e-007,0.000111342
1.524e-007,6.68049e-005
1.525e-007,9.93509e-005
1.526e-007,0.000171295
1.527e-007,0.000328886
1.528e-007,0.000496755
1.529e-007,0.000652633
1.53e-007,0.000726289
1.531e-007,0.000817076
1.532e-007,0.000851335
1.533e-007,0.000919852
1.534e-007,0.000967815
1.535e-007,0.00102434
1.536e-007,0.00111684
1.537e-007,0.00118193
1.538e-007,0.00119392
1.539e-007,0.0012436
1.54e-007,0.00124703
1.541e-007,0.00124531
1.542e-007,0.00126073
1.543e-007,0.00126758
1.544e-007,0.00124017
1.545e-007,0.00119906
1.546e-007,0.00114425
1.547e-007,0.00109115
1.548e-007,0.0010723
1.549e-007,0.00110314
1.55e-007,0.0011374
1.551e-007,0.00118707
1.552e-007,0.00122133
1.553e-007,0.00127272
1.554e-007,0.00128128
1.555e-007,0.00132239
1.556e-007,0.00136179
1.557e-007,0.00141832
1.558e-007,0.00151253
1.559e-007,0.00160503
1.56e-007,0.00171123
1.561e-007,0.00184827
1.562e-007,0.00193734
1.563e-007,0.00201956
1.564e-007,0.00206753
1.565e-007,0.00211378
1.566e-007,0.00213776
1.567e-007,0.00217202
1.568e-007,0.00218572
1.569e-007,0.00218229
1.57e-007,0.00216003
1.571e-007,0.00206753
1.572e-007,0.00201271
1.573e-007,0.00195961
1.574e-007,0.00199387
1.575e-007,0.00207609
1.576e-007,0.00223711
1.577e-007,0.00242553
1.578e-007,0.00255572
1.579e-007,0.00260025
1.58e-007,0.00254373
1.581e-007,0.00245808
1.582e-007,0.00237757
1.583e-007,0.00237414
1.584e-007,0.00247007
1.585e-007,0.00260882
1.586e-007,0.00269447
1.587e-007,0.00273558
1.588e-007,0.00270646
1.589e-007,0.00263965
1.59e-007,0.00257113
1.591e-007,0.00251974
1.592e-007,0.00247863
1.593e-007,0.0024478
1.594e-007,0.00240155
1.595e-007,0.00238271
1.596e-007,0.00242725
1.597e-007,0.00254544
1.598e-007,0.00270474
1.599e-007,0.00289488
1.6e-007,0.00301821
1.601e-007,0.00304391
1.602e-007,0.00298395
1.603e-007,0.00290002
1.604e-007,0.00275613
1.605e-007,0.00275271
1.606e-007,0.00276984
1.607e-007,0.00285206
1.608e-007,0.00293942
1.609e-007,0.00299081
1.61e-007,0.00301479
1.611e-007,0.00301479
1.612e-007,0.00299937
1.613e-007,0.00296854
1.614e-007,0.00290344
1.615e-007,0.00285206
1.616e-007,0.00278696
1.617e-007,0.00274928
1.618e-007,0.00273215
1.619e-007,0.00274071
1.62e-007,0.00279382
1.621e-007,0.00287604
1.622e-007,0.00295655
1.623e-007,0.00300793
1.624e-007,0.00302849
1.625e-007,0.00298224
1.626e-007,0.00294284
1.627e-007,0.0028846
1.628e-007,0.00285548
1.629e-007,0.00286576
1.63e-007,0.00293085
1.631e-007,0.00304562
1.632e-007,0.00318437
1.633e-007,0.00336251
1.634e-007,0.00344302
1.635e-007,0.00348071
1.636e-007,0.00346187
1.637e-007,0.00337793
1.638e-007,0.00331113
1.639e-007,0.00329742
1.64e-007,0.00333339
1.641e-007,0.00337964
1.642e-007,0.00336594
1.643e-007,0.00329571
1.644e-007,0.00316724
1.645e-007,0.00301136
1.646e-007,0.00284863
1.647e-007,0.00276641
1.648e-007,0.00278696
1.649e-007,0.00286919
1.65e-007,0.00294627
1.651e-007,0.00300965
1.652e-007,0.00306446
1.653e-007,0.00311242
1.654e-007,0.00312784
1.655e-007,0.00314668
1.656e-007,0.00316895
1.657e-007,0.00316039
1.658e-007,0.00314154
1.659e-007,0.00307988
1.66e-007,0.00300965
1.661e-007,0.00293428
1.662e-007,0.00287946
1.663e-007,0.00287604
1.664e-007,0.00293257
1.665e-007,0.00305076
1.666e-007,0.00313127
1.667e-007,0.00321863
1.668e-007,0.00323747
1.669e-007,0.00321349
1.67e-007,0.00313469
1.671e-007,0.00306104
1.672e-007,0.00303705
1.673e-007,0.00303705
1.674e-007,0.00305418
1.675e-007,0.00312955
1.676e-007,0.00321006
1.677e-007,0.00329057
1.678e-007,0.00332483
1.679e-007,0.00332483
1.68e-007,0.00331798
1.681e-007,0.00328886
1.682e-007,0.00328201
1.683e-007,0.00327002
1.684e-007,0.0032683
1.685e-007,0.00322034
1.686e-007,0.00317752
1.687e-007,0.0030696
1.688e-007,0.00294456
1.689e-007,0.00284178
1.69e-007,0.00285034
1.691e-007,0.00296682
1.692e-007,0.00313298
1.693e-007,0.00327515
1.694e-007,0.00335738
1.695e-007,0.00332997
1.696e-007,0.00318608
1.697e-007,0.00302678
1.698e-007,0.00290687
1.699e-007,0.00286919
1.7e-007,0.0028572
1.701e-007,0.00288118
1.702e-007,0.00287946
1.703e-007,0.0028315
1.704e-007,0.00274243
1.705e-007,0.0026465
1.706e-007,0.00257627
1.707e-007,0.00259169
1.708e-007,0.00266192
1.709e-007,0.00276127
1.71e-007,0.00282122
1.711e-007,0.00284692
1.712e-007,0.00279724
1.713e-007,0.00271502
1.714e-007,0.00258141
1.715e-007,0.00250262
1.716e-007,0.00248377
1.717e-007,0.00256942
1.718e-007,0.00266192
1.719e-007,0.00275613
1.72e-007,0.00280067
1.721e-007,0.00275784
1.722e-007,0.00267048
1.723e-007,0.00255572
1.724e-007,0.0024478
1.725e-007,0.00242039
1.726e-007,0.0024478
1.727e-007,0.00255914
1.728e-007,0.00265164
1.729e-007,0.00269104
1.73e-007,0.00265164
1.731e-007,0.00254373
1.732e-007,0.00243752
1.733e-007,0.00231933
1.734e-007,0.00222341
1.735e-007,0.0021703
1.736e-007,0.00213604
1.737e-007,0.00210521
1.738e-007,0.00207095
1.739e-007,0.00206068
1.74e-007,0.00207609
1.741e-007,0.00209836
1.742e-007,0.00213776
1.743e-007,0.00219771
1.744e-007,0.00221655
1.745e-007,0.00221827
1.746e-007,0.00213433
1.747e-007,0.00204868
1.748e-007,0.0019579
1.749e-007,0.00187054
1.75e-007,0.00186883
1.751e-007,0.00189281
1.752e-007,0.00192364
1.753e-007,0.00190308
1.754e-007,0.00187054
1.755e-007,0.00182771
1.756e-007,0.00182429
