LECROYWM8500,500500138,Waveform
Segments,1,SegmentSize,2002
Segment,TrigTime,TimeSinceSegment1
#1,21-Mar-2024 17:17:31,0                 
Time,Ampl
-2.45e-008,0.000131897
-2.44e-008,7.02308e-005
-2.43e-008,0
-2.42e-008,-1.54165e-005
-2.41e-008,8.56473e-006
-2.4e-008,9.42121e-005
-2.39e-008,0.000196989
-2.38e-008,0.000303192
-2.37e-008,0.000346015
-2.36e-008,0.000347728
-2.35e-008,0.000294627
-2.34e-008,0.000226109
-2.33e-008,0.00019185
-2.32e-008,0.000183285
-2.31e-008,0.000193563
-2.3e-008,0.00022097
-2.29e-008,0.000243238
-2.28e-008,0.000239813
-2.27e-008,0.000214118
-2.26e-008,0.000193563
-2.25e-008,0.000166156
-2.24e-008,0.000196989
-2.23e-008,0.000210692
-2.22e-008,0.000243238
-2.21e-008,0.000265507
-2.2e-008,0.000270646
-2.19e-008,0.000255229
-2.18e-008,0.000251803
-2.17e-008,0.000231248
-2.16e-008,0.000215831
-2.15e-008,0.000190137
-2.14e-008,0.000171295
-2.13e-008,0.000135323
-2.12e-008,0.00013361
-2.11e-008,0.000157591
-2.1e-008,0.00020898
-2.09e-008,0.000258655
-2.08e-008,0.000310043
-2.07e-008,0.000323747
-2.06e-008,0.00030833
-2.05e-008,0.000284349
-2.04e-008,0.000229535
-2.03e-008,0.000176434
-2.02e-008,0.000157591
-2.01e-008,0.000152452
-2e-008,0.000193563
-1.99e-008,0.000232961
-1.98e-008,0.000298053
-1.97e-008,0.00035458
-1.96e-008,0.000385413
-1.95e-008,0.000393978
-1.94e-008,0.000369997
-1.93e-008,0.000339163
-1.92e-008,0.000282636
-1.91e-008,0.000217544
-1.9e-008,0.000135323
-1.89e-008,7.70826e-005
-1.88e-008,7.87956e-005
-1.87e-008,9.5925e-005
-1.86e-008,0.000143888
-1.85e-008,0.000167869
-1.84e-008,0.000207267
-1.83e-008,0.000229535
-1.82e-008,0.000253516
-1.81e-008,0.000284349
-1.8e-008,0.000356293
-1.79e-008,0.000381987
-1.78e-008,0.000380274
-1.77e-008,0.000332312
-1.76e-008,0.000268933
-1.75e-008,0.000169582
-1.74e-008,0.000138749
-1.73e-008,0.000149026
-1.72e-008,0.000231248
-1.71e-008,0.000330599
-1.7e-008,0.000393978
-1.69e-008,0.000428237
-1.68e-008,0.000404255
-1.67e-008,0.000356293
-1.66e-008,0.000244951
-1.65e-008,0.000179859
-1.64e-008,0.000126758
-1.63e-008,0.000128471
-1.62e-008,0.000143888
-1.61e-008,0.000188424
-1.6e-008,0.000217544
-1.59e-008,0.000196989
-1.58e-008,0.000155878
-1.57e-008,0.00011648
-1.56e-008,7.87956e-005
-1.55e-008,0.000128471
-1.54e-008,0.000183285
-1.53e-008,0.000263794
-1.52e-008,0.00030833
-1.51e-008,0.000299766
-1.5e-008,0.000274071
-1.49e-008,0.000222683
-1.48e-008,0.000207267
-1.47e-008,0.000248377
-1.46e-008,0.000282636
-1.45e-008,0.00029634
-1.44e-008,0.000260368
-1.43e-008,0.000193563
-1.42e-008,0.000118193
-1.41e-008,5.31014e-005
-1.4e-008,4.11107e-005
-1.39e-008,8.05085e-005
-1.38e-008,0.000130184
-1.37e-008,0.000195276
-1.36e-008,0.00022097
-1.35e-008,0.000236387
-1.34e-008,0.000239813
-1.33e-008,0.000226109
-1.32e-008,0.000203841
-1.31e-008,0.000169582
-1.3e-008,0.000143888
-1.29e-008,0.000147313
-1.28e-008,0.000150739
-1.27e-008,0.000195276
-1.26e-008,0.000258655
-1.25e-008,0.000337451
-1.24e-008,0.000405968
-1.23e-008,0.000416246
-1.22e-008,0.00040083
-1.21e-008,0.000323747
-1.2e-008,0.00022097
-1.19e-008,0.00013361
-1.18e-008,7.87956e-005
-1.17e-008,8.05085e-005
-1.16e-008,0.000152452
-1.15e-008,0.000256942
-1.14e-008,0.000322034
-1.13e-008,0.000378561
-1.12e-008,0.000363145
-1.11e-008,0.000318608
-1.1e-008,0.00026722
-1.09e-008,0.000270646
-1.08e-008,0.000327173
-1.07e-008,0.000465922
-1.06e-008,0.000623513
-1.05e-008,0.000743419
-1.04e-008,0.000820502
-1.03e-008,0.00084277
-1.02e-008,0.000810224
-1.01e-008,0.000786243
-1e-008,0.000781104
-9.9e-009,0.00084277
-9.8e-009,0.00091814
-9.7e-009,0.000986657
-9.6e-009,0.00102263
-9.5e-009,0.00102263
-9.4e-009,0.000984944
-9.3e-009,0.000909575
-9.2e-009,0.000865038
-9.1e-009,0.000841057
-9e-009,0.000815363
-8.9e-009,0.000835918
-8.8e-009,0.000889019
-8.7e-009,0.000967815
-8.6e-009,0.000995222
-8.5e-009,0.000969528
-8.4e-009,0.000897584
-8.3e-009,0.000818789
-8.2e-009,0.00075541
-8.1e-009,0.000748558
-8e-009,0.000794807
-7.9e-009,0.000865038
-7.8e-009,0.000914714
-7.7e-009,0.000911288
-7.6e-009,0.000858186
-7.5e-009,0.000770826
-7.4e-009,0.000661197
-7.3e-009,0.000503606
-7.2e-009,0.000361432
-7.1e-009,0.000227822
-7e-009,0.00016273
-6.9e-009,0.000157591
-6.8e-009,0.000246664
-6.7e-009,0.000404255
-6.6e-009,0.000529301
-6.5e-009,0.000561847
-6.4e-009,0.000515597
-6.3e-009,0.000395691
-6.2e-009,0.000262081
-6.1e-009,0.0001456
-6e-009,8.73603e-005
-5.9e-009,0.000121619
-5.8e-009,0.000253516
-5.7e-009,0.000417959
-5.6e-009,0.000728002
-5.5e-009,0.00120078
-5.4e-009,0.00184484
-5.3e-009,0.00270303
-5.2e-009,0.00373251
-5.1e-009,0.00492986
-5e-009,0.00618888
-4.9e-009,0.00744104
-4.8e-009,0.00863497
-4.7e-009,0.00973639
-4.6e-009,0.0107487
-4.5e-009,0.0117148
-4.4e-009,0.0126398
-4.3e-009,0.0135186
-4.2e-009,0.0143459
-4.1e-009,0.0150088
-4e-009,0.0154936
-3.9e-009,0.0157163
-3.8e-009,0.0157197
-3.7e-009,0.0154645
-3.6e-009,0.0149009
-3.5e-009,0.0140907
-3.4e-009,0.0129687
-3.3e-009,0.0115864
-3.2e-009,0.0101098
-3.1e-009,0.00868978
-3e-009,0.00750613
-2.9e-009,0.00663424
-2.8e-009,0.00608953
-2.7e-009,0.00582231
-2.6e-009,0.00578633
-2.5e-009,0.00584286
-2.4e-009,0.00601416
-2.3e-009,0.0062711
-2.2e-009,0.00662397
-2.1e-009,0.00707276
-2e-009,0.00761062
-1.9e-009,0.0081896
-1.8e-009,0.00878057
-1.7e-009,0.00936639
-1.6e-009,0.00987
-1.5e-009,0.0103325
-1.4e-009,0.0107145
-1.3e-009,0.0110142
-1.2e-009,0.0112558
-1.1e-009,0.0114271
-1e-009,0.0115658
-9e-010,0.0116275
-8e-010,0.0115932
-7e-010,0.0114408
-6e-010,0.0111085
-5e-010,0.0105278
-4e-010,0.00969014
-3e-010,0.00863154
-2e-010,0.00742049
-1e-010,0.00622999
4.138488e-023,0.00517481
1e-010,0.00436801
2e-010,0.00390038
3e-010,0.00376334
4e-010,0.00389867
5e-010,0.00420357
6e-010,0.00463523
7e-010,0.00515768
8e-010,0.00569726
9e-010,0.00624883
1e-009,0.0067867
1.1e-009,0.00733655
1.2e-009,0.00786071
1.3e-009,0.00836261
1.4e-009,0.00884737
1.5e-009,0.00929274
1.6e-009,0.00965588
1.7e-009,0.00994023
1.8e-009,0.0100995
1.9e-009,0.010115
2e-009,0.010019
2.1e-009,0.00977065
2.2e-009,0.00939037
2.3e-009,0.00886279
2.4e-009,0.00814849
2.5e-009,0.00730914
2.6e-009,0.00638073
2.7e-009,0.00542319
2.8e-009,0.00453417
2.9e-009,0.00369483
3e-009,0.00302506
3.1e-009,0.00254201
3.2e-009,0.00226965
3.3e-009,0.00221484
3.4e-009,0.00238271
3.5e-009,0.00275442
3.6e-009,0.00327687
3.7e-009,0.00390038
3.8e-009,0.00457528
3.9e-009,0.00521935
4e-009,0.00587883
4.1e-009,0.00651262
4.2e-009,0.00706762
4.3e-009,0.00756951
4.4e-009,0.00799604
4.5e-009,0.00826668
4.6e-009,0.00836432
4.7e-009,0.00829066
4.8e-009,0.00806627
4.9e-009,0.00771169
5e-009,0.00725433
5.1e-009,0.00669934
5.2e-009,0.00604328
5.3e-009,0.00531185
5.4e-009,0.00447593
5.5e-009,0.00364858
5.6e-009,0.00283835
5.7e-009,0.00213776
5.8e-009,0.00152624
5.9e-009,0.00109457
6e-009,0.000805085
6.1e-009,0.000714299
6.2e-009,0.000861612
6.3e-009,0.00121619
6.4e-009,0.00179859
6.5e-009,0.0024735
6.6e-009,0.00323747
6.7e-009,0.00400658
6.8e-009,0.00477227
6.9e-009,0.00549171
7e-009,0.00619573
7.1e-009,0.00684665
7.2e-009,0.00741535
7.3e-009,0.00781446
7.4e-009,0.00802687
7.5e-009,0.00800289
7.6e-009,0.00776308
7.7e-009,0.00728859
7.8e-009,0.00667878
7.9e-009,0.00596448
8e-009,0.00518509
8.1e-009,0.00437829
8.2e-009,0.00356636
8.3e-009,0.00276298
8.4e-009,0.00201271
8.5e-009,0.00133096
8.6e-009,0.000763974
8.7e-009,0.000388839
8.8e-009,0.000231248
8.9e-009,0.000265507
9e-009,0.000479625
9.1e-009,0.000799946
9.2e-009,0.00121619
9.3e-009,0.00168554
9.4e-009,0.00227137
9.5e-009,0.00288632
9.6e-009,0.00354066
9.7e-009,0.00418987
9.8e-009,0.00482366
9.9e-009,0.00538722
1e-008,0.00582402
1.01e-008,0.00610837
1.02e-008,0.00617689
1.03e-008,0.00605869
1.04e-008,0.00575208
1.05e-008,0.00528787
1.06e-008,0.00473972
1.07e-008,0.0041676
1.08e-008,0.00358691
1.09e-008,0.00303363
1.1e-008,0.00243752
1.11e-008,0.0018397
1.12e-008,0.00123503
1.13e-008,0.00068004
1.14e-008,0.000184998
1.15e-008,-0.000202128
1.16e-008,-0.000467634
1.17e-008,-0.000590967
1.18e-008,-0.000548143
1.19e-008,-0.000385413
1.2e-008,-8.56473e-005
1.21e-008,0.000323747
1.22e-008,0.000818789
1.23e-008,0.00136008
1.24e-008,0.00191507
1.25e-008,0.00249234
1.26e-008,0.003109
1.27e-008,0.00375478
1.28e-008,0.00437829
1.29e-008,0.00495042
1.3e-008,0.00538893
1.31e-008,0.0056887
1.32e-008,0.00578291
1.33e-008,0.00567157
1.34e-008,0.0053975
1.35e-008,0.00492472
1.36e-008,0.00435089
1.37e-008,0.00365885
1.38e-008,0.00292229
1.39e-008,0.00220456
1.4e-008,0.00153651
1.41e-008,0.000936982
1.42e-008,0.000397404
1.43e-008,-9.42121e-005
1.44e-008,-0.000483051
1.45e-008,-0.000734854
1.46e-008,-0.000781104
1.47e-008,-0.000613235
1.48e-008,-0.000262081
1.49e-008,0.000255229
1.5e-008,0.000866751
1.51e-008,0.00151596
1.52e-008,0.00214975
1.53e-008,0.00278011
1.54e-008,0.00337793
1.55e-008,0.0039158
1.56e-008,0.00442454
1.57e-008,0.00485963
1.58e-008,0.00521078
1.59e-008,0.00546259
1.6e-008,0.00557736
1.61e-008,0.0055174
1.62e-008,0.00525703
1.63e-008,0.00480653
1.64e-008,0.00423269
1.65e-008,0.00356293
1.66e-008,0.00287261
1.67e-008,0.00216859
1.68e-008,0.00149198
1.69e-008,0.00087189
1.7e-008,0.000311756
1.71e-008,-0.000155878
1.72e-008,-0.000498468
1.73e-008,-0.000668049
1.74e-008,-0.000707447
1.75e-008,-0.00054643
1.76e-008,-0.000243238
1.77e-008,0.000171295
1.78e-008,0.000716012
1.79e-008,0.00132411
1.8e-008,0.00200243
1.81e-008,0.00268076
1.82e-008,0.00334025
1.83e-008,0.00395177
1.84e-008,0.00446223
1.85e-008,0.00488875
1.86e-008,0.00516111
1.87e-008,0.00530671
1.88e-008,0.00531699
1.89e-008,0.00516625
1.9e-008,0.00485792
1.91e-008,0.00439713
1.92e-008,0.00381987
1.93e-008,0.0031758
1.94e-008,0.00255058
1.95e-008,0.00192364
1.96e-008,0.00135152
1.97e-008,0.000839344
1.98e-008,0.000385413
1.99e-008,2.39813e-005
2e-008,-0.000292914
2.01e-008,-0.000435089
2.02e-008,-0.000443653
2.03e-008,-0.000280923
2.04e-008,2.74071e-005
2.05e-008,0.000447079
2.06e-008,0.000897584
2.07e-008,0.00143374
2.08e-008,0.00194591
2.09e-008,0.00248035
2.1e-008,0.00300965
2.11e-008,0.00352524
2.12e-008,0.00399288
2.13e-008,0.00442454
2.14e-008,0.00474829
2.15e-008,0.00492472
2.16e-008,0.00492986
2.17e-008,0.00476028
2.18e-008,0.00446394
2.19e-008,0.00408195
2.2e-008,0.00364686
2.21e-008,0.0032015
2.22e-008,0.00275271
2.23e-008,0.00228507
2.24e-008,0.00183628
2.25e-008,0.00138064
2.26e-008,0.00097638
2.27e-008,0.000606383
2.28e-008,0.00035458
2.29e-008,0.000224396
2.3e-008,0.000181572
2.31e-008,0.000280923
2.32e-008,0.000491616
2.33e-008,0.000782817
2.34e-008,0.0011374
2.35e-008,0.00153823
2.36e-008,0.0019579
2.37e-008,0.00238271
2.38e-008,0.00284007
2.39e-008,0.00332997
2.4e-008,0.00384899
2.41e-008,0.00435774
2.42e-008,0.00483222
2.43e-008,0.00516796
2.44e-008,0.00534611
2.45e-008,0.00536838
2.46e-008,0.00517139
2.47e-008,0.00482195
2.48e-008,0.00434917
2.49e-008,0.00385927
2.5e-008,0.00338821
2.51e-008,0.00295483
2.52e-008,0.00256428
2.53e-008,0.00218572
2.54e-008,0.00181915
2.55e-008,0.00142003
2.56e-008,0.00107916
2.57e-008,0.000823927
2.58e-008,0.000683466
2.59e-008,0.00066291
2.6e-008,0.000775965
2.61e-008,0.00102263
2.62e-008,0.00138064
2.63e-008,0.0018123
2.64e-008,0.00229706
2.65e-008,0.0027647
2.66e-008,0.00322719
2.67e-008,0.00365714
2.68e-008,0.00404427
2.69e-008,0.00438857
2.7e-008,0.0046832
2.71e-008,0.00491958
2.72e-008,0.00505833
2.73e-008,0.00504634
2.74e-008,0.00488532
2.75e-008,0.00458727
2.76e-008,0.00415732
2.77e-008,0.00365885
2.78e-008,0.00308844
2.79e-008,0.00250604
2.8e-008,0.00194077
2.81e-008,0.00143716
2.82e-008,0.00101064
2.83e-008,0.00070916
2.84e-008,0.000496755
2.85e-008,0.000409394
2.86e-008,0.000387126
2.87e-008,0.000450505
2.88e-008,0.000532726
2.89e-008,0.000649207
2.9e-008,0.000808511
2.91e-008,0.000998648
2.92e-008,0.00124189
2.93e-008,0.00155022
2.94e-008,0.00187739
2.95e-008,0.00225595
2.96e-008,0.00263623
2.97e-008,0.00295312
2.98e-008,0.00321178
2.99e-008,0.00340876
3e-008,0.00349612
3.01e-008,0.00350298
3.02e-008,0.00341048
3.03e-008,0.00324775
3.04e-008,0.00303363
3.05e-008,0.00273729
3.06e-008,0.00238271
3.07e-008,0.00198702
3.08e-008,0.0015211
3.09e-008,0.000996935
3.1e-008,0.000513884
3.11e-008,9.5925e-005
3.12e-008,-0.000196989
3.13e-008,-0.000373422
3.14e-008,-0.000450505
3.15e-008,-0.000453931
3.16e-008,-0.000421385
3.17e-008,-0.000332312
3.18e-008,-0.000190137
3.19e-008,4.96755e-005
3.2e-008,0.000399117
3.21e-008,0.000834205
3.22e-008,0.00130013
3.23e-008,0.00170267
3.24e-008,0.00200757
3.25e-008,0.00217373
3.26e-008,0.00225595
3.27e-008,0.00225424
3.28e-008,0.0022491
3.29e-008,0.00224225
3.3e-008,0.00222683
3.31e-008,0.00218229
3.32e-008,0.00208637
3.33e-008,0.00187739
3.34e-008,0.00159818
3.35e-008,0.00122133
3.36e-008,0.000837631
3.37e-008,0.000409394
3.38e-008,-3.42589e-005
3.39e-008,-0.000436801
3.4e-008,-0.000782817
3.41e-008,-0.00104661
3.42e-008,-0.00121791
3.43e-008,-0.00129327
3.44e-008,-0.00129841
3.45e-008,-0.00125388
3.46e-008,-0.0011374
3.47e-008,-0.000978093
3.48e-008,-0.000775965
3.49e-008,-0.000515597
3.5e-008,-0.00019185
3.51e-008,0.000143888
3.52e-008,0.000486477
3.53e-008,0.00078453
3.54e-008,0.00103633
3.55e-008,0.00122647
3.56e-008,0.00132582
3.57e-008,0.00132753
3.58e-008,0.00120763
3.59e-008,0.00101406
3.6e-008,0.000805085
3.61e-008,0.00056356
3.62e-008,0.000304905
3.63e-008,4.62496e-005
3.64e-008,-0.000241526
3.65e-008,-0.000553282
3.66e-008,-0.000928417
3.67e-008,-0.00133439
3.68e-008,-0.00169924
3.69e-008,-0.00197845
3.7e-008,-0.00218572
3.71e-008,-0.0022628
3.72e-008,-0.00224396
3.73e-008,-0.00224396
3.74e-008,-0.00218743
3.75e-008,-0.00214461
3.76e-008,-0.00206753
3.77e-008,-0.00186369
3.78e-008,-0.00155536
3.79e-008,-0.00117337
3.8e-008,-0.000765687
3.81e-008,-0.000416246
3.82e-008,-0.000195276
3.83e-008,-0.000114767
3.84e-008,-0.000107916
3.85e-008,-0.000149026
3.86e-008,-0.000229535
3.87e-008,-0.000340876
3.88e-008,-0.000469347
3.89e-008,-0.000623513
3.9e-008,-0.000841057
3.91e-008,-0.00112027
3.92e-008,-0.00144573
3.93e-008,-0.00177804
3.94e-008,-0.00210179
3.95e-008,-0.00241526
3.96e-008,-0.00269104
3.97e-008,-0.00289831
3.98e-008,-0.00304048
3.99e-008,-0.00314326
4e-008,-0.00316553
4.01e-008,-0.00316895
4.02e-008,-0.00306789
4.03e-008,-0.00293599
4.04e-008,-0.00272701
4.05e-008,-0.00248891
4.06e-008,-0.00222512
4.07e-008,-0.00192707
4.08e-008,-0.00163244
4.09e-008,-0.00138064
4.1e-008,-0.00120249
4.11e-008,-0.00105689
4.12e-008,-0.000979806
4.13e-008,-0.00093013
4.14e-008,-0.000921565
4.15e-008,-0.000971241
4.16e-008,-0.0010586
4.17e-008,-0.00117508
4.18e-008,-0.00136008
4.19e-008,-0.00158105
4.2e-008,-0.00180031
4.21e-008,-0.00197845
4.22e-008,-0.0021566
4.23e-008,-0.00235701
4.24e-008,-0.00256257
4.25e-008,-0.00276641
4.26e-008,-0.00298567
4.27e-008,-0.00316381
4.28e-008,-0.00327344
4.29e-008,-0.00329228
4.3e-008,-0.00324261
4.31e-008,-0.00310043
4.32e-008,-0.00288974
4.33e-008,-0.00267734
4.34e-008,-0.00243581
4.35e-008,-0.00218058
4.36e-008,-0.00194419
4.37e-008,-0.00173693
4.38e-008,-0.00153994
4.39e-008,-0.00138749
4.4e-008,-0.0012573
4.41e-008,-0.00122304
4.42e-008,-0.00122133
4.43e-008,-0.00131383
4.44e-008,-0.00143202
4.45e-008,-0.00158276
4.46e-008,-0.00176605
4.47e-008,-0.00196475
4.48e-008,-0.00216859
4.49e-008,-0.00239299
4.5e-008,-0.00264822
4.51e-008,-0.00289831
4.52e-008,-0.00313298
4.53e-008,-0.00333682
4.54e-008,-0.00348413
4.55e-008,-0.00357835
4.56e-008,-0.00360404
4.57e-008,-0.00354923
4.58e-008,-0.00345673
4.59e-008,-0.00333168
4.6e-008,-0.00319293
4.61e-008,-0.00305932
4.62e-008,-0.00291372
4.63e-008,-0.00274243
4.64e-008,-0.00254373
4.65e-008,-0.00229535
4.66e-008,-0.00201785
4.67e-008,-0.00176776
4.68e-008,-0.00156906
4.69e-008,-0.001468
4.7e-008,-0.00147142
4.71e-008,-0.0015348
4.72e-008,-0.00165128
4.73e-008,-0.00174549
4.74e-008,-0.00180545
4.75e-008,-0.00184827
4.76e-008,-0.00190994
4.77e-008,-0.00206924
4.78e-008,-0.00225253
4.79e-008,-0.00247007
4.8e-008,-0.00267562
4.81e-008,-0.00282122
4.82e-008,-0.00290173
4.83e-008,-0.00291201
4.84e-008,-0.00286747
4.85e-008,-0.00276641
4.86e-008,-0.00266706
4.87e-008,-0.00253859
4.88e-008,-0.0024084
4.89e-008,-0.00226452
4.9e-008,-0.00209322
4.91e-008,-0.00189623
4.92e-008,-0.00167697
4.93e-008,-0.00147142
4.94e-008,-0.0012299
4.95e-008,-0.00102948
4.96e-008,-0.000859899
4.97e-008,-0.000779391
4.98e-008,-0.000729715
4.99e-008,-0.000729715
5e-008,-0.0007674
5.01e-008,-0.000841057
5.02e-008,-0.00090101
5.03e-008,-0.000990083
5.04e-008,-0.00108258
5.05e-008,-0.00118536
5.06e-008,-0.00129156
5.07e-008,-0.00138235
5.08e-008,-0.00149369
5.09e-008,-0.00160674
5.1e-008,-0.00171466
5.11e-008,-0.00180031
5.12e-008,-0.0018517
5.13e-008,-0.00184998
5.14e-008,-0.00176605
5.15e-008,-0.0016273
5.16e-008,-0.00145772
5.17e-008,-0.00124531
5.18e-008,-0.00102777
5.19e-008,-0.0007674
5.2e-008,-0.000554995
5.21e-008,-0.00032546
5.22e-008,-0.000125045
5.23e-008,3.76848e-005
5.24e-008,0.000142175
5.25e-008,0.000227822
5.26e-008,0.00029634
5.27e-008,0.000349441
5.28e-008,0.000369997
5.29e-008,0.000369997
5.3e-008,0.000286062
5.31e-008,0.000181572
5.32e-008,1.71295e-006
5.33e-008,-0.000142175
5.34e-008,-0.000294627
5.35e-008,-0.000404255
5.36e-008,-0.00048819
5.37e-008,-0.000577263
5.38e-008,-0.000630364
5.39e-008,-0.000640642
5.4e-008,-0.000652633
5.41e-008,-0.000596106
5.42e-008,-0.000537865
5.43e-008,-0.000476199
5.44e-008,-0.000347728
5.45e-008,-0.000186711
5.46e-008,0
5.47e-008,0.000226109
5.48e-008,0.000467634
5.49e-008,0.000690318
5.5e-008,0.000878742
5.51e-008,0.00104661
5.52e-008,0.00114939
5.53e-008,0.00123332
5.54e-008,0.00127786
5.55e-008,0.00127786
5.56e-008,0.00121448
5.57e-008,0.00111342
5.58e-008,0.00102263
5.59e-008,0.000938695
5.6e-008,0.000892445
5.61e-008,0.000883881
5.62e-008,0.000897584
5.63e-008,0.000895871
5.64e-008,0.000859899
5.65e-008,0.000811937
5.66e-008,0.000729715
5.67e-008,0.000688605
5.68e-008,0.00068004
5.69e-008,0.000728002
5.7e-008,0.000808511
5.71e-008,0.000889019
5.72e-008,0.0010055
5.73e-008,0.0011374
5.74e-008,0.00126758
5.75e-008,0.00140633
5.76e-008,0.00155364
5.77e-008,0.00173522
5.78e-008,0.00190651
5.79e-008,0.00208808
5.8e-008,0.00222683
5.81e-008,0.00234845
5.82e-008,0.00243067
5.83e-008,0.00247863
5.84e-008,0.00249062
5.85e-008,0.00251803
5.86e-008,0.00253174
5.87e-008,0.0025403
5.88e-008,0.00257113
5.89e-008,0.00253859
5.9e-008,0.00248035
5.91e-008,0.00245465
5.92e-008,0.00239984
5.93e-008,0.002381
5.94e-008,0.00232618
5.95e-008,0.00230049
5.96e-008,0.00224567
5.97e-008,0.00221313
5.98e-008,0.00221827
5.99e-008,0.00229364
6e-008,0.0024084
6.01e-008,0.00254373
6.02e-008,0.00267391
6.03e-008,0.00275099
6.04e-008,0.0028452
6.05e-008,0.00289145
6.06e-008,0.00293942
6.07e-008,0.00303534
6.08e-008,0.00315011
6.09e-008,0.00327858
6.1e-008,0.00341733
6.11e-008,0.00353895
6.12e-008,0.00364858
6.13e-008,0.00369825
6.14e-008,0.00369997
6.15e-008,0.00363659
6.16e-008,0.00351497
6.17e-008,0.00339677
6.18e-008,0.00330427
6.19e-008,0.0032546
6.2e-008,0.00322719
6.21e-008,0.00323233
6.22e-008,0.00316553
6.23e-008,0.00309872
6.24e-008,0.00299423
6.25e-008,0.00291544
6.26e-008,0.00289488
6.27e-008,0.00292571
6.28e-008,0.00299252
6.29e-008,0.00311071
6.3e-008,0.00319122
6.31e-008,0.00327687
6.32e-008,0.00331798
6.33e-008,0.00335224
6.34e-008,0.00340876
6.35e-008,0.00349612
6.36e-008,0.00358691
6.37e-008,0.00367427
6.38e-008,0.00375478
6.39e-008,0.00376506
6.4e-008,0.00372737
6.41e-008,0.00365543
6.42e-008,0.00354409
6.43e-008,0.00344131
6.44e-008,0.00334025
6.45e-008,0.00324261
6.46e-008,0.00316039
6.47e-008,0.00307645
6.48e-008,0.00300108
6.49e-008,0.00296854
6.5e-008,0.00294113
6.51e-008,0.0029771
6.52e-008,0.00301307
6.53e-008,0.00305761
6.54e-008,0.00304391
6.55e-008,0.00299252
6.56e-008,0.00288974
6.57e-008,0.00282979
6.58e-008,0.00278696
6.59e-008,0.00280409
6.6e-008,0.00288118
6.61e-008,0.00301136
6.62e-008,0.00311585
6.63e-008,0.00319636
6.64e-008,0.00325802
6.65e-008,0.00326488
6.66e-008,0.0032546
6.67e-008,0.00320664
6.68e-008,0.00318094
6.69e-008,0.00315696
6.7e-008,0.00314497
6.71e-008,0.00311928
6.72e-008,0.00309529
6.73e-008,0.0030302
6.74e-008,0.00294284
6.75e-008,0.00284349
6.76e-008,0.00272359
6.77e-008,0.00259511
6.78e-008,0.00245808
6.79e-008,0.00232961
6.8e-008,0.00223882
6.81e-008,0.00219771
6.82e-008,0.00217716
6.83e-008,0.00223368
6.84e-008,0.00228165
6.85e-008,0.00231933
6.86e-008,0.00231248
6.87e-008,0.00229535
6.88e-008,0.0022354
6.89e-008,0.00220456
6.9e-008,0.00217544
6.91e-008,0.00219428
6.92e-008,0.00221998
6.93e-008,0.00223368
6.94e-008,0.00226452
6.95e-008,0.00226794
6.96e-008,0.00225766
6.97e-008,0.00221827
6.98e-008,0.00217202
6.99e-008,0.00209665
7e-008,0.00202642
7.01e-008,0.0019579
7.02e-008,0.00189966
7.03e-008,0.00183628
7.04e-008,0.00176947
7.05e-008,0.00169753
7.06e-008,0.00160332
7.07e-008,0.00151596
7.08e-008,0.00140976
7.09e-008,0.00132582
7.1e-008,0.00120078
7.11e-008,0.00108258
7.12e-008,0.000972954
7.13e-008,0.000877029
7.14e-008,0.000818789
7.15e-008,0.000805085
7.16e-008,0.000858186
7.17e-008,0.000936982
7.18e-008,0.00100036
7.19e-008,0.00107402
7.2e-008,0.00109629
7.21e-008,0.00106888
7.22e-008,0.00101749
7.23e-008,0.000938695
7.24e-008,0.00090101
7.25e-008,0.000873603
7.26e-008,0.000835918
7.27e-008,0.000769113
7.28e-008,0.000702308
7.29e-008,0.0006218
7.3e-008,0.000513884
7.31e-008,0.000448792
7.32e-008,0.000405968
7.33e-008,0.000364858
7.34e-008,0.000334025
7.35e-008,0.000327173
7.36e-008,0.000304905
7.37e-008,0.000270646
7.38e-008,0.000224396
7.39e-008,0.000138749
7.4e-008,6.5092e-005
7.41e-008,1.88424e-005
7.42e-008,5.13884e-006
7.43e-008,3.0833e-005
7.44e-008,0.000101064
7.45e-008,0.000166156
7.46e-008,0.00022097
7.47e-008,0.000222683
7.48e-008,0.000188424
7.49e-008,0.000155878
7.5e-008,0.00011648
7.51e-008,0.000128471
7.52e-008,0.000167869
7.53e-008,0.0002381
7.54e-008,0.000299766
7.55e-008,0.000303192
7.56e-008,0.000256942
7.57e-008,0.000178146
7.58e-008,6.3379e-005
7.59e-008,-4.45366e-005
7.6e-008,-0.00013361
7.61e-008,-0.000167869
7.62e-008,-0.000154165
7.63e-008,-0.000125045
7.64e-008,-8.73603e-005
7.65e-008,-3.0833e-005
7.66e-008,-5.13884e-006
7.67e-008,-1.19906e-005
7.68e-008,-3.42589e-005
7.69e-008,-2.56942e-005
7.7e-008,-3.93978e-005
7.71e-008,-2.22683e-005
7.72e-008,1.54165e-005
7.73e-008,5.48143e-005
7.74e-008,0.000119906
7.75e-008,0.000193563
7.76e-008,0.000231248
7.77e-008,0.000248377
7.78e-008,0.000251803
7.79e-008,0.000205554
7.8e-008,0.000171295
7.81e-008,0.00013361
7.82e-008,0.00016273
7.83e-008,0.000226109
7.84e-008,0.000320321
7.85e-008,0.000404255
7.86e-008,0.000479625
7.87e-008,0.000508745
7.88e-008,0.000525875
7.89e-008,0.000510458
7.9e-008,0.000498468
7.91e-008,0.00048819
7.92e-008,0.000495042
7.93e-008,0.00048819
7.94e-008,0.000484764
7.95e-008,0.00044194
7.96e-008,0.000433376
7.97e-008,0.000450505
7.98e-008,0.000486477
7.99e-008,0.000539578
8e-008,0.000572124
8.01e-008,0.000599531
8.02e-008,0.000623513
8.03e-008,0.000649207
8.04e-008,0.00070916
8.05e-008,0.0007674
8.06e-008,0.000870177
8.07e-008,0.000952398
8.08e-008,0.00103462
8.09e-008,0.00109457
8.1e-008,0.00115795
8.11e-008,0.00121619
8.12e-008,0.00124531
8.13e-008,0.00131726
8.14e-008,0.0013755
8.15e-008,0.0014286
8.16e-008,0.00140976
8.17e-008,0.00138577
8.18e-008,0.00133952
8.19e-008,0.00129327
8.2e-008,0.00132582
8.21e-008,0.00139263
8.22e-008,0.00147142
8.23e-008,0.00156906
8.24e-008,0.00163586
8.25e-008,0.00164785
8.26e-008,0.00162901
8.27e-008,0.00159475
8.28e-008,0.00155364
8.29e-008,0.00156392
8.3e-008,0.00163415
8.31e-008,0.00171809
8.32e-008,0.00184656
8.33e-008,0.00194419
8.34e-008,0.00204355
8.35e-008,0.00208123
8.36e-008,0.00211206
8.37e-008,0.00215146
8.38e-008,0.00221313
8.39e-008,0.00229706
8.4e-008,0.00239641
8.41e-008,0.00250775
8.42e-008,0.00256771
8.43e-008,0.00264136
8.44e-008,0.00270303
8.45e-008,0.00274928
8.46e-008,0.00278183
8.47e-008,0.00281951
8.48e-008,0.00284178
8.49e-008,0.00284349
8.5e-008,0.0028572
8.51e-008,0.00287432
8.52e-008,0.00290858
8.53e-008,0.00299081
8.54e-008,0.003109
8.55e-008,0.00322719
8.56e-008,0.00337108
8.57e-008,0.0034927
8.58e-008,0.00356636
8.59e-008,0.00359205
8.6e-008,0.00355436
8.61e-008,0.00349955
8.62e-008,0.003467
8.63e-008,0.00350469
8.64e-008,0.00360918
8.65e-008,0.00378733
8.66e-008,0.00400316
8.67e-008,0.00418816
8.68e-008,0.00432005
8.69e-008,0.00436459
8.7e-008,0.00435774
8.71e-008,0.00430806
8.72e-008,0.00428408
8.73e-008,0.00429436
8.74e-008,0.00435774
8.75e-008,0.00442454
8.76e-008,0.00449477
8.77e-008,0.0045376
8.78e-008,0.00457528
8.79e-008,0.00463523
8.8e-008,0.00468662
8.81e-008,0.00477741
8.82e-008,0.00489046
8.83e-008,0.00500694
8.84e-008,0.00510116
8.85e-008,0.0051868
8.86e-008,0.00522963
8.87e-008,0.00527416
8.88e-008,0.00530671
8.89e-008,0.00534782
8.9e-008,0.00541291
8.91e-008,0.00549513
8.92e-008,0.00556708
8.93e-008,0.005663
8.94e-008,0.00575036
8.95e-008,0.00581374
8.96e-008,0.00588397
8.97e-008,0.00592851
8.98e-008,0.00597476
8.99e-008,0.0060193
9e-008,0.0060467
9.01e-008,0.0060861
9.02e-008,0.00610666
9.03e-008,0.00612892
9.04e-008,0.00614605
9.05e-008,0.00619059
9.06e-008,0.00625054
9.07e-008,0.0063105
9.08e-008,0.0063636
9.09e-008,0.00642698
9.1e-008,0.00645267
9.11e-008,0.00646809
9.12e-008,0.00646637
9.13e-008,0.00645781
9.14e-008,0.00645438
9.15e-008,0.00649036
9.16e-008,0.00652633
9.17e-008,0.0066154
9.18e-008,0.00669762
9.19e-008,0.0067747
9.2e-008,0.00683295
9.21e-008,0.00685521
9.22e-008,0.00686378
9.23e-008,0.00685864
9.24e-008,0.00688605
9.25e-008,0.00692031
9.26e-008,0.00692373
9.27e-008,0.00693743
9.28e-008,0.00694429
9.29e-008,0.00695628
9.3e-008,0.00700081
9.31e-008,0.00703336
9.32e-008,0.00711216
9.33e-008,0.00716354
9.34e-008,0.00721836
9.35e-008,0.0072766
9.36e-008,0.00733484
9.37e-008,0.00739993
9.38e-008,0.00743076
9.39e-008,0.00742905
9.4e-008,0.00738623
9.41e-008,0.00732799
9.42e-008,0.0072509
9.43e-008,0.0072235
9.44e-008,0.00718239
9.45e-008,0.00717553
9.46e-008,0.00718753
9.47e-008,0.00723549
9.48e-008,0.00730058
9.49e-008,0.0073828
9.5e-008,0.00744275
9.51e-008,0.00742734
9.52e-008,0.00738451
9.53e-008,0.0072903
9.54e-008,0.00719609
9.55e-008,0.00716354
9.56e-008,0.00719266
9.57e-008,0.00728516
9.58e-008,0.00737766
9.59e-008,0.00746502
9.6e-008,0.00750271
9.61e-008,0.0075147
9.62e-008,0.0074753
9.63e-008,0.00743762
9.64e-008,0.00741706
9.65e-008,0.0073828
9.66e-008,0.00735368
9.67e-008,0.00729373
9.68e-008,0.00724234
9.69e-008,0.00719438
9.7e-008,0.00716868
9.71e-008,0.00716697
9.72e-008,0.00718581
9.73e-008,0.00720637
9.74e-008,0.00722007
9.75e-008,0.00719438
9.76e-008,0.00720808
9.77e-008,0.00717896
9.78e-008,0.0071841
9.79e-008,0.00719952
9.8e-008,0.00724577
9.81e-008,0.00724405
9.82e-008,0.00725604
9.83e-008,0.0072235
9.84e-008,0.00719266
9.85e-008,0.00718753
9.86e-008,0.0071841
9.87e-008,0.00719095
9.88e-008,0.00720808
9.89e-008,0.0071841
9.9e-008,0.00712072
9.91e-008,0.00700767
9.92e-008,0.00690318
9.93e-008,0.00681924
9.94e-008,0.00680382
9.95e-008,0.00683808
9.96e-008,0.00688605
9.97e-008,0.00692544
9.98e-008,0.0069597
9.99e-008,0.00694086
1e-007,0.00690318
1.001e-007,0.00687577
1.002e-007,0.00684494
1.003e-007,0.0068535
1.004e-007,0.00683808
1.005e-007,0.00682609
1.006e-007,0.00681239
1.007e-007,0.00679526
1.008e-007,0.00677642
1.009e-007,0.00676957
1.01e-007,0.00677128
1.011e-007,0.00673702
1.012e-007,0.00673017
1.013e-007,0.00671475
1.014e-007,0.00667878
1.015e-007,0.00666336
1.016e-007,0.00662225
1.017e-007,0.006576
1.018e-007,0.00655716
1.019e-007,0.0065623
1.02e-007,0.00659656
1.021e-007,0.00667364
1.022e-007,0.00671133
1.023e-007,0.00673359
1.024e-007,0.00668906
1.025e-007,0.00661369
1.026e-007,0.00650577
1.027e-007,0.00639443
1.028e-007,0.0063379
1.029e-007,0.00630364
1.03e-007,0.00630364
1.031e-007,0.00629165
1.032e-007,0.00626253
1.033e-007,0.00620601
1.034e-007,0.00616318
1.035e-007,0.00612721
1.036e-007,0.0061255
1.037e-007,0.00616318
1.038e-007,0.00615633
1.039e-007,0.00613749
1.04e-007,0.0060467
1.041e-007,0.00594735
1.042e-007,0.00581717
1.043e-007,0.00569041
1.044e-007,0.00561161
1.045e-007,0.00556879
1.046e-007,0.00557393
1.047e-007,0.00557564
1.048e-007,0.00557564
1.049e-007,0.00557222
1.05e-007,0.00553453
1.051e-007,0.00546259
1.052e-007,0.00536152
1.053e-007,0.00528787
1.054e-007,0.0052399
1.055e-007,0.0052125
1.056e-007,0.00522963
1.057e-007,0.00525703
1.058e-007,0.00526902
1.059e-007,0.00525361
1.06e-007,0.00524847
1.061e-007,0.00520051
1.062e-007,0.00514741
1.063e-007,0.00506347
1.064e-007,0.00495213
1.065e-007,0.00481338
1.066e-007,0.00469176
1.067e-007,0.00458385
1.068e-007,0.00450334
1.069e-007,0.00444167
1.07e-007,0.00438343
1.071e-007,0.0043526
1.072e-007,0.00429264
1.073e-007,0.0042344
1.074e-007,0.00416417
1.075e-007,0.00410765
1.076e-007,0.00407853
1.077e-007,0.00406825
1.078e-007,0.00407853
1.079e-007,0.00406996
1.08e-007,0.00404427
1.081e-007,0.00396205
1.082e-007,0.00388325
1.083e-007,0.00380274
1.084e-007,0.00373936
1.085e-007,0.00367941
1.086e-007,0.00360404
1.087e-007,0.00349784
1.088e-007,0.00338992
1.089e-007,0.0032683
1.09e-007,0.00315182
1.091e-007,0.00309358
1.092e-007,0.00306617
1.093e-007,0.00306104
1.094e-007,0.00305761
1.095e-007,0.00298909
1.096e-007,0.00294456
1.097e-007,0.00285034
1.098e-007,0.00275956
1.099e-007,0.00262595
1.1e-007,0.00248206
1.101e-007,0.00233817
1.102e-007,0.00222512
1.103e-007,0.00215146
1.104e-007,0.00212405
1.105e-007,0.00214975
1.106e-007,0.00221827
1.107e-007,0.00225081
1.108e-007,0.00225938
1.109e-007,0.00222683
1.11e-007,0.00214804
1.111e-007,0.00206068
1.112e-007,0.00193563
1.113e-007,0.00177461
1.114e-007,0.0016667
1.115e-007,0.00158448
1.116e-007,0.0015348
1.117e-007,0.00153994
1.118e-007,0.0015348
1.119e-007,0.00154508
1.12e-007,0.0015211
1.121e-007,0.00144401
1.122e-007,0.00134466
1.123e-007,0.00123675
1.124e-007,0.00111513
1.125e-007,0.00101406
1.126e-007,0.000921565
1.127e-007,0.000863325
1.128e-007,0.000820502
1.129e-007,0.000789669
1.13e-007,0.000745132
1.131e-007,0.000700595
1.132e-007,0.000681753
1.133e-007,0.000676614
1.134e-007,0.000657772
1.135e-007,0.000659485
1.136e-007,0.000614948
1.137e-007,0.000560134
1.138e-007,0.000460783
1.139e-007,0.00030833
1.14e-007,0.000154165
1.141e-007,2.22683e-005
1.142e-007,-8.05085e-005
1.143e-007,-0.000138749
1.144e-007,-0.000154165
1.145e-007,-0.000155878
1.146e-007,-0.000135323
1.147e-007,-0.000137036
1.148e-007,-0.000179859
1.149e-007,-0.000248377
1.15e-007,-0.000335738
1.151e-007,-0.000421385
1.152e-007,-0.000489903
1.153e-007,-0.000536152
1.154e-007,-0.00054643
1.155e-007,-0.000539578
1.156e-007,-0.000572124
1.157e-007,-0.000637216
1.158e-007,-0.000714299
1.159e-007,-0.00081365
1.16e-007,-0.000924991
1.161e-007,-0.000981519
1.162e-007,-0.00097638
1.163e-007,-0.000919852
1.164e-007,-0.000844483
1.165e-007,-0.000799946
1.166e-007,-0.000805085
1.167e-007,-0.000859899
1.168e-007,-0.000923278
1.169e-007,-0.000983232
1.17e-007,-0.00101064
1.171e-007,-0.00100721
1.172e-007,-0.000986657
1.173e-007,-0.000995222
1.174e-007,-0.00107059
1.175e-007,-0.00117508
1.176e-007,-0.0012436
1.177e-007,-0.00127786
1.178e-007,-0.00127615
1.179e-007,-0.0012436
1.18e-007,-0.0011905
1.181e-007,-0.00115624
1.182e-007,-0.00113054
1.183e-007,-0.00115795
1.184e-007,-0.00122133
1.185e-007,-0.0012967
1.186e-007,-0.00136864
1.187e-007,-0.00140976
1.188e-007,-0.00144059
1.189e-007,-0.00146114
1.19e-007,-0.001468
1.191e-007,-0.00150568
1.192e-007,-0.00156221
1.193e-007,-0.00165813
1.194e-007,-0.00174549
1.195e-007,-0.00181401
1.196e-007,-0.00186197
1.197e-007,-0.00186883
1.198e-007,-0.00185512
1.199e-007,-0.00183799
1.2e-007,-0.00179346
1.201e-007,-0.00175406
1.202e-007,-0.00169753
1.203e-007,-0.00168211
1.204e-007,-0.00169924
1.205e-007,-0.00176947
1.206e-007,-0.00185855
1.207e-007,-0.00195961
1.208e-007,-0.00205211
1.209e-007,-0.00209836
1.21e-007,-0.00208637
1.211e-007,-0.00206753
1.212e-007,-0.00206924
1.213e-007,-0.00206753
1.214e-007,-0.00207609
1.215e-007,-0.0021429
1.216e-007,-0.00219086
1.217e-007,-0.00226794
1.218e-007,-0.0023022
1.219e-007,-0.00228678
1.22e-007,-0.00226623
1.221e-007,-0.00223368
1.222e-007,-0.00217716
1.223e-007,-0.00210864
1.224e-007,-0.00206924
1.225e-007,-0.00205554
1.226e-007,-0.00208123
1.227e-007,-0.00211035
1.228e-007,-0.0021429
1.229e-007,-0.00220456
1.23e-007,-0.00226794
1.231e-007,-0.00231419
1.232e-007,-0.002381
1.233e-007,-0.00242553
1.234e-007,-0.00244438
1.235e-007,-0.00242896
1.236e-007,-0.00242211
1.237e-007,-0.00242725
1.238e-007,-0.0024478
1.239e-007,-0.00251289
1.24e-007,-0.00261053
1.241e-007,-0.00269275
1.242e-007,-0.00271159
1.243e-007,-0.00269618
1.244e-007,-0.00259683
1.245e-007,-0.00249919
1.246e-007,-0.00244266
1.247e-007,-0.0024084
1.248e-007,-0.00244266
1.249e-007,-0.00247521
1.25e-007,-0.00249919
1.251e-007,-0.00250262
1.252e-007,-0.00244266
1.253e-007,-0.00237243
1.254e-007,-0.0023022
1.255e-007,-0.00226794
1.256e-007,-0.0022885
1.257e-007,-0.00232447
1.258e-007,-0.00237586
1.259e-007,-0.00241354
1.26e-007,-0.00244609
1.261e-007,-0.00242382
1.262e-007,-0.00238613
1.263e-007,-0.0023022
1.264e-007,-0.00221655
1.265e-007,-0.00216345
1.266e-007,-0.00214804
1.267e-007,-0.00213947
1.268e-007,-0.00216174
1.269e-007,-0.00217373
1.27e-007,-0.0021429
1.271e-007,-0.00208294
1.272e-007,-0.00198702
1.273e-007,-0.00193392
1.274e-007,-0.00189109
1.275e-007,-0.00188253
1.276e-007,-0.00187054
1.277e-007,-0.00186883
1.278e-007,-0.0019185
1.279e-007,-0.00194077
1.28e-007,-0.00200072
1.281e-007,-0.00202642
1.282e-007,-0.00205896
1.283e-007,-0.00204355
1.284e-007,-0.00198359
1.285e-007,-0.00188938
1.286e-007,-0.001826
1.287e-007,-0.00178146
1.288e-007,-0.00176091
1.289e-007,-0.00177119
1.29e-007,-0.00178318
1.291e-007,-0.00183628
1.292e-007,-0.00186026
1.293e-007,-0.00185855
1.294e-007,-0.001826
1.295e-007,-0.00182258
1.296e-007,-0.00180887
1.297e-007,-0.00181572
1.298e-007,-0.00184484
1.299e-007,-0.0018654
1.3e-007,-0.00189966
1.301e-007,-0.00192535
1.302e-007,-0.00191679
1.303e-007,-0.00189966
1.304e-007,-0.00186369
1.305e-007,-0.001826
1.306e-007,-0.00179517
1.307e-007,-0.00174378
1.308e-007,-0.00173693
1.309e-007,-0.00172665
1.31e-007,-0.00173864
1.311e-007,-0.00181572
1.312e-007,-0.00188595
1.313e-007,-0.00194591
1.314e-007,-0.00201271
1.315e-007,-0.00203841
1.316e-007,-0.00203669
1.317e-007,-0.00203841
1.318e-007,-0.00202642
1.319e-007,-0.00204012
1.32e-007,-0.00203155
1.321e-007,-0.00201956
1.322e-007,-0.00200586
1.323e-007,-0.00199216
1.324e-007,-0.0019973
1.325e-007,-0.00199044
1.326e-007,-0.00197331
1.327e-007,-0.00192878
1.328e-007,-0.00189966
1.329e-007,-0.00187739
1.33e-007,-0.00188595
1.331e-007,-0.00193734
1.332e-007,-0.00202813
1.333e-007,-0.0020898
1.334e-007,-0.00213604
1.335e-007,-0.00215489
1.336e-007,-0.00214975
1.337e-007,-0.0021703
1.338e-007,-0.00221998
1.339e-007,-0.0022885
1.34e-007,-0.00233989
1.341e-007,-0.00237757
1.342e-007,-0.00235701
1.343e-007,-0.00232447
1.344e-007,-0.00228507
1.345e-007,-0.00224739
1.346e-007,-0.00225938
1.347e-007,-0.00229535
1.348e-007,-0.00233303
1.349e-007,-0.00235016
1.35e-007,-0.00236387
1.351e-007,-0.00235359
1.352e-007,-0.00236729
1.353e-007,-0.00242725
1.354e-007,-0.00247692
1.355e-007,-0.00253002
1.356e-007,-0.00260368
1.357e-007,-0.00262252
1.358e-007,-0.00258484
1.359e-007,-0.00253516
1.36e-007,-0.00246493
1.361e-007,-0.00244951
1.362e-007,-0.0024872
1.363e-007,-0.00258998
1.364e-007,-0.00272701
1.365e-007,-0.00283664
1.366e-007,-0.00292743
1.367e-007,-0.00293257
1.368e-007,-0.00287775
1.369e-007,-0.00280752
1.37e-007,-0.00275442
1.371e-007,-0.00276641
1.372e-007,-0.00281951
1.373e-007,-0.00287432
1.374e-007,-0.00291886
1.375e-007,-0.00291886
1.376e-007,-0.00288974
1.377e-007,-0.00285891
1.378e-007,-0.00286576
1.379e-007,-0.00289145
1.38e-007,-0.002924
1.381e-007,-0.00294627
1.382e-007,-0.00295141
1.383e-007,-0.00293257
1.384e-007,-0.00288803
1.385e-007,-0.00287261
1.386e-007,-0.00290173
1.387e-007,-0.00295312
1.388e-007,-0.00306617
1.389e-007,-0.00313127
1.39e-007,-0.00316724
1.391e-007,-0.00319807
1.392e-007,-0.00324261
1.393e-007,-0.00325289
1.394e-007,-0.0032683
1.395e-007,-0.0032683
1.396e-007,-0.00325802
1.397e-007,-0.00324432
1.398e-007,-0.00318779
1.399e-007,-0.00315696
1.4e-007,-0.00312613
1.401e-007,-0.00310215
1.402e-007,-0.00306617
1.403e-007,-0.00308844
1.404e-007,-0.00313641
1.405e-007,-0.00321006
1.406e-007,-0.00328372
1.407e-007,-0.00329057
1.408e-007,-0.00326488
1.409e-007,-0.00314497
1.41e-007,-0.00303534
1.411e-007,-0.00294798
1.412e-007,-0.0029377
1.413e-007,-0.0030028
1.414e-007,-0.00310386
1.415e-007,-0.00319807
1.416e-007,-0.00324603
1.417e-007,-0.00323747
1.418e-007,-0.00321349
1.419e-007,-0.0032152
1.42e-007,-0.00322548
1.421e-007,-0.00323576
1.422e-007,-0.00323404
1.423e-007,-0.0032152
1.424e-007,-0.00316724
1.425e-007,-0.00311071
1.426e-007,-0.00310043
1.427e-007,-0.00311242
1.428e-007,-0.00316895
1.429e-007,-0.0032409
1.43e-007,-0.0033077
1.431e-007,-0.00333682
1.432e-007,-0.00334881
1.433e-007,-0.00332483
1.434e-007,-0.00326659
1.435e-007,-0.00320321
1.436e-007,-0.00311242
1.437e-007,-0.00305247
1.438e-007,-0.0030302
1.439e-007,-0.00301993
1.44e-007,-0.00307131
1.441e-007,-0.00308844
1.442e-007,-0.00310386
1.443e-007,-0.00307474
1.444e-007,-0.0030559
1.445e-007,-0.00299766
1.446e-007,-0.00291715
1.447e-007,-0.00284349
1.448e-007,-0.00275613
1.449e-007,-0.00267905
1.45e-007,-0.0026465
1.451e-007,-0.00264308
1.452e-007,-0.00267391
1.453e-007,-0.00272016
1.454e-007,-0.00273215
1.455e-007,-0.00273558
1.456e-007,-0.00266706
1.457e-007,-0.00256428
1.458e-007,-0.00243924
1.459e-007,-0.00234502
1.46e-007,-0.0022885
1.461e-007,-0.00227993
1.462e-007,-0.0023159
1.463e-007,-0.00235016
1.464e-007,-0.00236901
1.465e-007,-0.00232618
1.466e-007,-0.00224739
1.467e-007,-0.00215146
1.468e-007,-0.00206068
1.469e-007,-0.00198702
1.47e-007,-0.00196646
1.471e-007,-0.00197845
1.472e-007,-0.00197845
1.473e-007,-0.00196989
1.474e-007,-0.00193563
1.475e-007,-0.0018397
1.476e-007,-0.00176947
1.477e-007,-0.00169239
1.478e-007,-0.00167697
1.479e-007,-0.00167012
1.48e-007,-0.0017061
1.481e-007,-0.00173693
1.482e-007,-0.00174892
1.483e-007,-0.00170781
1.484e-007,-0.00166498
1.485e-007,-0.00162387
1.486e-007,-0.0015742
1.487e-007,-0.00152624
1.488e-007,-0.00147485
1.489e-007,-0.00142175
1.49e-007,-0.00136522
1.491e-007,-0.00131554
1.492e-007,-0.00125045
1.493e-007,-0.00120249
1.494e-007,-0.00112027
1.495e-007,-0.00105518
1.496e-007,-0.000984944
1.497e-007,-0.000945547
1.498e-007,-0.000916427
1.499e-007,-0.000904436
1.5e-007,-0.000878742
1.501e-007,-0.00082564
1.502e-007,-0.000750271
1.503e-007,-0.000656059
1.504e-007,-0.000589254
1.505e-007,-0.000532726
1.506e-007,-0.000512171
1.507e-007,-0.00048819
1.508e-007,-0.000431663
1.509e-007,-0.000399117
1.51e-007,-0.000298053
1.511e-007,-0.000205554
1.512e-007,-0.000142175
1.513e-007,-0.000106203
1.514e-007,-0.000142175
1.515e-007,-0.00016273
1.516e-007,-0.000193563
1.517e-007,-0.000176434
1.518e-007,-0.000119906
1.519e-007,-3.42589e-005
1.52e-007,9.5925e-005
1.521e-007,0.000229535
1.522e-007,0.000337451
1.523e-007,0.00041282
1.524e-007,0.000450505
1.525e-007,0.000462496
1.526e-007,0.00044194
1.527e-007,0.000405968
1.528e-007,0.000416246
1.529e-007,0.000474486
1.53e-007,0.000529301
1.531e-007,0.000585828
1.532e-007,0.000625226
1.533e-007,0.000628652
1.534e-007,0.00063379
1.535e-007,0.000644068
1.536e-007,0.00070916
1.537e-007,0.000830779
1.538e-007,0.000967815
1.539e-007,0.00106203
1.54e-007,0.00110314
1.541e-007,0.00108087
1.542e-007,0.00100379
1.543e-007,0.00094726
1.544e-007,0.000916427
1.545e-007,0.000971241
1.546e-007,0.0011117
1.547e-007,0.0012573
1.548e-007,0.00138406
1.549e-007,0.00143031
1.55e-007,0.00146286
1.551e-007,0.00144744
1.552e-007,0.00143545
1.553e-007,0.00149198
1.554e-007,0.0015485
1.555e-007,0.001641
1.556e-007,0.00170781
1.557e-007,0.00176262
1.558e-007,0.00180716
1.559e-007,0.00184313
1.56e-007,0.00189281
1.561e-007,0.00195105
1.562e-007,0.00200929
1.563e-007,0.00203669
1.564e-007,0.00205211
1.565e-007,0.00204526
1.566e-007,0.00204012
1.567e-007,0.00203841
1.568e-007,0.00208123
1.569e-007,0.00210521
1.57e-007,0.00214804
1.571e-007,0.00218743
1.572e-007,0.0022354
1.573e-007,0.00228678
1.574e-007,0.00233132
1.575e-007,0.00237757
1.576e-007,0.00238956
1.577e-007,0.00240155
1.578e-007,0.00241354
1.579e-007,0.0024615
1.58e-007,0.00248891
1.581e-007,0.00252317
1.582e-007,0.002554
1.583e-007,0.00258312
1.584e-007,0.00260539
1.585e-007,0.00261738
1.586e-007,0.00263623
1.587e-007,0.00261738
1.588e-007,0.00261738
1.589e-007,0.0025797
1.59e-007,0.00255058
1.591e-007,0.00254544
1.592e-007,0.00254886
1.593e-007,0.00257627
1.594e-007,0.00263794
1.595e-007,0.00268761
1.596e-007,0.00273044
1.597e-007,0.00275956
1.598e-007,0.00281608
1.599e-007,0.00282465
1.6e-007,0.0028572
1.601e-007,0.00286062
1.602e-007,0.00284007
1.603e-007,0.00282636
1.604e-007,0.00280067
1.605e-007,0.00279724
1.606e-007,0.00280752
1.607e-007,0.00279553
1.608e-007,0.00279724
1.609e-007,0.00277326
1.61e-007,0.00275442
1.611e-007,0.00277155
1.612e-007,0.00277155
1.613e-007,0.00283321
1.614e-007,0.00290173
1.615e-007,0.00293599
1.616e-007,0.00292571
1.617e-007,0.00288974
1.618e-007,0.00288974
1.619e-007,0.00292743
1.62e-007,0.00297881
1.621e-007,0.00304048
1.622e-007,0.00307645
1.623e-007,0.00306617
1.624e-007,0.00302506
1.625e-007,0.002924
1.626e-007,0.00286062
1.627e-007,0.00280752
1.628e-007,0.00283835
1.629e-007,0.00290344
1.63e-007,0.0029634
1.631e-007,0.00303534
1.632e-007,0.00306275
1.633e-007,0.00304219
1.634e-007,0.00300965
1.635e-007,0.00295826
1.636e-007,0.00292571
1.637e-007,0.00289488
1.638e-007,0.00287432
1.639e-007,0.00288803
1.64e-007,0.00291372
1.641e-007,0.00292057
1.642e-007,0.00296854
1.643e-007,0.00300451
1.644e-007,0.00307645
1.645e-007,0.00313127
1.646e-007,0.00315525
1.647e-007,0.00312955
1.648e-007,0.00308844
1.649e-007,0.00301821
1.65e-007,0.00298224
1.651e-007,0.0029771
1.652e-007,0.00298909
1.653e-007,0.00303192
1.654e-007,0.00307303
1.655e-007,0.00309529
1.656e-007,0.00315011
1.657e-007,0.00316895
1.658e-007,0.0031758
1.659e-007,0.00312955
1.66e-007,0.00306617
1.661e-007,0.00300108
1.662e-007,0.00293257
1.663e-007,0.00290858
1.664e-007,0.00293085
1.665e-007,0.00298395
1.666e-007,0.0030165
1.667e-007,0.00301821
1.668e-007,0.00298909
1.669e-007,0.00297368
1.67e-007,0.00297881
1.671e-007,0.00299937
1.672e-007,0.00303192
1.673e-007,0.00304391
1.674e-007,0.00299252
1.675e-007,0.00294798
1.676e-007,0.00286576
1.677e-007,0.00280238
1.678e-007,0.00275271
1.679e-007,0.00274585
1.68e-007,0.00274414
1.681e-007,0.00275956
1.682e-007,0.00279553
1.683e-007,0.00286405
1.684e-007,0.00294113
1.685e-007,0.00301136
1.686e-007,0.00306275
1.687e-007,0.00304048
1.688e-007,0.00296169
1.689e-007,0.00281095
1.69e-007,0.0026722
1.691e-007,0.00256599
1.692e-007,0.00253174
1.693e-007,0.00255058
1.694e-007,0.00262766
1.695e-007,0.00268247
1.696e-007,0.00272187
1.697e-007,0.00276812
1.698e-007,0.0027921
1.699e-007,0.00282979
1.7e-007,0.00286233
1.701e-007,0.00288289
1.702e-007,0.00289317
1.703e-007,0.00286233
1.704e-007,0.00280581
1.705e-007,0.00275613
1.706e-007,0.00270988
1.707e-007,0.00266192
1.708e-007,0.00263451
1.709e-007,0.00257627
1.71e-007,0.00250262
1.711e-007,0.00242382
1.712e-007,0.00237072
1.713e-007,0.00235188
1.714e-007,0.00236215
1.715e-007,0.00240155
1.716e-007,0.00245123
1.717e-007,0.0024615
1.718e-007,0.00240326
1.719e-007,0.00227651
1.72e-007,0.00215146
1.721e-007,0.00204526
1.722e-007,0.00201956
1.723e-007,0.0020504
1.724e-007,0.00212063
1.725e-007,0.00218572
1.726e-007,0.00223882
1.727e-007,0.00223197
1.728e-007,0.0022097
1.729e-007,0.00212577
1.73e-007,0.00207438
1.731e-007,0.00200929
1.732e-007,0.00196132
1.733e-007,0.00192364
1.734e-007,0.00189452
1.735e-007,0.00186711
1.736e-007,0.00186883
1.737e-007,0.00184827
1.738e-007,0.00181572
1.739e-007,0.00178146
1.74e-007,0.00174721
1.741e-007,0.0017335
1.742e-007,0.00174035
1.743e-007,0.00178489
1.744e-007,0.00180716
1.745e-007,0.00184827
1.746e-007,0.00180716
1.747e-007,0.00175748
1.748e-007,0.00166327
1.749e-007,0.00153309
1.75e-007,0.00140804
1.751e-007,0.00131554
1.752e-007,0.00125388
1.753e-007,0.00125216
1.754e-007,0.0012436
1.755e-007,0.00125559
1.756e-007,0.00128471
