LECROYWM8500,500500138,Waveform
Segments,1,SegmentSize,2002
Segment,TrigTime,TimeSinceSegment1
#1,21-Mar-2024 16:55:50,0                 
Time,Ampl
-2.45e-008,0.00030833
-2.44e-008,0.000376848
-2.43e-008,0.000393978
-2.42e-008,0.000404255
-2.41e-008,0.0003837
-2.4e-008,0.000356293
-2.39e-008,0.000291201
-2.38e-008,0.000214118
-2.37e-008,0.000119906
-2.36e-008,3.59719e-005
-2.35e-008,1.71295e-006
-2.34e-008,1.88424e-005
-2.33e-008,8.56473e-005
-2.32e-008,0.000188424
-2.31e-008,0.000280923
-2.3e-008,0.000344302
-2.29e-008,0.000358006
-2.28e-008,0.000320321
-2.27e-008,0.000234674
-2.26e-008,0.000149026
-2.25e-008,0.000126758
-2.24e-008,0.000114767
-2.23e-008,0.000167869
-2.22e-008,0.000215831
-2.21e-008,0.000272359
-2.2e-008,0.000277497
-2.19e-008,0.000241526
-2.18e-008,0.000171295
-2.17e-008,0.000130184
-2.16e-008,0.000107916
-2.15e-008,0.000149026
-2.14e-008,0.000210692
-2.13e-008,0.000248377
-2.12e-008,0.000270646
-2.11e-008,0.000263794
-2.1e-008,0.000229535
-2.09e-008,0.000167869
-2.08e-008,0.00013361
-2.07e-008,0.000149026
-2.06e-008,0.000143888
-2.05e-008,0.000174721
-2.04e-008,0.000193563
-2.03e-008,0.000212405
-2.02e-008,0.000246664
-2.01e-008,0.000272359
-2e-008,0.000311756
-1.99e-008,0.000346015
-1.98e-008,0.000356293
-1.97e-008,0.000335738
-1.96e-008,0.000292914
-1.95e-008,0.000236387
-1.94e-008,0.000174721
-1.93e-008,0.000131897
-1.92e-008,0.000121619
-1.91e-008,0.00013361
-1.9e-008,0.000190137
-1.89e-008,0.000239813
-1.88e-008,0.000239813
-1.87e-008,0.000217544
-1.86e-008,0.000154165
-1.85e-008,9.5925e-005
-1.84e-008,8.90732e-005
-1.83e-008,0.00010449
-1.82e-008,0.000166156
-1.81e-008,0.000207267
-1.8e-008,0.000226109
-1.79e-008,0.000219257
-1.78e-008,0.000186711
-1.77e-008,0.000161017
-1.76e-008,0.000143888
-1.75e-008,0.000190137
-1.74e-008,0.000246664
-1.73e-008,0.000318608
-1.72e-008,0.000405968
-1.71e-008,0.000445366
-1.7e-008,0.000465922
-1.69e-008,0.000419672
-1.68e-008,0.000340876
-1.67e-008,0.000253516
-1.66e-008,0.000152452
-1.65e-008,9.07862e-005
-1.64e-008,9.7638e-005
-1.63e-008,0.000159304
-1.62e-008,0.00020898
-1.61e-008,0.000275784
-1.6e-008,0.000287775
-1.59e-008,0.000301479
-1.58e-008,0.000272359
-1.57e-008,0.000244951
-1.56e-008,0.000253516
-1.55e-008,0.000280923
-1.54e-008,0.000303192
-1.53e-008,0.000301479
-1.52e-008,0.00027921
-1.51e-008,0.000263794
-1.5e-008,0.000239813
-1.49e-008,0.000210692
-1.48e-008,0.000186711
-1.47e-008,0.000179859
-1.46e-008,0.000164443
-1.45e-008,0.00013361
-1.44e-008,0.0001456
-1.43e-008,0.000128471
-1.42e-008,0.000119906
-1.41e-008,0.000126758
-1.4e-008,0.000121619
-1.39e-008,0.000130184
-1.38e-008,0.000140462
-1.37e-008,0.000186711
-1.36e-008,0.000236387
-1.35e-008,0.000304905
-1.34e-008,0.000381987
-1.33e-008,0.000440227
-1.32e-008,0.000455644
-1.31e-008,0.000443653
-1.3e-008,0.0003837
-1.29e-008,0.000335738
-1.28e-008,0.000282636
-1.27e-008,0.000286062
-1.26e-008,0.000270646
-1.25e-008,0.0002381
-1.24e-008,0.000222683
-1.23e-008,0.000190137
-1.22e-008,0.000157591
-1.21e-008,0.000174721
-1.2e-008,0.000183285
-1.19e-008,0.000219257
-1.18e-008,0.000251803
-1.17e-008,0.000248377
-1.16e-008,0.0002381
-1.15e-008,0.00020898
-1.14e-008,0.000212405
-1.13e-008,0.000226109
-1.12e-008,0.000258655
-1.11e-008,0.00030833
-1.1e-008,0.000363145
-1.09e-008,0.00041282
-1.08e-008,0.00042995
-1.07e-008,0.000452218
-1.06e-008,0.000477912
-1.05e-008,0.000524162
-1.04e-008,0.000580689
-1.03e-008,0.000637216
-1.02e-008,0.000705734
-1.01e-008,0.00075541
-1e-008,0.000781104
-9.9e-009,0.000811937
-9.8e-009,0.000822214
-9.7e-009,0.000815363
-9.6e-009,0.000803372
-9.5e-009,0.000793094
-9.4e-009,0.000772539
-9.3e-009,0.000781104
-9.2e-009,0.000808511
-9.1e-009,0.00084277
-9e-009,0.000892445
-8.9e-009,0.000919852
-8.8e-009,0.000909575
-8.7e-009,0.000859899
-8.6e-009,0.000811937
-8.5e-009,0.000762261
-8.4e-009,0.000728002
-8.3e-009,0.000717725
-8.2e-009,0.000716012
-8.1e-009,0.000743419
-8e-009,0.000794807
-7.9e-009,0.000841057
-7.8e-009,0.000887306
-7.7e-009,0.000948973
-7.6e-009,0.000964389
-7.5e-009,0.000924991
-7.4e-009,0.000818789
-7.3e-009,0.000630364
-7.2e-009,0.000457357
-7.1e-009,0.000287775
-7e-009,0.000173008
-6.9e-009,0.000167869
-6.8e-009,0.000272359
-6.7e-009,0.000447079
-6.6e-009,0.000611522
-6.5e-009,0.000704021
-6.4e-009,0.000700595
-6.3e-009,0.000599531
-6.2e-009,0.000424811
-6.1e-009,0.000236387
-6e-009,0.000135323
-5.9e-009,0.000125045
-5.8e-009,0.000215831
-5.7e-009,0.000431663
-5.6e-009,0.000808511
-5.5e-009,0.00139605
-5.4e-009,0.0022097
-5.3e-009,0.00329057
-5.2e-009,0.00461982
-5.1e-009,0.0061392
-5e-009,0.00771169
-4.9e-009,0.00921565
-4.8e-009,0.0106031
-4.7e-009,0.0118056
-4.6e-009,0.0128916
-4.5e-009,0.0139074
-4.4e-009,0.0149318
-4.3e-009,0.0159921
-4.2e-009,0.017049
-4.1e-009,0.0180116
-4e-009,0.0187448
-3.9e-009,0.0191576
-3.8e-009,0.0192176
-3.7e-009,0.0189315
-3.6e-009,0.0183046
-3.5e-009,0.0173607
-3.4e-009,0.0160948
-3.3e-009,0.0145772
-3.2e-009,0.0129276
-3.1e-009,0.0112832
-3e-009,0.00979292
-2.9e-009,0.00860413
-2.8e-009,0.00779048
-2.7e-009,0.00733484
-2.6e-009,0.00718239
-2.5e-009,0.00729373
-2.4e-009,0.00758322
-2.3e-009,0.00799775
-2.2e-009,0.00850649
-2.1e-009,0.00906491
-2e-009,0.00966445
-1.9e-009,0.0103119
-1.8e-009,0.0109629
-1.7e-009,0.0116223
-1.6e-009,0.012263
-1.5e-009,0.0128934
-1.4e-009,0.013385
-1.3e-009,0.0137926
-1.2e-009,0.0140513
-1.1e-009,0.0142038
-1e-009,0.0142928
-9e-010,0.0143202
-8e-010,0.0142963
-7e-010,0.0141489
-6e-010,0.0138149
-5e-010,0.0132051
-4e-010,0.0122921
-3e-010,0.0111033
-2e-010,0.00975866
-1e-010,0.00836946
4.138488e-023,0.00708989
1e-010,0.0060861
2e-010,0.00540949
3e-010,0.00511143
4e-010,0.00515254
5e-010,0.00543004
6e-010,0.0058874
7e-010,0.00643725
8e-010,0.00705392
9e-010,0.00771683
1e-009,0.00840714
1.1e-009,0.00910089
1.2e-009,0.00979634
1.3e-009,0.0104421
1.4e-009,0.0110331
1.5e-009,0.0115264
1.6e-009,0.0119735
1.7e-009,0.0123195
1.8e-009,0.0125816
1.9e-009,0.0126912
2e-009,0.0126039
2.1e-009,0.0123315
2.2e-009,0.0118776
2.3e-009,0.0112181
2.4e-009,0.0103993
2.5e-009,0.00942292
2.6e-009,0.00832663
2.7e-009,0.00719609
2.8e-009,0.00608953
2.9e-009,0.00511657
3e-009,0.00435774
3.1e-009,0.00379589
3.2e-009,0.00349612
3.3e-009,0.00338307
3.4e-009,0.00345501
3.5e-009,0.00374964
3.6e-009,0.00420186
3.7e-009,0.00482195
3.8e-009,0.00559791
3.9e-009,0.00639957
4e-009,0.00720637
4.1e-009,0.00797548
4.2e-009,0.00871719
4.3e-009,0.00935612
4.4e-009,0.00988713
4.5e-009,0.0102914
4.6e-009,0.0105089
4.7e-009,0.0105466
4.8e-009,0.0103873
4.9e-009,0.0100567
5e-009,0.0095257
5.1e-009,0.00885251
5.2e-009,0.00803029
5.3e-009,0.00715669
5.4e-009,0.00620601
5.5e-009,0.00530328
5.6e-009,0.00444338
5.7e-009,0.00363659
5.8e-009,0.00294113
5.9e-009,0.00236901
6e-009,0.00189109
6.1e-009,0.00163244
6.2e-009,0.00157591
6.3e-009,0.00178146
6.4e-009,0.00225424
6.5e-009,0.00296854
6.6e-009,0.00382844
6.7e-009,0.00482023
6.8e-009,0.00584971
6.9e-009,0.00682095
7e-009,0.00766715
7.1e-009,0.0083746
7.2e-009,0.00894158
7.3e-009,0.00931158
7.4e-009,0.00950514
7.5e-009,0.00955996
7.6e-009,0.00938352
7.7e-009,0.0090238
7.8e-009,0.00846538
7.9e-009,0.00774937
8e-009,0.00694771
8.1e-009,0.00607411
8.2e-009,0.00520736
8.3e-009,0.00434917
8.4e-009,0.00357149
8.5e-009,0.00279382
8.6e-009,0.00213091
8.7e-009,0.00156735
8.8e-009,0.00117851
8.9e-009,0.00097638
9e-009,0.00098837
9.1e-009,0.00120078
9.2e-009,0.00158961
9.3e-009,0.00212405
9.4e-009,0.00281608
9.5e-009,0.00356122
9.6e-009,0.00436459
9.7e-009,0.00512514
9.8e-009,0.00582745
9.9e-009,0.00643554
1e-008,0.00692031
1.01e-008,0.00726289
1.02e-008,0.00749072
1.03e-008,0.0075147
1.04e-008,0.00737766
1.05e-008,0.00704364
1.06e-008,0.00659142
1.07e-008,0.00599703
1.08e-008,0.00534268
1.09e-008,0.00464894
1.1e-008,0.00393635
1.11e-008,0.0032409
1.12e-008,0.00257285
1.13e-008,0.0019579
1.14e-008,0.00140633
1.15e-008,0.000960963
1.16e-008,0.000590967
1.17e-008,0.000304905
1.18e-008,0.000138749
1.19e-008,0.000125045
1.2e-008,0.000268933
1.21e-008,0.000582402
1.22e-008,0.00106374
1.23e-008,0.00167697
1.24e-008,0.00236387
1.25e-008,0.00309529
1.26e-008,0.00386612
1.27e-008,0.00462667
1.28e-008,0.00538722
1.29e-008,0.00607068
1.3e-008,0.00658799
1.31e-008,0.00692716
1.32e-008,0.0069854
1.33e-008,0.00682267
1.34e-008,0.00649721
1.35e-008,0.00601587
1.36e-008,0.0054506
1.37e-008,0.0048425
1.38e-008,0.00416931
1.39e-008,0.00343446
1.4e-008,0.00268419
1.41e-008,0.00194077
1.42e-008,0.00127101
1.43e-008,0.000705734
1.44e-008,0.00029634
1.45e-008,4.45366e-005
1.46e-008,-1.54165e-005
1.47e-008,0.000111342
1.48e-008,0.000388839
1.49e-008,0.000837631
1.5e-008,0.00136864
1.51e-008,0.00199044
1.52e-008,0.00264308
1.53e-008,0.003294
1.54e-008,0.00392607
1.55e-008,0.00452732
1.56e-008,0.00507546
1.57e-008,0.00557736
1.58e-008,0.00599531
1.59e-008,0.00634989
1.6e-008,0.00653489
1.61e-008,0.00654174
1.62e-008,0.00634989
1.63e-008,0.00596277
1.64e-008,0.00540606
1.65e-008,0.00470889
1.66e-008,0.00397404
1.67e-008,0.00321178
1.68e-008,0.00245123
1.69e-008,0.0017198
1.7e-008,0.00106031
1.71e-008,0.000498468
1.72e-008,9.42121e-005
1.73e-008,-0.000140462
1.74e-008,-0.000205554
1.75e-008,-0.000150739
1.76e-008,4.96755e-005
1.77e-008,0.000327173
1.78e-008,0.000748558
1.79e-008,0.00133952
1.8e-008,0.0020247
1.81e-008,0.00278354
1.82e-008,0.00354066
1.83e-008,0.00421728
1.84e-008,0.00475
1.85e-008,0.0051594
1.86e-008,0.00544717
1.87e-008,0.00563731
1.88e-008,0.00572638
1.89e-008,0.00569555
1.9e-008,0.00549513
1.91e-008,0.00513028
1.92e-008,0.00466264
1.93e-008,0.00410765
1.94e-008,0.00355265
1.95e-008,0.00296169
1.96e-008,0.00236729
1.97e-008,0.00180545
1.98e-008,0.00127615
1.99e-008,0.000827353
2e-008,0.00045907
2.01e-008,0.000210692
2.02e-008,7.53697e-005
2.03e-008,5.82402e-005
2.04e-008,0.00011648
2.05e-008,0.000310043
2.06e-008,0.000602957
2.07e-008,0.00105004
2.08e-008,0.00157762
2.09e-008,0.00216516
2.1e-008,0.00278183
2.11e-008,0.0033865
2.12e-008,0.00393464
2.13e-008,0.00439542
2.14e-008,0.00476371
2.15e-008,0.00500523
2.16e-008,0.0051337
2.17e-008,0.00513713
2.18e-008,0.00504977
2.19e-008,0.00485963
2.2e-008,0.00456329
2.21e-008,0.00416589
2.22e-008,0.00367941
2.23e-008,0.00315696
2.24e-008,0.00259854
2.25e-008,0.0020778
2.26e-008,0.00160846
2.27e-008,0.00122133
2.28e-008,0.000895871
2.29e-008,0.000673188
2.3e-008,0.000529301
2.31e-008,0.000510458
2.32e-008,0.000577263
2.33e-008,0.000781104
2.34e-008,0.00105004
2.35e-008,0.00141661
2.36e-008,0.00180545
2.37e-008,0.00220628
2.38e-008,0.00265678
2.39e-008,0.00311414
2.4e-008,0.00359548
2.41e-008,0.00405112
2.42e-008,0.00445537
2.43e-008,0.00479454
2.44e-008,0.00507546
2.45e-008,0.0052399
2.46e-008,0.00530671
2.47e-008,0.00524676
2.48e-008,0.00508574
2.49e-008,0.00479454
2.5e-008,0.00438686
2.51e-008,0.00392779
2.52e-008,0.00343788
2.53e-008,0.00295826
2.54e-008,0.00246664
2.55e-008,0.00202642
2.56e-008,0.00163929
2.57e-008,0.00131383
2.58e-008,0.00108087
2.59e-008,0.000990083
2.6e-008,0.00101064
2.61e-008,0.00114596
2.62e-008,0.00137721
2.63e-008,0.00170267
2.64e-008,0.00210692
2.65e-008,0.002554
2.66e-008,0.00305247
2.67e-008,0.00354751
2.68e-008,0.00401857
2.69e-008,0.0044451
2.7e-008,0.00478426
2.71e-008,0.00504463
2.72e-008,0.00522963
2.73e-008,0.00526902
2.74e-008,0.0051868
2.75e-008,0.00500352
2.76e-008,0.00473459
2.77e-008,0.00435602
2.78e-008,0.00389695
2.79e-008,0.00340534
2.8e-008,0.00289831
2.81e-008,0.00237586
2.82e-008,0.00189966
2.83e-008,0.00144573
2.84e-008,0.00107573
2.85e-008,0.000775965
2.86e-008,0.000570411
2.87e-008,0.000479625
2.88e-008,0.000469347
2.89e-008,0.000532726
2.9e-008,0.000664623
2.91e-008,0.000846196
2.92e-008,0.00105689
2.93e-008,0.00133096
2.94e-008,0.00163073
2.95e-008,0.00198188
2.96e-008,0.00234331
2.97e-008,0.00268247
2.98e-008,0.00296682
2.99e-008,0.00318266
3e-008,0.00330599
3.01e-008,0.00335224
3.02e-008,0.00331284
3.03e-008,0.00320664
3.04e-008,0.00308673
3.05e-008,0.00292743
3.06e-008,0.00272872
3.07e-008,0.00246322
3.08e-008,0.0021703
3.09e-008,0.00180545
3.1e-008,0.00142003
3.11e-008,0.000998648
3.12e-008,0.000609809
3.13e-008,0.000246664
3.14e-008,-3.76848e-005
3.15e-008,-0.0002381
3.16e-008,-0.000344302
3.17e-008,-0.000291201
3.18e-008,-0.000147313
3.19e-008,8.56473e-005
3.2e-008,0.000359719
3.21e-008,0.000632077
3.22e-008,0.000907862
3.23e-008,0.00115453
3.24e-008,0.00140976
3.25e-008,0.001641
3.26e-008,0.00185683
3.27e-008,0.00204012
3.28e-008,0.00222854
3.29e-008,0.00237586
3.3e-008,0.00244609
3.31e-008,0.00243752
3.32e-008,0.00233646
3.33e-008,0.00211378
3.34e-008,0.00179688
3.35e-008,0.00144744
3.36e-008,0.00108087
3.37e-008,0.00073828
3.38e-008,0.000423098
3.39e-008,0.00011648
3.4e-008,-0.000167869
3.41e-008,-0.000428237
3.42e-008,-0.000669762
3.43e-008,-0.000865038
3.44e-008,-0.0010055
3.45e-008,-0.00107916
3.46e-008,-0.00109629
3.47e-008,-0.00108258
3.48e-008,-0.00098837
3.49e-008,-0.000851335
3.5e-008,-0.000676614
3.51e-008,-0.000448792
3.52e-008,-0.000183285
3.53e-008,7.53697e-005
3.54e-008,0.000327173
3.55e-008,0.000520736
3.56e-008,0.000676614
3.57e-008,0.000774252
3.58e-008,0.000856473
3.59e-008,0.000890732
3.6e-008,0.000858186
3.61e-008,0.000774252
3.62e-008,0.0006218
3.63e-008,0.000381987
3.64e-008,0.00010449
3.65e-008,-0.000205554
3.66e-008,-0.00050018
3.67e-008,-0.000817076
3.68e-008,-0.00109971
3.69e-008,-0.00140462
3.7e-008,-0.00169753
3.71e-008,-0.00199044
3.72e-008,-0.00220114
3.73e-008,-0.00236558
3.74e-008,-0.00245465
3.75e-008,-0.00243238
3.76e-008,-0.00229877
3.77e-008,-0.0020778
3.78e-008,-0.0018123
3.79e-008,-0.00151596
3.8e-008,-0.00125045
3.81e-008,-0.000991796
3.82e-008,-0.000775965
3.83e-008,-0.000580689
3.84e-008,-0.000465922
3.85e-008,-0.000344302
3.86e-008,-0.000282636
3.87e-008,-0.000306617
3.88e-008,-0.000402543
3.89e-008,-0.000531014
3.9e-008,-0.000717725
3.91e-008,-0.000913001
3.92e-008,-0.00115624
3.93e-008,-0.00143202
3.94e-008,-0.00174378
3.95e-008,-0.00210007
3.96e-008,-0.00244438
3.97e-008,-0.00273729
3.98e-008,-0.00296511
3.99e-008,-0.00310729
4e-008,-0.00319122
4.01e-008,-0.00321349
4.02e-008,-0.00319636
4.03e-008,-0.00313298
4.04e-008,-0.00305076
4.05e-008,-0.00290002
4.06e-008,-0.00273386
4.07e-008,-0.00255058
4.08e-008,-0.00233817
4.09e-008,-0.00212748
4.1e-008,-0.00190308
4.11e-008,-0.00168725
4.12e-008,-0.00148855
4.13e-008,-0.00135323
4.14e-008,-0.00129156
4.15e-008,-0.00127615
4.16e-008,-0.00128814
4.17e-008,-0.00133952
4.18e-008,-0.00141318
4.19e-008,-0.00153137
4.2e-008,-0.00170267
4.21e-008,-0.00192535
4.22e-008,-0.00218401
4.23e-008,-0.00245465
4.24e-008,-0.00271673
4.25e-008,-0.00293942
4.26e-008,-0.00311242
4.27e-008,-0.00324261
4.28e-008,-0.00333682
4.29e-008,-0.00337964
4.3e-008,-0.00339163
4.31e-008,-0.00332312
4.32e-008,-0.00323747
4.33e-008,-0.00308673
4.34e-008,-0.00293085
4.35e-008,-0.00275956
4.36e-008,-0.0025934
4.37e-008,-0.00239984
4.38e-008,-0.00219942
4.39e-008,-0.0019973
4.4e-008,-0.00181572
4.41e-008,-0.0016941
4.42e-008,-0.00161188
4.43e-008,-0.00164957
4.44e-008,-0.00170438
4.45e-008,-0.00180716
4.46e-008,-0.00191165
4.47e-008,-0.00201785
4.48e-008,-0.00215831
4.49e-008,-0.00231248
4.5e-008,-0.00246836
4.51e-008,-0.00268076
4.52e-008,-0.00286919
4.53e-008,-0.00305761
4.54e-008,-0.00321006
4.55e-008,-0.00333853
4.56e-008,-0.00344816
4.57e-008,-0.00351839
4.58e-008,-0.00351839
4.59e-008,-0.00350983
4.6e-008,-0.00348071
4.61e-008,-0.00339163
4.62e-008,-0.00329914
4.63e-008,-0.00316724
4.64e-008,-0.00300108
4.65e-008,-0.0027784
4.66e-008,-0.00254201
4.67e-008,-0.00229535
4.68e-008,-0.00207952
4.69e-008,-0.0019185
4.7e-008,-0.00180373
4.71e-008,-0.00176947
4.72e-008,-0.00179003
4.73e-008,-0.00179688
4.74e-008,-0.00186369
4.75e-008,-0.00190822
4.76e-008,-0.00199044
4.77e-008,-0.00211206
4.78e-008,-0.00225595
4.79e-008,-0.00240498
4.8e-008,-0.00257113
4.81e-008,-0.00270646
4.82e-008,-0.00281266
4.83e-008,-0.00286747
4.84e-008,-0.0029103
4.85e-008,-0.00292057
4.86e-008,-0.00289831
4.87e-008,-0.00281095
4.88e-008,-0.00273386
4.89e-008,-0.00259683
4.9e-008,-0.0024478
4.91e-008,-0.00226623
4.92e-008,-0.0021172
4.93e-008,-0.0019579
4.94e-008,-0.00183114
4.95e-008,-0.00171295
4.96e-008,-0.00159304
4.97e-008,-0.00143888
4.98e-008,-0.00129327
4.99e-008,-0.00115281
5e-008,-0.0010192
5.01e-008,-0.000923278
5.02e-008,-0.000911288
5.03e-008,-0.000931843
5.04e-008,-0.000995222
5.05e-008,-0.00105689
5.06e-008,-0.00113911
5.07e-008,-0.00120249
5.08e-008,-0.00127957
5.09e-008,-0.0013498
5.1e-008,-0.00141832
5.11e-008,-0.00151253
5.12e-008,-0.00159475
5.13e-008,-0.00165985
5.14e-008,-0.00168554
5.15e-008,-0.00167012
5.16e-008,-0.00158961
5.17e-008,-0.00150911
5.18e-008,-0.00137721
5.19e-008,-0.00126587
5.2e-008,-0.00110999
5.21e-008,-0.000933556
5.22e-008,-0.000712586
5.23e-008,-0.000472773
5.24e-008,-0.000239813
5.25e-008,-4.62496e-005
5.26e-008,0.000118193
5.27e-008,0.000239813
5.28e-008,0.000299766
5.29e-008,0.000298053
5.3e-008,0.000258655
5.31e-008,0.000188424
5.32e-008,8.05085e-005
5.33e-008,-1.71295e-005
5.34e-008,-9.42121e-005
5.35e-008,-0.000159304
5.36e-008,-0.000227822
5.37e-008,-0.000253516
5.38e-008,-0.000327173
5.39e-008,-0.000347728
5.4e-008,-0.000404255
5.41e-008,-0.00042995
5.42e-008,-0.000424811
5.43e-008,-0.000393978
5.44e-008,-0.000330599
5.45e-008,-0.000239813
5.46e-008,-0.000135323
5.47e-008,-3.76848e-005
5.48e-008,4.45366e-005
5.49e-008,0.000157591
5.5e-008,0.000262081
5.51e-008,0.00042995
5.52e-008,0.000589254
5.53e-008,0.000750271
5.54e-008,0.000895871
5.55e-008,0.0010055
5.56e-008,0.00107059
5.57e-008,0.00112541
5.58e-008,0.00118707
5.59e-008,0.00122476
5.6e-008,0.0012299
5.61e-008,0.00122133
5.62e-008,0.00117337
5.63e-008,0.00114767
5.64e-008,0.00110656
5.65e-008,0.0010723
5.66e-008,0.00103805
5.67e-008,0.000981519
5.68e-008,0.000935269
5.69e-008,0.000839344
5.7e-008,0.000793094
5.71e-008,0.000774252
5.72e-008,0.000827353
5.73e-008,0.000964389
5.74e-008,0.00113226
5.75e-008,0.00133781
5.76e-008,0.00151938
5.77e-008,0.00166156
5.78e-008,0.00175577
5.79e-008,0.00181401
5.8e-008,0.0018791
5.81e-008,0.00193049
5.82e-008,0.00198873
5.83e-008,0.00202813
5.84e-008,0.00206239
5.85e-008,0.00212577
5.86e-008,0.00218743
5.87e-008,0.00226794
5.88e-008,0.00233475
5.89e-008,0.00239813
5.9e-008,0.00247007
5.91e-008,0.00249062
5.92e-008,0.00251461
5.93e-008,0.00244438
5.94e-008,0.00235873
5.95e-008,0.00224739
5.96e-008,0.00213091
5.97e-008,0.00206753
5.98e-008,0.00209836
5.99e-008,0.00214632
6e-008,0.00225938
6.01e-008,0.00235188
6.02e-008,0.00244438
6.03e-008,0.00249405
6.04e-008,0.00255743
6.05e-008,0.00259854
6.06e-008,0.00271673
6.07e-008,0.00283835
6.08e-008,0.00295826
6.09e-008,0.00304733
6.1e-008,0.00309358
6.11e-008,0.00313298
6.12e-008,0.00313641
6.13e-008,0.00313812
6.14e-008,0.00315354
6.15e-008,0.00318779
6.16e-008,0.00321349
6.17e-008,0.00322548
6.18e-008,0.00318779
6.19e-008,0.00316039
6.2e-008,0.00312442
6.21e-008,0.00306275
6.22e-008,0.0030165
6.23e-008,0.00297368
6.24e-008,0.00290687
6.25e-008,0.00284007
6.26e-008,0.00277155
6.27e-008,0.00270988
6.28e-008,0.00270646
6.29e-008,0.00272016
6.3e-008,0.002739
6.31e-008,0.00278525
6.32e-008,0.00286576
6.33e-008,0.00294456
6.34e-008,0.00300622
6.35e-008,0.0030559
6.36e-008,0.0030559
6.37e-008,0.00303877
6.38e-008,0.00304219
6.39e-008,0.00306446
6.4e-008,0.00313812
6.41e-008,0.00323576
6.42e-008,0.0033471
6.43e-008,0.00339335
6.44e-008,0.00337793
6.45e-008,0.00331284
6.46e-008,0.00317752
6.47e-008,0.00306446
6.48e-008,0.0029771
6.49e-008,0.00293428
6.5e-008,0.002924
6.51e-008,0.00290687
6.52e-008,0.00283664
6.53e-008,0.00273215
6.54e-008,0.00264993
6.55e-008,0.00257799
6.56e-008,0.00253516
6.57e-008,0.00256257
6.58e-008,0.00258141
6.59e-008,0.00262595
6.6e-008,0.00264822
6.61e-008,0.00268247
6.62e-008,0.00268076
6.63e-008,0.0026859
6.64e-008,0.00268761
6.65e-008,0.00273044
6.66e-008,0.00275613
6.67e-008,0.00278868
6.68e-008,0.00281095
6.69e-008,0.00281266
6.7e-008,0.00278868
6.71e-008,0.0027784
6.72e-008,0.00274585
6.73e-008,0.00274243
6.74e-008,0.00270474
6.75e-008,0.00267048
6.76e-008,0.00263451
6.77e-008,0.00256428
6.78e-008,0.00249234
6.79e-008,0.00240326
6.8e-008,0.00230905
6.81e-008,0.00224396
6.82e-008,0.00219257
6.83e-008,0.00214975
6.84e-008,0.0021172
6.85e-008,0.00209151
6.86e-008,0.00206581
6.87e-008,0.00200929
6.88e-008,0.0019322
6.89e-008,0.0018791
6.9e-008,0.001826
6.91e-008,0.00180887
6.92e-008,0.00181401
6.93e-008,0.00182258
6.94e-008,0.00184827
6.95e-008,0.0019185
6.96e-008,0.0019185
6.97e-008,0.00193563
6.98e-008,0.00188938
6.99e-008,0.00183285
7e-008,0.00173864
7.01e-008,0.00162216
7.02e-008,0.00148341
7.03e-008,0.00139434
7.04e-008,0.0013361
7.05e-008,0.00132411
7.06e-008,0.00130355
7.07e-008,0.0012967
7.08e-008,0.00125559
7.09e-008,0.00120249
7.1e-008,0.001098
7.11e-008,0.000986657
7.12e-008,0.000863325
7.13e-008,0.000774252
7.14e-008,0.000690318
7.15e-008,0.000611522
7.16e-008,0.000566985
7.17e-008,0.000524162
7.18e-008,0.000515597
7.19e-008,0.000469347
7.2e-008,0.000489903
7.21e-008,0.000498468
7.22e-008,0.000537865
7.23e-008,0.000570411
7.24e-008,0.00060467
7.25e-008,0.000611522
7.26e-008,0.000611522
7.27e-008,0.000543004
7.28e-008,0.000477912
7.29e-008,0.000424811
7.3e-008,0.000378561
7.31e-008,0.000349441
7.32e-008,0.000337451
7.33e-008,0.000310043
7.34e-008,0.000248377
7.35e-008,0.000159304
7.36e-008,5.99531e-005
7.37e-008,-4.79625e-005
7.38e-008,-0.000126758
7.39e-008,-0.000188424
7.4e-008,-0.000215831
7.41e-008,-0.000215831
7.42e-008,-0.000224396
7.43e-008,-0.000229535
7.44e-008,-0.000236387
7.45e-008,-0.000280923
7.46e-008,-0.000299766
7.47e-008,-0.000318608
7.48e-008,-0.000310043
7.49e-008,-0.000256942
7.5e-008,-0.000195276
7.51e-008,-0.000149026
7.52e-008,-0.000109629
7.53e-008,-0.000137036
7.54e-008,-0.000186711
7.55e-008,-0.000210692
7.56e-008,-0.000241526
7.57e-008,-0.000234674
7.58e-008,-0.000188424
7.59e-008,-0.000164443
7.6e-008,-0.000150739
7.61e-008,-0.000188424
7.62e-008,-0.000274071
7.63e-008,-0.000349441
7.64e-008,-0.00040083
7.65e-008,-0.000443653
7.66e-008,-0.000438514
7.67e-008,-0.000366571
7.68e-008,-0.000298053
7.69e-008,-0.000265507
7.7e-008,-0.000232961
7.71e-008,-0.000239813
7.72e-008,-0.000231248
7.73e-008,-0.000198702
7.74e-008,-0.000140462
7.75e-008,-5.48143e-005
7.76e-008,3.0833e-005
7.77e-008,0.000135323
7.78e-008,0.000203841
7.79e-008,0.000253516
7.8e-008,0.000299766
7.81e-008,0.000304905
7.82e-008,0.00030833
7.83e-008,0.000306617
7.84e-008,0.000337451
7.85e-008,0.000364858
7.86e-008,0.000392265
7.87e-008,0.000426524
7.88e-008,0.000411107
7.89e-008,0.000387126
7.9e-008,0.000356293
7.91e-008,0.000313469
7.92e-008,0.000268933
7.93e-008,0.000251803
7.94e-008,0.000246664
7.95e-008,0.000251803
7.96e-008,0.00025009
7.97e-008,0.000274071
7.98e-008,0.000306617
7.99e-008,0.000351154
8e-008,0.000411107
8.01e-008,0.000440227
8.02e-008,0.000486477
8.03e-008,0.000524162
8.04e-008,0.000522449
8.05e-008,0.000529301
8.06e-008,0.000553282
8.07e-008,0.000597818
8.08e-008,0.000652633
8.09e-008,0.000721151
8.1e-008,0.000793094
8.11e-008,0.000849622
8.12e-008,0.000889019
8.13e-008,0.000913001
8.14e-008,0.000943834
8.15e-008,0.0010192
8.16e-008,0.0010843
8.17e-008,0.00114939
8.18e-008,0.00123846
8.19e-008,0.00130013
8.2e-008,0.00136179
8.21e-008,0.00138235
8.22e-008,0.00137721
8.23e-008,0.00135837
8.24e-008,0.00134466
8.25e-008,0.00135494
8.26e-008,0.00139605
8.27e-008,0.00146457
8.28e-008,0.00153651
8.29e-008,0.00160674
8.3e-008,0.00167184
8.31e-008,0.00172494
8.32e-008,0.00174721
8.33e-008,0.00180202
8.34e-008,0.00180716
8.35e-008,0.00182771
8.36e-008,0.00189623
8.37e-008,0.00198017
8.38e-008,0.00208637
8.39e-008,0.00221484
8.4e-008,0.0023416
8.41e-008,0.0024341
8.42e-008,0.00251632
8.43e-008,0.00256428
8.44e-008,0.00257799
8.45e-008,0.00261224
8.46e-008,0.00266535
8.47e-008,0.00273215
8.48e-008,0.00278011
8.49e-008,0.00281951
8.5e-008,0.00278525
8.51e-008,0.00276984
8.52e-008,0.002739
8.53e-008,0.00276298
8.54e-008,0.0028315
8.55e-008,0.00297025
8.56e-008,0.00313127
8.57e-008,0.00326145
8.58e-008,0.00332654
8.59e-008,0.00330599
8.6e-008,0.00328372
8.61e-008,0.00327858
8.62e-008,0.00332312
8.63e-008,0.00341733
8.64e-008,0.0035458
8.65e-008,0.0036914
8.66e-008,0.00380274
8.67e-008,0.00384557
8.68e-008,0.00390209
8.69e-008,0.00397575
8.7e-008,0.0040751
8.71e-008,0.0042344
8.72e-008,0.00434575
8.73e-008,0.00445537
8.74e-008,0.00450334
8.75e-008,0.0045119
8.76e-008,0.00448107
8.77e-008,0.0045119
8.78e-008,0.00457186
8.79e-008,0.00463523
8.8e-008,0.00475
8.81e-008,0.00484935
8.82e-008,0.00491958
8.83e-008,0.00492986
8.84e-008,0.00495727
8.85e-008,0.00500523
8.86e-008,0.00506347
8.87e-008,0.00517995
8.88e-008,0.00531014
8.89e-008,0.00544717
8.9e-008,0.00552083
8.91e-008,0.00556023
8.92e-008,0.00557393
8.93e-008,0.00558421
8.94e-008,0.00560476
8.95e-008,0.00566472
8.96e-008,0.00574351
8.97e-008,0.00582916
8.98e-008,0.005848
8.99e-008,0.00583087
9e-008,0.00576749
9.01e-008,0.00577948
9.02e-008,0.00584286
9.03e-008,0.00597476
9.04e-008,0.00611351
9.05e-008,0.00626425
9.06e-008,0.00633962
9.07e-008,0.00633276
9.08e-008,0.0063105
9.09e-008,0.00626939
9.1e-008,0.00625911
9.11e-008,0.00628309
9.12e-008,0.00634476
9.13e-008,0.006403
9.14e-008,0.00646295
9.15e-008,0.00654346
9.16e-008,0.00660684
9.17e-008,0.00669762
9.18e-008,0.006761
9.19e-008,0.00680725
9.2e-008,0.00681068
9.21e-008,0.00679183
9.22e-008,0.00677128
9.23e-008,0.00676785
9.24e-008,0.00677128
9.25e-008,0.00679355
9.26e-008,0.00684151
9.27e-008,0.00690489
9.28e-008,0.00694771
9.29e-008,0.00701623
9.3e-008,0.00706933
9.31e-008,0.0071053
9.32e-008,0.00714813
9.33e-008,0.00719095
9.34e-008,0.00718753
9.35e-008,0.00715155
9.36e-008,0.00710359
9.37e-008,0.00704878
9.38e-008,0.00699739
9.39e-008,0.00701623
9.4e-008,0.00705049
9.41e-008,0.00712415
9.42e-008,0.00720294
9.43e-008,0.00726461
9.44e-008,0.00731257
9.45e-008,0.0073297
9.46e-008,0.00736225
9.47e-008,0.00736396
9.48e-008,0.00739137
9.49e-008,0.00741192
9.5e-008,0.00742734
9.51e-008,0.00740164
9.52e-008,0.00739993
9.53e-008,0.00739308
9.54e-008,0.0074085
9.55e-008,0.00744447
9.56e-008,0.00747016
9.57e-008,0.00751298
9.58e-008,0.00752669
9.59e-008,0.00750442
9.6e-008,0.00749243
9.61e-008,0.00745132
9.62e-008,0.00743933
9.63e-008,0.00742049
9.64e-008,0.0074222
9.65e-008,0.00741706
9.66e-008,0.00742562
9.67e-008,0.00741877
9.68e-008,0.00739993
9.69e-008,0.00737938
9.7e-008,0.0073434
9.71e-008,0.00734512
9.72e-008,0.00731771
9.73e-008,0.00729715
9.74e-008,0.00726803
9.75e-008,0.00727146
9.76e-008,0.00726461
9.77e-008,0.00726118
9.78e-008,0.00724919
9.79e-008,0.00723549
9.8e-008,0.00723549
9.81e-008,0.00728345
9.82e-008,0.00731257
9.83e-008,0.00735026
9.84e-008,0.0073434
9.85e-008,0.00731942
9.86e-008,0.00723549
9.87e-008,0.00715155
9.88e-008,0.00704878
9.89e-008,0.00699054
9.9e-008,0.00696484
9.91e-008,0.00695628
9.92e-008,0.00697169
9.93e-008,0.00698882
9.94e-008,0.00700253
9.95e-008,0.00701794
9.96e-008,0.00702651
9.97e-008,0.00703165
9.98e-008,0.00706762
9.99e-008,0.00711558
1e-007,0.00714128
1.001e-007,0.00712757
1.002e-007,0.00710188
1.003e-007,0.00702993
1.004e-007,0.00696484
1.005e-007,0.0069066
1.006e-007,0.00685693
1.007e-007,0.00685693
1.008e-007,0.00683466
1.009e-007,0.00682609
1.01e-007,0.00679183
1.011e-007,0.00672332
1.012e-007,0.00667364
1.013e-007,0.00660684
1.014e-007,0.00656915
1.015e-007,0.00652975
1.016e-007,0.00653832
1.017e-007,0.0065229
1.018e-007,0.00649378
1.019e-007,0.00644924
1.02e-007,0.00639272
1.021e-007,0.00636874
1.022e-007,0.00638415
1.023e-007,0.00640471
1.024e-007,0.00643725
1.025e-007,0.00645952
1.026e-007,0.00643554
1.027e-007,0.00638758
1.028e-007,0.00631735
1.029e-007,0.00627281
1.03e-007,0.00619573
1.031e-007,0.00613749
1.032e-007,0.0060724
1.033e-007,0.00602615
1.034e-007,0.00598675
1.035e-007,0.00598675
1.036e-007,0.00601073
1.037e-007,0.00603814
1.038e-007,0.00603471
1.039e-007,0.00601073
1.04e-007,0.00593194
1.041e-007,0.00587883
1.042e-007,0.00579661
1.043e-007,0.0057555
1.044e-007,0.00572467
1.045e-007,0.0056887
1.046e-007,0.00562874
1.047e-007,0.00554138
1.048e-007,0.00544717
1.049e-007,0.00538893
1.05e-007,0.00532041
1.051e-007,0.00530671
1.052e-007,0.00528102
1.053e-007,0.00527245
1.054e-007,0.00523477
1.055e-007,0.00518166
1.056e-007,0.00510801
1.057e-007,0.00501551
1.058e-007,0.00493671
1.059e-007,0.00484421
1.06e-007,0.00477227
1.061e-007,0.00470033
1.062e-007,0.00463523
1.063e-007,0.00458898
1.064e-007,0.00452389
1.065e-007,0.00446394
1.066e-007,0.0043663
1.067e-007,0.00427209
1.068e-007,0.00420186
1.069e-007,0.00417274
1.07e-007,0.00416246
1.071e-007,0.00414876
1.072e-007,0.00412991
1.073e-007,0.0040751
1.074e-007,0.00401172
1.075e-007,0.00396205
1.076e-007,0.00390723
1.077e-007,0.00386783
1.078e-007,0.00381302
1.079e-007,0.00373936
1.08e-007,0.00362288
1.081e-007,0.00350469
1.082e-007,0.00342075
1.083e-007,0.00339677
1.084e-007,0.00339163
1.085e-007,0.00335052
1.086e-007,0.00331113
1.087e-007,0.00322205
1.088e-007,0.00311414
1.089e-007,0.00301821
1.09e-007,0.00295826
1.091e-007,0.00291201
1.092e-007,0.00287261
1.093e-007,0.00282979
1.094e-007,0.00278354
1.095e-007,0.00273044
1.096e-007,0.00265335
1.097e-007,0.00255572
1.098e-007,0.00249748
1.099e-007,0.00241697
1.1e-007,0.00234845
1.101e-007,0.00226109
1.102e-007,0.002196
1.103e-007,0.00211206
1.104e-007,0.00203155
1.105e-007,0.00195447
1.106e-007,0.00185512
1.107e-007,0.00175406
1.108e-007,0.00163586
1.109e-007,0.00151253
1.11e-007,0.00139091
1.111e-007,0.00131212
1.112e-007,0.00124703
1.113e-007,0.00122133
1.114e-007,0.00117337
1.115e-007,0.00114082
1.116e-007,0.00110828
1.117e-007,0.00106717
1.118e-007,0.00101064
1.119e-007,0.000971241
1.12e-007,0.000909575
1.121e-007,0.000866751
1.122e-007,0.000841057
1.123e-007,0.000777678
1.124e-007,0.000710873
1.125e-007,0.000638929
1.126e-007,0.000560134
1.127e-007,0.000483051
1.128e-007,0.000409394
1.129e-007,0.000366571
1.13e-007,0.000359719
1.131e-007,0.000351154
1.132e-007,0.000337451
1.133e-007,0.000306617
1.134e-007,0.000277497
1.135e-007,0.000229535
1.136e-007,0.0001456
1.137e-007,4.28237e-005
1.138e-007,-3.93978e-005
1.139e-007,-0.000126758
1.14e-007,-0.00020898
1.141e-007,-0.000284349
1.142e-007,-0.000335738
1.143e-007,-0.000380274
1.144e-007,-0.000404255
1.145e-007,-0.000431663
1.146e-007,-0.000476199
1.147e-007,-0.000472773
1.148e-007,-0.000522449
1.149e-007,-0.000570411
1.15e-007,-0.00063379
1.151e-007,-0.000717725
1.152e-007,-0.000775965
1.153e-007,-0.000851335
1.154e-007,-0.000895871
1.155e-007,-0.000960963
1.156e-007,-0.00100893
1.157e-007,-0.00105689
1.158e-007,-0.00105175
1.159e-007,-0.00106203
1.16e-007,-0.00104147
1.161e-007,-0.00102263
1.162e-007,-0.00102092
1.163e-007,-0.00104832
1.164e-007,-0.00110828
1.165e-007,-0.00117851
1.166e-007,-0.00125216
1.167e-007,-0.00131383
1.168e-007,-0.00136008
1.169e-007,-0.00140462
1.17e-007,-0.00146114
1.171e-007,-0.00155364
1.172e-007,-0.00161531
1.173e-007,-0.00163073
1.174e-007,-0.00159133
1.175e-007,-0.00152624
1.176e-007,-0.00149369
1.177e-007,-0.00151253
1.178e-007,-0.00159133
1.179e-007,-0.00168383
1.18e-007,-0.00176434
1.181e-007,-0.00181401
1.182e-007,-0.00178489
1.183e-007,-0.00174721
1.184e-007,-0.00172836
1.185e-007,-0.00176434
1.186e-007,-0.00183628
1.187e-007,-0.00190822
1.188e-007,-0.00196989
1.189e-007,-0.00199044
1.19e-007,-0.00195619
1.191e-007,-0.00191336
1.192e-007,-0.00188938
1.193e-007,-0.00193049
1.194e-007,-0.00204355
1.195e-007,-0.00215146
1.196e-007,-0.00224225
1.197e-007,-0.00227479
1.198e-007,-0.00225938
1.199e-007,-0.00218401
1.2e-007,-0.00212748
1.201e-007,-0.00212063
1.202e-007,-0.0021703
1.203e-007,-0.00224567
1.204e-007,-0.00232618
1.205e-007,-0.00238442
1.206e-007,-0.00242725
1.207e-007,-0.00245979
1.208e-007,-0.0024735
1.209e-007,-0.00245123
1.21e-007,-0.00243924
1.211e-007,-0.00240669
1.212e-007,-0.0024084
1.213e-007,-0.00239299
1.214e-007,-0.00242039
1.215e-007,-0.00243752
1.216e-007,-0.00248206
1.217e-007,-0.00248891
1.218e-007,-0.00246836
1.219e-007,-0.00247007
1.22e-007,-0.0024615
1.221e-007,-0.00250947
1.222e-007,-0.0025797
1.223e-007,-0.00265678
1.224e-007,-0.00270988
1.225e-007,-0.00275099
1.226e-007,-0.00276127
1.227e-007,-0.00277155
1.228e-007,-0.00275099
1.229e-007,-0.00275271
1.23e-007,-0.00274585
1.231e-007,-0.00271673
1.232e-007,-0.00268076
1.233e-007,-0.00262423
1.234e-007,-0.00258141
1.235e-007,-0.00257799
1.236e-007,-0.00260539
1.237e-007,-0.00266877
1.238e-007,-0.00272872
1.239e-007,-0.00280923
1.24e-007,-0.00285891
1.241e-007,-0.00286576
1.242e-007,-0.00286919
1.243e-007,-0.00286233
1.244e-007,-0.00285206
1.245e-007,-0.00287946
1.246e-007,-0.0029103
1.247e-007,-0.00294627
1.248e-007,-0.00291372
1.249e-007,-0.00286919
1.25e-007,-0.00276812
1.251e-007,-0.0026465
1.252e-007,-0.00251118
1.253e-007,-0.00242382
1.254e-007,-0.00241868
1.255e-007,-0.00246836
1.256e-007,-0.00253687
1.257e-007,-0.00262423
1.258e-007,-0.00269104
1.259e-007,-0.00268419
1.26e-007,-0.00265849
1.261e-007,-0.00262252
1.262e-007,-0.00260025
1.263e-007,-0.00261738
1.264e-007,-0.00264993
1.265e-007,-0.0026859
1.266e-007,-0.00271673
1.267e-007,-0.00272359
1.268e-007,-0.00266706
1.269e-007,-0.00260368
1.27e-007,-0.00257627
1.271e-007,-0.00253345
1.272e-007,-0.00249576
1.273e-007,-0.00247692
1.274e-007,-0.00244095
1.275e-007,-0.0024084
1.276e-007,-0.00239641
1.277e-007,-0.00242382
1.278e-007,-0.00246836
1.279e-007,-0.00250775
1.28e-007,-0.00254201
1.281e-007,-0.00252317
1.282e-007,-0.00249062
1.283e-007,-0.00240669
1.284e-007,-0.00230049
1.285e-007,-0.00220456
1.286e-007,-0.00218058
1.287e-007,-0.00217716
1.288e-007,-0.00222854
1.289e-007,-0.0023022
1.29e-007,-0.00235359
1.291e-007,-0.002381
1.292e-007,-0.00236558
1.293e-007,-0.00230563
1.294e-007,-0.00224053
1.295e-007,-0.00218743
1.296e-007,-0.0021703
1.297e-007,-0.00216345
1.298e-007,-0.00218743
1.299e-007,-0.00219257
1.3e-007,-0.00220799
1.301e-007,-0.00216516
1.302e-007,-0.00215146
1.303e-007,-0.00215831
1.304e-007,-0.00219086
1.305e-007,-0.00224225
1.306e-007,-0.00231419
1.307e-007,-0.00236901
1.308e-007,-0.00237243
1.309e-007,-0.00232447
1.31e-007,-0.00222512
1.311e-007,-0.00214632
1.312e-007,-0.00209836
1.313e-007,-0.00210521
1.314e-007,-0.00216688
1.315e-007,-0.00225595
1.316e-007,-0.00233817
1.317e-007,-0.00239641
1.318e-007,-0.00243752
1.319e-007,-0.00246664
1.32e-007,-0.00247521
1.321e-007,-0.00249234
1.322e-007,-0.00251803
1.323e-007,-0.00254715
1.324e-007,-0.0025403
1.325e-007,-0.00251461
1.326e-007,-0.00249234
1.327e-007,-0.00246664
1.328e-007,-0.00248206
1.329e-007,-0.00250947
1.33e-007,-0.00253687
1.331e-007,-0.00256599
1.332e-007,-0.00258998
1.333e-007,-0.00261053
1.334e-007,-0.00262595
1.335e-007,-0.0025934
1.336e-007,-0.00257285
1.337e-007,-0.0025403
1.338e-007,-0.00253516
1.339e-007,-0.00253859
1.34e-007,-0.00260711
1.341e-007,-0.00270474
1.342e-007,-0.00280752
1.343e-007,-0.00292571
1.344e-007,-0.00299081
1.345e-007,-0.0030165
1.346e-007,-0.00297539
1.347e-007,-0.00289145
1.348e-007,-0.00282465
1.349e-007,-0.00277669
1.35e-007,-0.00278011
1.351e-007,-0.00280752
1.352e-007,-0.00287775
1.353e-007,-0.00294627
1.354e-007,-0.00302849
1.355e-007,-0.00305932
1.356e-007,-0.00308159
1.357e-007,-0.0030833
1.358e-007,-0.00305761
1.359e-007,-0.0030302
1.36e-007,-0.00299766
1.361e-007,-0.00300451
1.362e-007,-0.00303192
1.363e-007,-0.00308673
1.364e-007,-0.00313298
1.365e-007,-0.00318266
1.366e-007,-0.00322719
1.367e-007,-0.00322034
1.368e-007,-0.00321863
1.369e-007,-0.00322548
1.37e-007,-0.00325974
1.371e-007,-0.00333339
1.372e-007,-0.00341048
1.373e-007,-0.003467
1.374e-007,-0.00347386
1.375e-007,-0.00342418
1.376e-007,-0.00335052
1.377e-007,-0.0033077
1.378e-007,-0.00334025
1.379e-007,-0.00338136
1.38e-007,-0.00344131
1.381e-007,-0.00349784
1.382e-007,-0.0035064
1.383e-007,-0.00350469
1.384e-007,-0.00350812
1.385e-007,-0.00350983
1.386e-007,-0.00354923
1.387e-007,-0.00363487
1.388e-007,-0.00371196
1.389e-007,-0.00375649
1.39e-007,-0.00375307
1.391e-007,-0.00374279
1.392e-007,-0.00369654
1.393e-007,-0.00367427
1.394e-007,-0.00365372
1.395e-007,-0.00364515
1.396e-007,-0.00365029
1.397e-007,-0.00368284
1.398e-007,-0.00373422
1.399e-007,-0.00380274
1.4e-007,-0.00384043
1.401e-007,-0.00384214
1.402e-007,-0.00381473
1.403e-007,-0.00378219
1.404e-007,-0.00375478
1.405e-007,-0.00376677
1.406e-007,-0.00379932
1.407e-007,-0.00384043
1.408e-007,-0.00387297
1.409e-007,-0.00386098
1.41e-007,-0.0038507
1.411e-007,-0.00387811
1.412e-007,-0.00390552
1.413e-007,-0.00399459
1.414e-007,-0.00409052
1.415e-007,-0.00415732
1.416e-007,-0.00416075
1.417e-007,-0.00413334
1.418e-007,-0.0040751
1.419e-007,-0.00401001
1.42e-007,-0.00395177
1.421e-007,-0.00390552
1.422e-007,-0.00391408
1.423e-007,-0.00394834
1.424e-007,-0.00396718
1.425e-007,-0.00398774
1.426e-007,-0.0040083
1.427e-007,-0.00399973
1.428e-007,-0.00402029
1.429e-007,-0.00400487
1.43e-007,-0.00397575
1.431e-007,-0.00394492
1.432e-007,-0.00390209
1.433e-007,-0.00384043
1.434e-007,-0.00380788
1.435e-007,-0.00375992
1.436e-007,-0.00371538
1.437e-007,-0.00368797
1.438e-007,-0.0036383
1.439e-007,-0.00357149
1.44e-007,-0.00353381
1.441e-007,-0.00350298
1.442e-007,-0.0035064
1.443e-007,-0.00351668
1.444e-007,-0.00352867
1.445e-007,-0.00348071
1.446e-007,-0.0034002
1.447e-007,-0.00333168
1.448e-007,-0.0032546
1.449e-007,-0.00322719
1.45e-007,-0.00323576
1.451e-007,-0.00325974
1.452e-007,-0.0032409
1.453e-007,-0.00323233
1.454e-007,-0.00318779
1.455e-007,-0.00313641
1.456e-007,-0.00310729
1.457e-007,-0.00309701
1.458e-007,-0.00311242
1.459e-007,-0.00312613
1.46e-007,-0.00311414
1.461e-007,-0.00305418
1.462e-007,-0.00296169
1.463e-007,-0.00287261
1.464e-007,-0.00280752
1.465e-007,-0.00276298
1.466e-007,-0.00271845
1.467e-007,-0.00273215
1.468e-007,-0.00273729
1.469e-007,-0.00273558
1.47e-007,-0.00269447
1.471e-007,-0.00264136
1.472e-007,-0.00258484
1.473e-007,-0.00255058
1.474e-007,-0.00251632
1.475e-007,-0.00247692
1.476e-007,-0.00245808
1.477e-007,-0.00240498
1.478e-007,-0.00233646
1.479e-007,-0.00225766
1.48e-007,-0.00217373
1.481e-007,-0.00211549
1.482e-007,-0.00207952
1.483e-007,-0.0021035
1.484e-007,-0.0021035
1.485e-007,-0.00211206
1.486e-007,-0.00210179
1.487e-007,-0.00209836
1.488e-007,-0.00204868
1.489e-007,-0.00198359
1.49e-007,-0.00192193
1.491e-007,-0.00186026
1.492e-007,-0.00179174
1.493e-007,-0.00169924
1.494e-007,-0.00166327
1.495e-007,-0.00157934
1.496e-007,-0.00155707
1.497e-007,-0.00147313
1.498e-007,-0.0014423
1.499e-007,-0.00140462
1.5e-007,-0.00138235
1.501e-007,-0.00138064
1.502e-007,-0.00134638
1.503e-007,-0.00134638
1.504e-007,-0.00132925
1.505e-007,-0.00125902
1.506e-007,-0.00118707
1.507e-007,-0.00110656
1.508e-007,-0.000993509
1.509e-007,-0.000890732
1.51e-007,-0.000801659
1.511e-007,-0.000750271
1.512e-007,-0.000719438
1.513e-007,-0.000692031
1.514e-007,-0.000685179
1.515e-007,-0.000695456
1.516e-007,-0.000686892
1.517e-007,-0.000690318
1.518e-007,-0.000693743
1.519e-007,-0.000669762
1.52e-007,-0.000640642
1.521e-007,-0.000587541
1.522e-007,-0.000477912
1.523e-007,-0.000340876
1.524e-007,-0.000241526
1.525e-007,-0.000157591
1.526e-007,-0.000121619
1.527e-007,-0.000130184
1.528e-007,-0.000167869
1.529e-007,-0.000188424
1.53e-007,-0.000179859
1.531e-007,-0.000131897
1.532e-007,-7.87956e-005
1.533e-007,1.71295e-006
1.534e-007,0.00010449
1.535e-007,0.000176434
1.536e-007,0.000263794
1.537e-007,0.000330599
1.538e-007,0.000395691
1.539e-007,0.000452218
1.54e-007,0.000501893
1.541e-007,0.000551569
1.542e-007,0.000601244
1.543e-007,0.00065092
1.544e-007,0.00070916
1.545e-007,0.000763974
1.546e-007,0.000815363
1.547e-007,0.000861612
1.548e-007,0.000902723
1.549e-007,0.000907862
1.55e-007,0.000943834
1.551e-007,0.00097638
1.552e-007,0.00101406
1.553e-007,0.00109457
1.554e-007,0.00110999
1.555e-007,0.00112369
1.556e-007,0.00114596
1.557e-007,0.00115453
1.558e-007,0.00118536
1.559e-007,0.00123161
1.56e-007,0.00130355
1.561e-007,0.00136522
1.562e-007,0.00143031
1.563e-007,0.00146971
1.564e-007,0.00149198
1.565e-007,0.00155707
1.566e-007,0.0016136
1.567e-007,0.00166498
1.568e-007,0.00172836
1.569e-007,0.00175406
1.57e-007,0.00172836
1.571e-007,0.00171637
1.572e-007,0.00171295
1.573e-007,0.00174721
1.574e-007,0.00179688
1.575e-007,0.00185855
1.576e-007,0.0019322
1.577e-007,0.00201271
1.578e-007,0.00202813
1.579e-007,0.00204526
1.58e-007,0.00204868
1.581e-007,0.0020504
1.582e-007,0.00206239
1.583e-007,0.00209665
1.584e-007,0.00213776
1.585e-007,0.00218401
1.586e-007,0.00224739
1.587e-007,0.0022354
1.588e-007,0.00223711
1.589e-007,0.00221313
1.59e-007,0.00223026
1.591e-007,0.00225766
1.592e-007,0.00231419
1.593e-007,0.0023947
1.594e-007,0.00244438
1.595e-007,0.00247007
1.596e-007,0.00247692
1.597e-007,0.00245808
1.598e-007,0.00245808
1.599e-007,0.00244951
1.6e-007,0.00247692
1.601e-007,0.0024872
1.602e-007,0.00251461
1.603e-007,0.00251632
1.604e-007,0.00251461
1.605e-007,0.00252831
1.606e-007,0.00253345
1.607e-007,0.00254544
1.608e-007,0.0025266
1.609e-007,0.00249576
1.61e-007,0.00247863
1.611e-007,0.00247178
1.612e-007,0.00247178
1.613e-007,0.00255914
1.614e-007,0.00264479
1.615e-007,0.00274243
1.616e-007,0.00280409
1.617e-007,0.00282465
1.618e-007,0.00282465
1.619e-007,0.00278354
1.62e-007,0.00270474
1.621e-007,0.00263965
1.622e-007,0.00257456
1.623e-007,0.00254886
1.624e-007,0.00255229
1.625e-007,0.00260025
1.626e-007,0.00266192
1.627e-007,0.00270646
1.628e-007,0.00274928
1.629e-007,0.00278354
1.63e-007,0.00280581
1.631e-007,0.00281951
1.632e-007,0.00283321
1.633e-007,0.00286405
1.634e-007,0.00289488
1.635e-007,0.00291715
1.636e-007,0.00294627
1.637e-007,0.00294113
1.638e-007,0.00294798
1.639e-007,0.00291372
1.64e-007,0.00284692
1.641e-007,0.00279724
1.642e-007,0.00274585
1.643e-007,0.00273386
1.644e-007,0.00274585
1.645e-007,0.00276298
1.646e-007,0.00283321
1.647e-007,0.00285034
1.648e-007,0.0028572
1.649e-007,0.00284692
1.65e-007,0.00281951
1.651e-007,0.00281095
1.652e-007,0.00281437
1.653e-007,0.00282636
1.654e-007,0.0028452
1.655e-007,0.0028709
1.656e-007,0.00288974
1.657e-007,0.00286405
1.658e-007,0.00280238
1.659e-007,0.00275613
1.66e-007,0.00271331
1.661e-007,0.00269618
1.662e-007,0.00270303
1.663e-007,0.00273215
1.664e-007,0.00278868
1.665e-007,0.00283664
1.666e-007,0.00283835
1.667e-007,0.00282465
1.668e-007,0.00280581
1.669e-007,0.00276127
1.67e-007,0.00270474
1.671e-007,0.00265335
1.672e-007,0.00262252
1.673e-007,0.00263109
1.674e-007,0.00264136
1.675e-007,0.00268419
1.676e-007,0.00269275
1.677e-007,0.00270646
1.678e-007,0.00269789
1.679e-007,0.00267562
1.68e-007,0.00266021
1.681e-007,0.00264822
1.682e-007,0.00266706
1.683e-007,0.00267562
1.684e-007,0.00266706
1.685e-007,0.0026191
1.686e-007,0.00255914
1.687e-007,0.00250947
1.688e-007,0.00248891
1.689e-007,0.00248206
1.69e-007,0.00251974
1.691e-007,0.00258141
1.692e-007,0.00260539
1.693e-007,0.00260539
1.694e-007,0.00258312
1.695e-007,0.00256428
1.696e-007,0.00254373
1.697e-007,0.00253859
1.698e-007,0.00254373
1.699e-007,0.00255058
1.7e-007,0.00255058
1.701e-007,0.00251974
1.702e-007,0.00248035
1.703e-007,0.00247521
1.704e-007,0.00247007
1.705e-007,0.00245637
1.706e-007,0.00244095
1.707e-007,0.00238271
1.708e-007,0.00230734
1.709e-007,0.00221313
1.71e-007,0.00213262
1.711e-007,0.00210864
1.712e-007,0.00214804
1.713e-007,0.002196
1.714e-007,0.00224739
1.715e-007,0.00225424
1.716e-007,0.0022354
1.717e-007,0.00216003
1.718e-007,0.00205211
1.719e-007,0.00193734
1.72e-007,0.00185855
1.721e-007,0.00181915
1.722e-007,0.0018123
1.723e-007,0.00185855
1.724e-007,0.00188082
1.725e-007,0.00189281
1.726e-007,0.00186197
1.727e-007,0.00178146
1.728e-007,0.00170952
1.729e-007,0.00166327
1.73e-007,0.00165642
1.731e-007,0.00170267
1.732e-007,0.00174378
1.733e-007,0.00177804
1.734e-007,0.00174378
1.735e-007,0.00168554
1.736e-007,0.00162387
1.737e-007,0.00157077
1.738e-007,0.00153137
1.739e-007,0.00153823
1.74e-007,0.00154165
1.741e-007,0.0015348
1.742e-007,0.00147656
1.743e-007,0.0013892
1.744e-007,0.00130698
1.745e-007,0.00126929
1.746e-007,0.00126073
1.747e-007,0.00126758
1.748e-007,0.00130013
1.749e-007,0.001283
1.75e-007,0.00126415
1.751e-007,0.00122133
1.752e-007,0.00116652
1.753e-007,0.00110828
1.754e-007,0.00111513
1.755e-007,0.00108601
1.756e-007,0.00107059
