LECROYWM8500,500500138,Waveform
Segments,1,SegmentSize,2002
Segment,TrigTime,TimeSinceSegment1
#1,21-Mar-2024 17:27:20,0                 
Time,Ampl
-2.45e-008,0.000231248
-2.44e-008,0.000241526
-2.43e-008,0.000244951
-2.42e-008,0.000236387
-2.41e-008,0.000231248
-2.4e-008,0.000205554
-2.39e-008,0.000179859
-2.38e-008,0.000181572
-2.37e-008,0.000190137
-2.36e-008,0.00020898
-2.35e-008,0.000239813
-2.34e-008,0.000298053
-2.33e-008,0.000327173
-2.32e-008,0.000332312
-2.31e-008,0.000316895
-2.3e-008,0.000263794
-2.29e-008,0.000205554
-2.28e-008,0.00016273
-2.27e-008,0.000143888
-2.26e-008,0.000198702
-2.25e-008,0.000280923
-2.24e-008,0.000364858
-2.23e-008,0.000378561
-2.22e-008,0.000332312
-2.21e-008,0.000256942
-2.2e-008,0.000171295
-2.19e-008,0.000111342
-2.18e-008,0.000102777
-2.17e-008,0.000113054
-2.16e-008,0.000142175
-2.15e-008,0.000131897
-2.14e-008,0.000109629
-2.13e-008,9.07862e-005
-2.12e-008,0.000107916
-2.11e-008,0.000150739
-2.1e-008,0.000205554
-2.09e-008,0.000244951
-2.08e-008,0.00027921
-2.07e-008,0.000311756
-2.06e-008,0.000303192
-2.05e-008,0.00029634
-2.04e-008,0.00030833
-2.03e-008,0.000310043
-2.02e-008,0.000274071
-2.01e-008,0.000226109
-2e-008,0.000143888
-1.99e-008,9.07862e-005
-1.98e-008,5.82402e-005
-1.97e-008,6.3379e-005
-1.96e-008,0.000119906
-1.95e-008,0.000179859
-1.94e-008,0.000268933
-1.93e-008,0.000322034
-1.92e-008,0.000352867
-1.91e-008,0.000323747
-1.9e-008,0.000274071
-1.89e-008,0.000212405
-1.88e-008,0.000155878
-1.87e-008,0.000135323
-1.86e-008,0.000173008
-1.85e-008,0.000215831
-1.84e-008,0.000256942
-1.83e-008,0.000286062
-1.82e-008,0.000263794
-1.81e-008,0.000212405
-1.8e-008,0.000152452
-1.79e-008,0.000130184
-1.78e-008,0.000128471
-1.77e-008,0.000142175
-1.76e-008,0.000166156
-1.75e-008,0.000205554
-1.74e-008,0.00025009
-1.73e-008,0.000275784
-1.72e-008,0.000301479
-1.71e-008,0.000306617
-1.7e-008,0.000282636
-1.69e-008,0.000258655
-1.68e-008,0.00020898
-1.67e-008,0.000181572
-1.66e-008,0.000183285
-1.65e-008,0.000181572
-1.64e-008,0.000184998
-1.63e-008,0.000166156
-1.62e-008,0.000128471
-1.61e-008,7.36567e-005
-1.6e-008,3.59719e-005
-1.59e-008,3.59719e-005
-1.58e-008,7.87956e-005
-1.57e-008,0.000159304
-1.56e-008,0.000294627
-1.55e-008,0.000371709
-1.54e-008,0.000392265
-1.53e-008,0.000342589
-1.52e-008,0.000246664
-1.51e-008,0.000173008
-1.5e-008,0.000143888
-1.49e-008,0.00016273
-1.48e-008,0.000174721
-1.47e-008,0.000210692
-1.46e-008,0.000226109
-1.45e-008,0.000190137
-1.44e-008,0.000157591
-1.43e-008,0.000152452
-1.42e-008,0.000186711
-1.41e-008,0.000196989
-1.4e-008,0.000188424
-1.39e-008,0.000152452
-1.38e-008,0.00011648
-1.37e-008,0.000101064
-1.36e-008,0.000137036
-1.35e-008,0.000243238
-1.34e-008,0.000358006
-1.33e-008,0.00044194
-1.32e-008,0.000457357
-1.31e-008,0.000380274
-1.3e-008,0.0002381
-1.29e-008,0.000126758
-1.28e-008,8.90732e-005
-1.27e-008,9.7638e-005
-1.26e-008,0.00019185
-1.25e-008,0.000286062
-1.24e-008,0.00035458
-1.23e-008,0.000364858
-1.22e-008,0.000332312
-1.21e-008,0.000291201
-1.2e-008,0.0002381
-1.19e-008,0.000253516
-1.18e-008,0.000289488
-1.17e-008,0.000359719
-1.16e-008,0.000407681
-1.15e-008,0.000428237
-1.14e-008,0.000474486
-1.13e-008,0.000483051
-1.12e-008,0.000474486
-1.11e-008,0.000474486
-1.1e-008,0.000464209
-1.09e-008,0.000472773
-1.08e-008,0.000477912
-1.07e-008,0.000495042
-1.06e-008,0.000525875
-1.05e-008,0.000590967
-1.04e-008,0.000637216
-1.03e-008,0.000671475
-1.02e-008,0.000716012
-1.01e-008,0.000702308
-1e-008,0.000683466
-9.9e-009,0.000669762
-9.8e-009,0.000671475
-9.7e-009,0.000702308
-9.6e-009,0.000751984
-9.5e-009,0.000803372
-9.4e-009,0.00085476
-9.3e-009,0.000873603
-9.2e-009,0.000863325
-9.1e-009,0.000844483
-9e-009,0.000829066
-8.9e-009,0.000817076
-8.8e-009,0.000846196
-8.7e-009,0.000892445
-8.6e-009,0.000966102
-8.5e-009,0.00103976
-8.4e-009,0.00109286
-8.3e-009,0.00107059
-8.2e-009,0.000969528
-8.1e-009,0.000851335
-8e-009,0.00073828
-7.9e-009,0.000702308
-7.8e-009,0.000736567
-7.7e-009,0.000794807
-7.6e-009,0.000832492
-7.5e-009,0.000799946
-7.4e-009,0.000690318
-7.3e-009,0.00048819
-7.2e-009,0.000291201
-7.1e-009,0.000123332
-7e-009,5.65272e-005
-6.9e-009,0.000125045
-6.8e-009,0.000270646
-6.7e-009,0.000465922
-6.6e-009,0.000642355
-6.5e-009,0.000716012
-6.4e-009,0.000693743
-6.3e-009,0.000594393
-6.2e-009,0.000460783
-6.1e-009,0.000318608
-6e-009,0.000224396
-5.9e-009,0.000166156
-5.8e-009,0.000184998
-5.7e-009,0.000262081
-5.6e-009,0.00045907
-5.5e-009,0.000817076
-5.4e-009,0.00139263
-5.3e-009,0.00223197
-5.2e-009,0.00337451
-5.1e-009,0.00476371
-5e-009,0.00633448
-4.9e-009,0.00796178
-4.8e-009,0.0095531
-4.7e-009,0.0110142
-4.6e-009,0.0123401
-4.5e-009,0.0135854
-4.4e-009,0.0147588
-4.3e-009,0.0159133
-4.2e-009,0.0169941
-4.1e-009,0.0179123
-4e-009,0.0185958
-3.9e-009,0.0189777
-3.8e-009,0.0189966
-3.7e-009,0.0186043
-3.6e-009,0.0178044
-3.5e-009,0.0166087
-3.4e-009,0.015139
-3.3e-009,0.0134261
-3.2e-009,0.0116086
-3.1e-009,0.00987343
-3e-009,0.00833349
-2.9e-009,0.00715498
-2.8e-009,0.00636874
-2.7e-009,0.00598846
-2.6e-009,0.00597818
-2.5e-009,0.00624027
-2.4e-009,0.00669934
-2.3e-009,0.00726118
-2.2e-009,0.00787099
-2.1e-009,0.00851677
-2e-009,0.0092088
-1.9e-009,0.00992139
-1.8e-009,0.0106631
-1.7e-009,0.0114288
-1.6e-009,0.0121448
-1.5e-009,0.0127717
-1.4e-009,0.0132873
-1.3e-009,0.0136539
-1.2e-009,0.013856
-1.1e-009,0.0139434
-1e-009,0.0139211
-9e-010,0.0138166
-8e-010,0.0135683
-7e-010,0.0131589
-6e-010,0.0125114
-5e-010,0.0116189
-4e-010,0.0104747
-3e-010,0.00915741
-2e-010,0.00776136
-1e-010,0.00640128
4.138488e-023,0.00524847
1e-010,0.00441769
2e-010,0.00396718
3e-010,0.00393121
4e-010,0.00417445
5e-010,0.0046969
6e-010,0.00534268
7e-010,0.0060998
8e-010,0.00688091
9e-010,0.00769284
1e-009,0.00848594
1.1e-009,0.00924477
1.2e-009,0.00994366
1.3e-009,0.0105929
1.4e-009,0.011165
1.5e-009,0.0116823
1.6e-009,0.0121088
1.7e-009,0.0123915
1.8e-009,0.0124994
1.9e-009,0.0123795
2e-009,0.0119923
2.1e-009,0.0114185
2.2e-009,0.0106494
2.3e-009,0.00973468
2.4e-009,0.00869663
2.5e-009,0.00757636
2.6e-009,0.00642698
2.7e-009,0.00531014
2.8e-009,0.00423783
2.9e-009,0.00335566
3e-009,0.00273386
3.1e-009,0.00240498
3.2e-009,0.00234845
3.3e-009,0.00255572
3.4e-009,0.00297881
3.5e-009,0.00354237
3.6e-009,0.00427038
3.7e-009,0.00507375
3.8e-009,0.00597305
3.9e-009,0.00690831
4e-009,0.00780761
4.1e-009,0.00863668
4.2e-009,0.0093407
4.3e-009,0.00987343
4.4e-009,0.0102503
4.5e-009,0.0103822
4.6e-009,0.0103291
4.7e-009,0.0100927
4.8e-009,0.009685
4.9e-009,0.00911116
5e-009,0.00836261
5.1e-009,0.00750271
5.2e-009,0.00651091
5.3e-009,0.00548999
5.4e-009,0.00446908
5.5e-009,0.00349784
5.6e-009,0.00260025
5.7e-009,0.001826
5.8e-009,0.00115453
5.9e-009,0.000700595
6e-009,0.000507032
6.1e-009,0.000611522
6.2e-009,0.00100379
6.3e-009,0.00168897
6.4e-009,0.00255229
6.5e-009,0.00354237
6.6e-009,0.00462496
6.7e-009,0.00575379
6.8e-009,0.00681068
6.9e-009,0.00782817
7e-009,0.00866066
7.1e-009,0.00926876
7.2e-009,0.00963704
7.3e-009,0.00971755
7.4e-009,0.00960107
7.5e-009,0.00926019
7.6e-009,0.00873774
7.7e-009,0.00801317
7.8e-009,0.00712928
7.9e-009,0.00612892
8e-009,0.0050669
8.1e-009,0.00398945
8.2e-009,0.00296854
8.3e-009,0.00206581
8.4e-009,0.00128814
8.5e-009,0.000616661
8.6e-009,0.000107916
8.7e-009,-0.000196989
8.8e-009,-0.000280923
8.9e-009,-0.000107916
9e-009,0.000320321
9.1e-009,0.000916427
9.2e-009,0.0016804
9.3e-009,0.00256942
9.4e-009,0.00352353
9.5e-009,0.00443482
9.6e-009,0.00532555
9.7e-009,0.00611693
9.8e-009,0.00679697
9.9e-009,0.00730229
1e-008,0.00763632
1.01e-008,0.00774081
1.02e-008,0.00760548
1.03e-008,0.0072766
1.04e-008,0.0067216
1.05e-008,0.00597305
1.06e-008,0.00512342
1.07e-008,0.00422413
1.08e-008,0.00331627
1.09e-008,0.00243752
1.1e-008,0.00159818
1.11e-008,0.000880455
1.12e-008,0.000260368
1.13e-008,-0.000205554
1.14e-008,-0.000513884
1.15e-008,-0.000693743
1.16e-008,-0.000758835
1.17e-008,-0.000692031
1.18e-008,-0.000474486
1.19e-008,-0.000101064
1.2e-008,0.000457357
1.21e-008,0.00118707
1.22e-008,0.00201614
1.23e-008,0.00290858
1.24e-008,0.00376848
1.25e-008,0.00454274
1.26e-008,0.00526217
1.27e-008,0.00591994
1.28e-008,0.00643212
1.29e-008,0.00678498
1.3e-008,0.00691859
1.31e-008,0.00681582
1.32e-008,0.00644924
1.33e-008,0.00588569
1.34e-008,0.00518166
1.35e-008,0.00433718
1.36e-008,0.00344816
1.37e-008,0.00254373
1.38e-008,0.00166841
1.39e-008,0.000849622
1.4e-008,0.000123332
1.41e-008,-0.00042995
1.42e-008,-0.000849622
1.43e-008,-0.00108772
1.44e-008,-0.00112027
1.45e-008,-0.000993509
1.46e-008,-0.000669762
1.47e-008,-0.000169582
1.48e-008,0.000498468
1.49e-008,0.00128814
1.5e-008,0.00215146
1.51e-008,0.00303534
1.52e-008,0.0038764
1.53e-008,0.00464722
1.54e-008,0.00529301
1.55e-008,0.0057949
1.56e-008,0.00614777
1.57e-008,0.00632934
1.58e-008,0.00636702
1.59e-008,0.00626596
1.6e-008,0.00599018
1.61e-008,0.00557564
1.62e-008,0.00499324
1.63e-008,0.00423269
1.64e-008,0.00333511
1.65e-008,0.002381
1.66e-008,0.00145087
1.67e-008,0.000638929
1.68e-008,-4.62496e-005
1.69e-008,-0.000570411
1.7e-008,-0.000935269
1.71e-008,-0.00112027
1.72e-008,-0.0011117
1.73e-008,-0.000935269
1.74e-008,-0.00057555
1.75e-008,-5.82402e-005
1.76e-008,0.000584115
1.77e-008,0.00130698
1.78e-008,0.00210521
1.79e-008,0.00288118
1.8e-008,0.0036126
1.81e-008,0.00427723
1.82e-008,0.00483565
1.83e-008,0.00529643
1.84e-008,0.00564245
1.85e-008,0.00581032
1.86e-008,0.00581545
1.87e-008,0.00564587
1.88e-008,0.00527416
1.89e-008,0.00474315
1.9e-008,0.00409908
1.91e-008,0.00337964
1.92e-008,0.00267391
1.93e-008,0.00194591
1.94e-008,0.0012299
1.95e-008,0.000585828
1.96e-008,-1.71295e-005
1.97e-008,-0.000465922
1.98e-008,-0.000772539
1.99e-008,-0.000931843
2e-008,-0.000883881
2.01e-008,-0.000697169
2.02e-008,-0.000380274
2.03e-008,3.59719e-005
2.04e-008,0.000573837
2.05e-008,0.00120934
2.06e-008,0.00189452
2.07e-008,0.00263794
2.08e-008,0.00334881
2.09e-008,0.00401172
2.1e-008,0.00454959
2.11e-008,0.00495213
2.12e-008,0.00524333
2.13e-008,0.00537351
2.14e-008,0.00535296
2.15e-008,0.00516967
2.16e-008,0.00484593
2.17e-008,0.00436973
2.18e-008,0.00376848
2.19e-008,0.00313812
2.2e-008,0.00245808
2.21e-008,0.0017866
2.22e-008,0.00117508
2.23e-008,0.000661197
2.24e-008,0.000243238
2.25e-008,-5.65272e-005
2.26e-008,-0.000231248
2.27e-008,-0.000260368
2.28e-008,-0.000171295
2.29e-008,4.79625e-005
2.3e-008,0.000315182
2.31e-008,0.000695456
2.32e-008,0.00112198
2.33e-008,0.00160161
2.34e-008,0.00213433
2.35e-008,0.00271673
2.36e-008,0.0033214
2.37e-008,0.00393806
2.38e-008,0.00446908
2.39e-008,0.00494185
2.4e-008,0.00531699
2.41e-008,0.00553967
2.42e-008,0.00560476
2.43e-008,0.00550541
2.44e-008,0.00525875
2.45e-008,0.00490074
2.46e-008,0.00446394
2.47e-008,0.00395862
2.48e-008,0.00341048
2.49e-008,0.00284178
2.5e-008,0.00226452
2.51e-008,0.00171466
2.52e-008,0.00122133
2.53e-008,0.000820502
2.54e-008,0.000541291
2.55e-008,0.000381987
2.56e-008,0.000344302
2.57e-008,0.000421385
2.58e-008,0.000596106
2.59e-008,0.00087189
2.6e-008,0.00124703
2.61e-008,0.00173008
2.62e-008,0.0022491
2.63e-008,0.00284863
2.64e-008,0.00343275
2.65e-008,0.00400487
2.66e-008,0.00449135
2.67e-008,0.00490417
2.68e-008,0.0052125
2.69e-008,0.00539236
2.7e-008,0.00543175
2.71e-008,0.00535125
2.72e-008,0.00511486
2.73e-008,0.00475
2.74e-008,0.00424297
2.75e-008,0.00364515
2.76e-008,0.00298567
2.77e-008,0.00227479
2.78e-008,0.00158105
2.79e-008,0.000955824
2.8e-008,0.000419672
2.81e-008,3.2546e-005
2.82e-008,-0.000215831
2.83e-008,-0.000322034
2.84e-008,-0.000294627
2.85e-008,-0.000142175
2.86e-008,8.73603e-005
2.87e-008,0.000387126
2.88e-008,0.00078453
2.89e-008,0.00124189
2.9e-008,0.00175063
2.91e-008,0.00226452
2.92e-008,0.00277326
2.93e-008,0.00320835
2.94e-008,0.00354066
2.95e-008,0.00371709
2.96e-008,0.00377533
2.97e-008,0.00371538
2.98e-008,0.00359205
2.99e-008,0.00346015
3e-008,0.00329571
3.01e-008,0.00309016
3.02e-008,0.00281095
3.03e-008,0.00242382
3.04e-008,0.00193392
3.05e-008,0.00141832
3.06e-008,0.000895871
3.07e-008,0.000435089
3.08e-008,4.11107e-005
3.09e-008,-0.00029634
3.1e-008,-0.000601244
3.11e-008,-0.000801659
3.12e-008,-0.000919852
3.13e-008,-0.000894158
3.14e-008,-0.000770826
3.15e-008,-0.000431663
3.16e-008,-3.42589e-005
3.17e-008,0.000428237
3.18e-008,0.000865038
3.19e-008,0.00125216
3.2e-008,0.0016136
3.21e-008,0.00190994
3.22e-008,0.00218743
3.23e-008,0.00242211
3.24e-008,0.00262766
3.25e-008,0.00275613
3.26e-008,0.00277497
3.27e-008,0.00267734
3.28e-008,0.00245979
3.29e-008,0.00209322
3.3e-008,0.00166498
3.31e-008,0.00118707
3.32e-008,0.000710873
3.33e-008,0.000243238
3.34e-008,-0.000179859
3.35e-008,-0.000594393
3.36e-008,-0.000990083
3.37e-008,-0.00135494
3.38e-008,-0.00167526
3.39e-008,-0.00187739
3.4e-008,-0.00194077
3.41e-008,-0.00184656
3.42e-008,-0.00161017
3.43e-008,-0.00129327
3.44e-008,-0.000923278
3.45e-008,-0.000572124
3.46e-008,-0.00022097
3.47e-008,0.000118193
3.48e-008,0.000481338
3.49e-008,0.000801659
3.5e-008,0.00108087
3.51e-008,0.00127272
3.52e-008,0.00135494
3.53e-008,0.00136179
3.54e-008,0.00127443
3.55e-008,0.001098
3.56e-008,0.000829066
3.57e-008,0.000503606
3.58e-008,0.000128471
3.59e-008,-0.000244951
3.6e-008,-0.000625226
3.61e-008,-0.000978093
3.62e-008,-0.0012967
3.63e-008,-0.00159989
3.64e-008,-0.00189109
3.65e-008,-0.00220114
3.66e-008,-0.00242725
3.67e-008,-0.00257456
3.68e-008,-0.00266021
3.69e-008,-0.00262595
3.7e-008,-0.0025266
3.71e-008,-0.00235188
3.72e-008,-0.00211378
3.73e-008,-0.00187225
3.74e-008,-0.00160674
3.75e-008,-0.00130184
3.76e-008,-0.00102263
3.77e-008,-0.000760548
3.78e-008,-0.000548143
3.79e-008,-0.000390552
3.8e-008,-0.000275784
3.81e-008,-0.000202128
3.82e-008,-0.000174721
3.83e-008,-0.000244951
3.84e-008,-0.00041282
3.85e-008,-0.000688605
3.86e-008,-0.0010055
3.87e-008,-0.00139091
3.88e-008,-0.00176434
3.89e-008,-0.00212063
3.9e-008,-0.00242725
3.91e-008,-0.00271673
3.92e-008,-0.00299937
3.93e-008,-0.00326316
3.94e-008,-0.00350812
3.95e-008,-0.00366742
3.96e-008,-0.00375478
3.97e-008,-0.00374793
3.98e-008,-0.00365885
3.99e-008,-0.00346358
4e-008,-0.00322548
4.01e-008,-0.00295312
4.02e-008,-0.00264993
4.03e-008,-0.00235016
4.04e-008,-0.00208466
4.05e-008,-0.00183628
4.06e-008,-0.00160161
4.07e-008,-0.00141147
4.08e-008,-0.00122476
4.09e-008,-0.00110828
4.1e-008,-0.00104147
4.11e-008,-0.00106374
4.12e-008,-0.00117166
4.13e-008,-0.00135494
4.14e-008,-0.00159304
4.15e-008,-0.00187054
4.16e-008,-0.00218058
4.17e-008,-0.00247692
4.18e-008,-0.00278183
4.19e-008,-0.00303705
4.2e-008,-0.00327858
4.21e-008,-0.00345844
4.22e-008,-0.00360404
4.23e-008,-0.00366913
4.24e-008,-0.00365714
4.25e-008,-0.00358006
4.26e-008,-0.00343788
4.27e-008,-0.0032683
4.28e-008,-0.00308159
4.29e-008,-0.00290002
4.3e-008,-0.00269104
4.31e-008,-0.00248891
4.32e-008,-0.00227479
4.33e-008,-0.00202984
4.34e-008,-0.00179517
4.35e-008,-0.00159475
4.36e-008,-0.00146114
4.37e-008,-0.00140633
4.38e-008,-0.00144401
4.39e-008,-0.00155364
4.4e-008,-0.0017335
4.41e-008,-0.00194419
4.42e-008,-0.00212577
4.43e-008,-0.00230734
4.44e-008,-0.00249234
4.45e-008,-0.00268247
4.46e-008,-0.00288974
4.47e-008,-0.00310557
4.48e-008,-0.00334196
4.49e-008,-0.00357663
4.5e-008,-0.00375649
4.51e-008,-0.00388496
4.52e-008,-0.00393293
4.53e-008,-0.00389695
4.54e-008,-0.00381987
4.55e-008,-0.00366571
4.56e-008,-0.00347728
4.57e-008,-0.00326659
4.58e-008,-0.00307131
4.59e-008,-0.0028452
4.6e-008,-0.00262937
4.61e-008,-0.00244266
4.62e-008,-0.00225766
4.63e-008,-0.00211549
4.64e-008,-0.00196989
4.65e-008,-0.00187739
4.66e-008,-0.00182771
4.67e-008,-0.00185512
4.68e-008,-0.00193049
4.69e-008,-0.00206924
4.7e-008,-0.00225424
4.71e-008,-0.00242382
4.72e-008,-0.00258655
4.73e-008,-0.00273558
4.74e-008,-0.00287775
4.75e-008,-0.00300622
4.76e-008,-0.00315182
4.77e-008,-0.00323918
4.78e-008,-0.00330256
4.79e-008,-0.00331113
4.8e-008,-0.00327002
4.81e-008,-0.00318094
4.82e-008,-0.00306446
4.83e-008,-0.00288974
4.84e-008,-0.00272872
4.85e-008,-0.00253345
4.86e-008,-0.00233303
4.87e-008,-0.00215146
4.88e-008,-0.00199044
4.89e-008,-0.00185683
4.9e-008,-0.0017061
4.91e-008,-0.00157077
4.92e-008,-0.00140633
4.93e-008,-0.00126244
4.94e-008,-0.00117679
4.95e-008,-0.00114254
4.96e-008,-0.00118022
4.97e-008,-0.00128128
4.98e-008,-0.00141832
4.99e-008,-0.00155878
5e-008,-0.00168725
5.01e-008,-0.00179859
5.02e-008,-0.0019048
5.03e-008,-0.00198359
5.04e-008,-0.00205211
5.05e-008,-0.00212748
5.06e-008,-0.00218401
5.07e-008,-0.00218401
5.08e-008,-0.00217544
5.09e-008,-0.0021172
5.1e-008,-0.00200929
5.11e-008,-0.00188938
5.12e-008,-0.00177461
5.13e-008,-0.00162387
5.14e-008,-0.00145087
5.15e-008,-0.00126073
5.16e-008,-0.00105004
5.17e-008,-0.000830779
5.18e-008,-0.000609809
5.19e-008,-0.000440227
5.2e-008,-0.000332312
5.21e-008,-0.000251803
5.22e-008,-0.00022097
5.23e-008,-0.000229535
5.24e-008,-0.000306617
5.25e-008,-0.000366571
5.26e-008,-0.000447079
5.27e-008,-0.000512171
5.28e-008,-0.00054643
5.29e-008,-0.000568698
5.3e-008,-0.000584115
5.31e-008,-0.000578976
5.32e-008,-0.000584115
5.33e-008,-0.00063379
5.34e-008,-0.000657772
5.35e-008,-0.000705734
5.36e-008,-0.000745132
5.37e-008,-0.000753697
5.38e-008,-0.000736567
5.39e-008,-0.000654346
5.4e-008,-0.000519023
5.41e-008,-0.000380274
5.42e-008,-0.000217544
5.43e-008,-4.96755e-005
5.44e-008,8.73603e-005
5.45e-008,0.000181572
5.46e-008,0.00029634
5.47e-008,0.00041282
5.48e-008,0.000548143
5.49e-008,0.000654346
5.5e-008,0.000704021
5.51e-008,0.000690318
5.52e-008,0.000630364
5.53e-008,0.000534439
5.54e-008,0.000440227
5.55e-008,0.000375135
5.56e-008,0.000318608
5.57e-008,0.000304905
5.58e-008,0.000316895
5.59e-008,0.000287775
5.6e-008,0.000246664
5.61e-008,0.000184998
5.62e-008,0.000142175
5.63e-008,9.7638e-005
5.64e-008,9.93509e-005
5.65e-008,0.000130184
5.66e-008,0.000226109
5.67e-008,0.000364858
5.68e-008,0.000527588
5.69e-008,0.000726289
5.7e-008,0.000919852
5.71e-008,0.00110314
5.72e-008,0.00121105
5.73e-008,0.00129841
5.74e-008,0.0013755
5.75e-008,0.00145087
5.76e-008,0.00155364
5.77e-008,0.00167869
5.78e-008,0.00181744
5.79e-008,0.00191679
5.8e-008,0.00198873
5.81e-008,0.00194077
5.82e-008,0.00188938
5.83e-008,0.00178146
5.84e-008,0.00167184
5.85e-008,0.00160846
5.86e-008,0.00158276
5.87e-008,0.00160332
5.88e-008,0.00164443
5.89e-008,0.00165128
5.9e-008,0.00166498
5.91e-008,0.00167697
5.92e-008,0.00170267
5.93e-008,0.00174892
5.94e-008,0.00184142
5.95e-008,0.00194591
5.96e-008,0.00207267
5.97e-008,0.00222854
5.98e-008,0.00236901
5.99e-008,0.00249405
6e-008,0.0026191
6.01e-008,0.00270817
6.02e-008,0.0027921
6.03e-008,0.00285034
6.04e-008,0.00292571
6.05e-008,0.00300965
6.06e-008,0.00308502
6.07e-008,0.00313983
6.08e-008,0.00310729
6.09e-008,0.00307645
6.1e-008,0.00299594
6.11e-008,0.00289488
6.12e-008,0.00282979
6.13e-008,0.00274928
6.14e-008,0.00267734
6.15e-008,0.0026722
6.16e-008,0.00266535
6.17e-008,0.00267391
6.18e-008,0.0026996
6.19e-008,0.00273386
6.2e-008,0.00275784
6.21e-008,0.00277155
6.22e-008,0.0027784
6.23e-008,0.0027784
6.24e-008,0.00280581
6.25e-008,0.00285206
6.26e-008,0.0029377
6.27e-008,0.00301821
6.28e-008,0.00310215
6.29e-008,0.0031621
6.3e-008,0.00323233
6.31e-008,0.0032289
6.32e-008,0.00321863
6.33e-008,0.00319122
6.34e-008,0.00316039
6.35e-008,0.00312099
6.36e-008,0.00313641
6.37e-008,0.00315525
6.38e-008,0.00320664
6.39e-008,0.00325974
6.4e-008,0.00327515
6.41e-008,0.0032409
6.42e-008,0.00315354
6.43e-008,0.00300451
6.44e-008,0.0028452
6.45e-008,0.00271673
6.46e-008,0.00264479
6.47e-008,0.00260711
6.48e-008,0.00261396
6.49e-008,0.00264822
6.5e-008,0.00268076
6.51e-008,0.00268247
6.52e-008,0.00265678
6.53e-008,0.0026328
6.54e-008,0.0026465
6.55e-008,0.00269275
6.56e-008,0.00278868
6.57e-008,0.00290858
6.58e-008,0.00300108
6.59e-008,0.00305247
6.6e-008,0.0030559
6.61e-008,0.0030028
6.62e-008,0.00290858
6.63e-008,0.0028178
6.64e-008,0.0027253
6.65e-008,0.00266363
6.66e-008,0.00262766
6.67e-008,0.00260025
6.68e-008,0.00258655
6.69e-008,0.00257113
6.7e-008,0.00252831
6.71e-008,0.00250775
6.72e-008,0.00249748
6.73e-008,0.00246664
6.74e-008,0.00244266
6.75e-008,0.00241526
6.76e-008,0.00240669
6.77e-008,0.0023553
6.78e-008,0.00230563
6.79e-008,0.00225424
6.8e-008,0.00220285
6.81e-008,0.00218058
6.82e-008,0.00216516
6.83e-008,0.0021566
6.84e-008,0.00217716
6.85e-008,0.00218401
6.86e-008,0.00217716
6.87e-008,0.00213433
6.88e-008,0.00209665
6.89e-008,0.0020247
6.9e-008,0.0019973
6.91e-008,0.0019716
6.92e-008,0.00195447
6.93e-008,0.00196989
6.94e-008,0.0019716
6.95e-008,0.00195961
6.96e-008,0.00190994
6.97e-008,0.00180545
6.98e-008,0.0016804
6.99e-008,0.00154165
7e-008,0.00140633
7.01e-008,0.00131554
7.02e-008,0.00128985
7.03e-008,0.001283
7.04e-008,0.0013104
7.05e-008,0.00133096
7.06e-008,0.00133096
7.07e-008,0.00126758
7.08e-008,0.00117851
7.09e-008,0.00110485
7.1e-008,0.00101749
7.11e-008,0.000945547
7.12e-008,0.000887306
7.13e-008,0.000878742
7.14e-008,0.000883881
7.15e-008,0.000924991
7.16e-008,0.000940408
7.17e-008,0.00093013
7.18e-008,0.000885594
7.19e-008,0.00082564
7.2e-008,0.0007674
7.21e-008,0.000704021
7.22e-008,0.000649207
7.23e-008,0.000577263
7.24e-008,0.000498468
7.25e-008,0.00041282
7.26e-008,0.00035458
7.27e-008,0.000263794
7.28e-008,0.000173008
7.29e-008,0.000101064
7.3e-008,4.45366e-005
7.31e-008,1.54165e-005
7.32e-008,4.28237e-005
7.33e-008,8.56473e-005
7.34e-008,0.000140462
7.35e-008,0.000173008
7.36e-008,0.000173008
7.37e-008,0.000130184
7.38e-008,9.07862e-005
7.39e-008,4.96755e-005
7.4e-008,5.99531e-005
7.41e-008,4.96755e-005
7.42e-008,5.99531e-005
7.43e-008,5.99531e-005
7.44e-008,5.31014e-005
7.45e-008,1.02777e-005
7.46e-008,-5.99531e-005
7.47e-008,-0.000111342
7.48e-008,-0.000195276
7.49e-008,-0.000239813
7.5e-008,-0.000274071
7.51e-008,-0.000303192
7.52e-008,-0.00030833
7.53e-008,-0.000284349
7.54e-008,-0.000256942
7.55e-008,-0.000219257
7.56e-008,-0.00020898
7.57e-008,-0.000205554
7.58e-008,-0.000274071
7.59e-008,-0.000375135
7.6e-008,-0.000491616
7.61e-008,-0.000551569
7.62e-008,-0.000527588
7.63e-008,-0.000433376
7.64e-008,-0.000286062
7.65e-008,-0.000190137
7.66e-008,-0.000147313
7.67e-008,-0.00016273
7.68e-008,-0.000214118
7.69e-008,-0.000275784
7.7e-008,-0.000272359
7.71e-008,-0.000234674
7.72e-008,-0.000131897
7.73e-008,-4.62496e-005
7.74e-008,1.19906e-005
7.75e-008,4.96755e-005
7.76e-008,2.91201e-005
7.77e-008,-1.88424e-005
7.78e-008,-6.5092e-005
7.79e-008,-0.000102777
7.8e-008,-0.000106203
7.81e-008,-8.39344e-005
7.82e-008,-8.73603e-005
7.83e-008,-6.68049e-005
7.84e-008,-7.53697e-005
7.85e-008,-6.16661e-005
7.86e-008,-2.74071e-005
7.87e-008,-6.85179e-006
7.88e-008,1.02777e-005
7.89e-008,3.2546e-005
7.9e-008,3.93978e-005
7.91e-008,4.28237e-005
7.92e-008,7.53697e-005
7.93e-008,0.000109629
7.94e-008,0.000173008
7.95e-008,0.000262081
7.96e-008,0.000327173
7.97e-008,0.000393978
7.98e-008,0.000436801
7.99e-008,0.000450505
8e-008,0.000474486
8.01e-008,0.000493329
8.02e-008,0.000507032
8.03e-008,0.000520736
8.04e-008,0.000553282
8.05e-008,0.000561847
8.06e-008,0.000554995
8.07e-008,0.000558421
8.08e-008,0.000582402
8.09e-008,0.000614948
8.1e-008,0.00065092
8.11e-008,0.000697169
8.12e-008,0.000743419
8.13e-008,0.000803372
8.14e-008,0.000870177
8.15e-008,0.000904436
8.16e-008,0.000931843
8.17e-008,0.000904436
8.18e-008,0.000904436
8.19e-008,0.000936982
8.2e-008,0.00102777
8.21e-008,0.00116138
8.22e-008,0.00132925
8.23e-008,0.001456
8.24e-008,0.00152624
8.25e-008,0.00155536
8.26e-008,0.00153137
8.27e-008,0.00154165
8.28e-008,0.00156049
8.29e-008,0.00159989
8.3e-008,0.00163073
8.31e-008,0.0016667
8.32e-008,0.00169239
8.33e-008,0.00170952
8.34e-008,0.00173864
8.35e-008,0.00179688
8.36e-008,0.00182943
8.37e-008,0.00188424
8.38e-008,0.00193734
8.39e-008,0.00200586
8.4e-008,0.00206581
8.41e-008,0.00211892
8.42e-008,0.00216859
8.43e-008,0.0022628
8.44e-008,0.00237414
8.45e-008,0.00248377
8.46e-008,0.00262423
8.47e-008,0.00276298
8.48e-008,0.00286576
8.49e-008,0.00294113
8.5e-008,0.00294627
8.51e-008,0.00294969
8.52e-008,0.00295312
8.53e-008,0.00298567
8.54e-008,0.00304733
8.55e-008,0.00314154
8.56e-008,0.00319293
8.57e-008,0.0032546
8.58e-008,0.00331284
8.59e-008,0.00334025
8.6e-008,0.00336765
8.61e-008,0.00340534
8.62e-008,0.00342932
8.63e-008,0.00344474
8.64e-008,0.00345844
8.65e-008,0.00348071
8.66e-008,0.0035321
8.67e-008,0.00364515
8.68e-008,0.0037702
8.69e-008,0.00391408
8.7e-008,0.00405797
8.71e-008,0.00418473
8.72e-008,0.00425325
8.73e-008,0.00430464
8.74e-008,0.00434575
8.75e-008,0.00433889
8.76e-008,0.00438857
8.77e-008,0.00442112
8.78e-008,0.00447764
8.79e-008,0.00454959
8.8e-008,0.00459755
8.81e-008,0.00462667
8.82e-008,0.00467292
8.83e-008,0.00471232
8.84e-008,0.00479283
8.85e-008,0.00491444
8.86e-008,0.00503949
8.87e-008,0.0051337
8.88e-008,0.00521764
8.89e-008,0.00524162
8.9e-008,0.00525875
8.91e-008,0.00523819
8.92e-008,0.0052399
8.93e-008,0.00525875
8.94e-008,0.00530671
8.95e-008,0.00537523
8.96e-008,0.00546944
8.97e-008,0.00560819
8.98e-008,0.00571268
8.99e-008,0.00581203
9e-008,0.0059011
9.01e-008,0.00596791
9.02e-008,0.00601073
9.03e-008,0.00602443
9.04e-008,0.00604328
9.05e-008,0.00603129
9.06e-008,0.00602443
9.07e-008,0.00603129
9.08e-008,0.00605355
9.09e-008,0.00612721
9.1e-008,0.00622656
9.11e-008,0.00630536
9.12e-008,0.00637388
9.13e-008,0.0064167
9.14e-008,0.0064167
9.15e-008,0.00642184
9.16e-008,0.00642355
9.17e-008,0.00643725
9.18e-008,0.0064698
9.19e-008,0.0064835
9.2e-008,0.00650063
9.21e-008,0.00651605
9.22e-008,0.00651948
9.23e-008,0.00653661
9.24e-008,0.00655373
9.25e-008,0.00661369
9.26e-008,0.00664795
9.27e-008,0.00671475
9.28e-008,0.00678498
9.29e-008,0.0068141
9.3e-008,0.0068535
9.31e-008,0.00687234
9.32e-008,0.00691688
9.33e-008,0.00695799
9.34e-008,0.00702308
9.35e-008,0.00704706
9.36e-008,0.00706419
9.37e-008,0.00705563
9.38e-008,0.00702651
9.39e-008,0.00700081
9.4e-008,0.00702308
9.41e-008,0.00707618
9.42e-008,0.00716697
9.43e-008,0.00723035
9.44e-008,0.00723377
9.45e-008,0.00721493
9.46e-008,0.00718581
9.47e-008,0.00716697
9.48e-008,0.00717211
9.49e-008,0.00719609
9.5e-008,0.00721151
9.51e-008,0.00720465
9.52e-008,0.0071841
9.53e-008,0.00718067
9.54e-008,0.00718753
9.55e-008,0.00722692
9.56e-008,0.00724577
9.57e-008,0.00727317
9.58e-008,0.00723377
9.59e-008,0.00720465
9.6e-008,0.00716697
9.61e-008,0.00716526
9.62e-008,0.00721322
9.63e-008,0.00727489
9.64e-008,0.00733826
9.65e-008,0.00734854
9.66e-008,0.00733655
9.67e-008,0.0072509
9.68e-008,0.00717896
9.69e-008,0.00712415
9.7e-008,0.0071053
9.71e-008,0.00713271
9.72e-008,0.00714984
9.73e-008,0.00715327
9.74e-008,0.00714128
9.75e-008,0.00711044
9.76e-008,0.00708989
9.77e-008,0.00712072
9.78e-008,0.00715669
9.79e-008,0.0071978
9.8e-008,0.00721151
9.81e-008,0.00719095
9.82e-008,0.00711558
9.83e-008,0.00701966
9.84e-008,0.00696313
9.85e-008,0.00691859
9.86e-008,0.00691003
9.87e-008,0.00692373
9.88e-008,0.00693058
9.89e-008,0.00699396
9.9e-008,0.00702137
9.91e-008,0.00701623
9.92e-008,0.00699225
9.93e-008,0.00695114
9.94e-008,0.00690489
9.95e-008,0.0068929
9.96e-008,0.00688433
9.97e-008,0.00690489
9.98e-008,0.00691003
9.99e-008,0.00687234
1e-007,0.00681068
1.001e-007,0.00676271
1.002e-007,0.00673702
1.003e-007,0.00675415
1.004e-007,0.00680725
1.005e-007,0.00686378
1.006e-007,0.00692202
1.007e-007,0.00692887
1.008e-007,0.00688262
1.009e-007,0.00678327
1.01e-007,0.00668734
1.011e-007,0.00660684
1.012e-007,0.00654517
1.013e-007,0.00651605
1.014e-007,0.00650406
1.015e-007,0.00647323
1.016e-007,0.00645096
1.017e-007,0.00642184
1.018e-007,0.00638587
1.019e-007,0.00636702
1.02e-007,0.00635332
1.021e-007,0.00634818
1.022e-007,0.00631392
1.023e-007,0.00624883
1.024e-007,0.00621115
1.025e-007,0.00619059
1.026e-007,0.0061649
1.027e-007,0.00618374
1.028e-007,0.00617346
1.029e-007,0.00615291
1.03e-007,0.00611522
1.031e-007,0.00608267
1.032e-007,0.00605355
1.033e-007,0.00603985
1.034e-007,0.00605355
1.035e-007,0.00606383
1.036e-007,0.0060467
1.037e-007,0.00600217
1.038e-007,0.00594393
1.039e-007,0.00584971
1.04e-007,0.00577777
1.041e-007,0.00573837
1.042e-007,0.00571953
1.043e-007,0.00568184
1.044e-007,0.00565101
1.045e-007,0.00560305
1.046e-007,0.00554481
1.047e-007,0.00549513
1.048e-007,0.00543004
1.049e-007,0.00541291
1.05e-007,0.00537523
1.051e-007,0.00534782
1.052e-007,0.00532555
1.053e-007,0.00527074
1.054e-007,0.00525875
1.055e-007,0.00522963
1.056e-007,0.00519879
1.057e-007,0.00513713
1.058e-007,0.00506347
1.059e-007,0.00496926
1.06e-007,0.00486134
1.061e-007,0.00473801
1.062e-007,0.00466093
1.063e-007,0.00461297
1.064e-007,0.00457014
1.065e-007,0.00454445
1.066e-007,0.00454274
1.067e-007,0.00449991
1.068e-007,0.00442625
1.069e-007,0.00433889
1.07e-007,0.00422413
1.071e-007,0.00414533
1.072e-007,0.00408024
1.073e-007,0.00405968
1.074e-007,0.0040888
1.075e-007,0.00411964
1.076e-007,0.00414362
1.077e-007,0.00409052
1.078e-007,0.00399631
1.079e-007,0.0038627
1.08e-007,0.00374793
1.081e-007,0.00365029
1.082e-007,0.00358177
1.083e-007,0.00357835
1.084e-007,0.00357663
1.085e-007,0.00354066
1.086e-007,0.00346015
1.087e-007,0.00333682
1.088e-007,0.00318266
1.089e-007,0.00302164
1.09e-007,0.00289317
1.091e-007,0.00282122
1.092e-007,0.00275271
1.093e-007,0.00271845
1.094e-007,0.00270474
1.095e-007,0.00270988
1.096e-007,0.00267905
1.097e-007,0.00263623
1.098e-007,0.0025797
1.099e-007,0.00251289
1.1e-007,0.00245637
1.101e-007,0.002381
1.102e-007,0.00230734
1.103e-007,0.00224739
1.104e-007,0.00220799
1.105e-007,0.00217202
1.106e-007,0.00209493
1.107e-007,0.00202984
1.108e-007,0.00194419
1.109e-007,0.00184998
1.11e-007,0.00176605
1.111e-007,0.00168383
1.112e-007,0.00162216
1.113e-007,0.00154337
1.114e-007,0.00147827
1.115e-007,0.00142688
1.116e-007,0.00136008
1.117e-007,0.0013104
1.118e-007,0.00124531
1.119e-007,0.00117337
1.12e-007,0.00110828
1.121e-007,0.00105175
1.122e-007,0.00103462
1.123e-007,0.00104318
1.124e-007,0.00103462
1.125e-007,0.00100721
1.126e-007,0.000931843
1.127e-007,0.00081365
1.128e-007,0.00070916
1.129e-007,0.000590967
1.13e-007,0.000527588
1.131e-007,0.000495042
1.132e-007,0.000520736
1.133e-007,0.000524162
1.134e-007,0.000539578
1.135e-007,0.000524162
1.136e-007,0.000489903
1.137e-007,0.000428237
1.138e-007,0.000347728
1.139e-007,0.000262081
1.14e-007,0.000164443
1.141e-007,5.65272e-005
1.142e-007,-5.13884e-005
1.143e-007,-0.000154165
1.144e-007,-0.00025009
1.145e-007,-0.000340876
1.146e-007,-0.000363145
1.147e-007,-0.000402543
1.148e-007,-0.000450505
1.149e-007,-0.000512171
1.15e-007,-0.000601244
1.151e-007,-0.000695456
1.152e-007,-0.000775965
1.153e-007,-0.000830779
1.154e-007,-0.000913001
1.155e-007,-0.000926704
1.156e-007,-0.000983232
1.157e-007,-0.0010055
1.158e-007,-0.00102948
1.159e-007,-0.00106374
1.16e-007,-0.00108087
1.161e-007,-0.00111855
1.162e-007,-0.00115795
1.163e-007,-0.00116994
1.164e-007,-0.00116823
1.165e-007,-0.00119564
1.166e-007,-0.00122476
1.167e-007,-0.00124874
1.168e-007,-0.00130869
1.169e-007,-0.00130355
1.17e-007,-0.00131726
1.171e-007,-0.00132068
1.172e-007,-0.00132068
1.173e-007,-0.00135837
1.174e-007,-0.00143888
1.175e-007,-0.00153137
1.176e-007,-0.00162045
1.177e-007,-0.00166841
1.178e-007,-0.00169924
1.179e-007,-0.00171637
1.18e-007,-0.00169924
1.181e-007,-0.00170781
1.182e-007,-0.00169239
1.183e-007,-0.0017061
1.184e-007,-0.00170781
1.185e-007,-0.00172322
1.186e-007,-0.00173693
1.187e-007,-0.0017592
1.188e-007,-0.00175406
1.189e-007,-0.00180545
1.19e-007,-0.00186883
1.191e-007,-0.00193906
1.192e-007,-0.00202813
1.193e-007,-0.00206581
1.194e-007,-0.00210179
1.195e-007,-0.00211378
1.196e-007,-0.00208808
1.197e-007,-0.00209151
1.198e-007,-0.00213433
1.199e-007,-0.00221313
1.2e-007,-0.00227651
1.201e-007,-0.00232789
1.202e-007,-0.00232618
1.203e-007,-0.00230391
1.204e-007,-0.00227308
1.205e-007,-0.00226794
1.206e-007,-0.00230049
1.207e-007,-0.00236387
1.208e-007,-0.00243238
1.209e-007,-0.00249576
1.21e-007,-0.002554
1.211e-007,-0.002554
1.212e-007,-0.0025266
1.213e-007,-0.00252831
1.214e-007,-0.00253345
1.215e-007,-0.00256771
1.216e-007,-0.00258826
1.217e-007,-0.0026191
1.218e-007,-0.00262766
1.219e-007,-0.00264136
1.22e-007,-0.00267391
1.221e-007,-0.00271845
1.222e-007,-0.00277497
1.223e-007,-0.00280923
1.224e-007,-0.00283664
1.225e-007,-0.00285891
1.226e-007,-0.00285548
1.227e-007,-0.0028315
1.228e-007,-0.0027921
1.229e-007,-0.00278868
1.23e-007,-0.00278011
1.231e-007,-0.00278183
1.232e-007,-0.00280409
1.233e-007,-0.00278696
1.234e-007,-0.00276127
1.235e-007,-0.00274243
1.236e-007,-0.00271845
1.237e-007,-0.00272187
1.238e-007,-0.00274928
1.239e-007,-0.00275442
1.24e-007,-0.00276812
1.241e-007,-0.00277497
1.242e-007,-0.00277326
1.243e-007,-0.00276812
1.244e-007,-0.00278868
1.245e-007,-0.00281608
1.246e-007,-0.00285206
1.247e-007,-0.00287261
1.248e-007,-0.00286919
1.249e-007,-0.00285034
1.25e-007,-0.00284178
1.251e-007,-0.00278525
1.252e-007,-0.00275613
1.253e-007,-0.00272701
1.254e-007,-0.00271159
1.255e-007,-0.00277497
1.256e-007,-0.0028315
1.257e-007,-0.00286747
1.258e-007,-0.00287775
1.259e-007,-0.00283493
1.26e-007,-0.00275784
1.261e-007,-0.0026859
1.262e-007,-0.00264479
1.263e-007,-0.0026191
1.264e-007,-0.00263451
1.265e-007,-0.00265335
1.266e-007,-0.00264822
1.267e-007,-0.00260539
1.268e-007,-0.0025797
1.269e-007,-0.00251461
1.27e-007,-0.00250433
1.271e-007,-0.00249919
1.272e-007,-0.00248891
1.273e-007,-0.00248891
1.274e-007,-0.0025009
1.275e-007,-0.00250433
1.276e-007,-0.00251803
1.277e-007,-0.00252831
1.278e-007,-0.00250604
1.279e-007,-0.00247178
1.28e-007,-0.00241354
1.281e-007,-0.00231762
1.282e-007,-0.00225595
1.283e-007,-0.00224396
1.284e-007,-0.00224053
1.285e-007,-0.00226109
1.286e-007,-0.00226452
1.287e-007,-0.00222683
1.288e-007,-0.00217202
1.289e-007,-0.00211892
1.29e-007,-0.00209665
1.291e-007,-0.0021172
1.292e-007,-0.00218401
1.293e-007,-0.00224225
1.294e-007,-0.00229535
1.295e-007,-0.00230734
1.296e-007,-0.00226109
1.297e-007,-0.00221827
1.298e-007,-0.00214632
1.299e-007,-0.00209493
1.3e-007,-0.00209665
1.301e-007,-0.00215317
1.302e-007,-0.00222169
1.303e-007,-0.00228336
1.304e-007,-0.00233817
1.305e-007,-0.00230049
1.306e-007,-0.00227137
1.307e-007,-0.00220114
1.308e-007,-0.0021429
1.309e-007,-0.00210007
1.31e-007,-0.00211892
1.311e-007,-0.00218401
1.312e-007,-0.00224396
1.313e-007,-0.00231248
1.314e-007,-0.00234845
1.315e-007,-0.00232789
1.316e-007,-0.00227137
1.317e-007,-0.00218058
1.318e-007,-0.00214461
1.319e-007,-0.00213604
1.32e-007,-0.00220114
1.321e-007,-0.00224567
1.322e-007,-0.00229364
1.323e-007,-0.00228678
1.324e-007,-0.00226623
1.325e-007,-0.00223368
1.326e-007,-0.00218229
1.327e-007,-0.00220285
1.328e-007,-0.00221827
1.329e-007,-0.00225938
1.33e-007,-0.00230734
1.331e-007,-0.00234674
1.332e-007,-0.00239984
1.333e-007,-0.00248206
1.334e-007,-0.00255914
1.335e-007,-0.00261567
1.336e-007,-0.00264993
1.337e-007,-0.00265678
1.338e-007,-0.00262766
1.339e-007,-0.00262595
1.34e-007,-0.00263794
1.341e-007,-0.00264136
1.342e-007,-0.00266192
1.343e-007,-0.00265849
1.344e-007,-0.00262423
1.345e-007,-0.0025934
1.346e-007,-0.00257627
1.347e-007,-0.00258312
1.348e-007,-0.00262937
1.349e-007,-0.0026859
1.35e-007,-0.00272359
1.351e-007,-0.00275271
1.352e-007,-0.00278183
1.353e-007,-0.00277155
1.354e-007,-0.00278354
1.355e-007,-0.00280238
1.356e-007,-0.00285034
1.357e-007,-0.00291544
1.358e-007,-0.00296511
1.359e-007,-0.00299423
1.36e-007,-0.00302678
1.361e-007,-0.00305076
1.362e-007,-0.0030696
1.363e-007,-0.0030833
1.364e-007,-0.00310043
1.365e-007,-0.00309872
1.366e-007,-0.00310043
1.367e-007,-0.00306789
1.368e-007,-0.00302164
1.369e-007,-0.00300108
1.37e-007,-0.00301479
1.371e-007,-0.00306446
1.372e-007,-0.00310729
1.373e-007,-0.00316895
1.374e-007,-0.00320835
1.375e-007,-0.00325631
1.376e-007,-0.00328029
1.377e-007,-0.00328201
1.378e-007,-0.00328886
1.379e-007,-0.00331455
1.38e-007,-0.00331455
1.381e-007,-0.00333682
1.382e-007,-0.00334881
1.383e-007,-0.00336594
1.384e-007,-0.00340705
1.385e-007,-0.00345159
1.386e-007,-0.00347557
1.387e-007,-0.00351325
1.388e-007,-0.00354066
1.389e-007,-0.0035458
1.39e-007,-0.00353724
1.391e-007,-0.0035064
1.392e-007,-0.00347728
1.393e-007,-0.00344302
1.394e-007,-0.00341048
1.395e-007,-0.00338307
1.396e-007,-0.00340705
1.397e-007,-0.00345673
1.398e-007,-0.00350812
1.399e-007,-0.00359205
1.4e-007,-0.00364344
1.401e-007,-0.00365714
1.402e-007,-0.003652
1.403e-007,-0.00363145
1.404e-007,-0.00360404
1.405e-007,-0.00360404
1.406e-007,-0.003652
1.407e-007,-0.00372223
1.408e-007,-0.0037839
1.409e-007,-0.00379075
1.41e-007,-0.00373422
1.411e-007,-0.00365885
1.412e-007,-0.00354409
1.413e-007,-0.00346529
1.414e-007,-0.00346015
1.415e-007,-0.00349784
1.416e-007,-0.00355608
1.417e-007,-0.00360404
1.418e-007,-0.003652
1.419e-007,-0.00366399
1.42e-007,-0.00366399
1.421e-007,-0.00365543
1.422e-007,-0.00363316
1.423e-007,-0.00363659
1.424e-007,-0.00362631
1.425e-007,-0.00357663
1.426e-007,-0.0035458
1.427e-007,-0.0035064
1.428e-007,-0.00349612
1.429e-007,-0.0034927
1.43e-007,-0.00351497
1.431e-007,-0.00351497
1.432e-007,-0.00350298
1.433e-007,-0.00348756
1.434e-007,-0.00344302
1.435e-007,-0.0034139
1.436e-007,-0.00339677
1.437e-007,-0.00339506
1.438e-007,-0.00342761
1.439e-007,-0.00342589
1.44e-007,-0.00338821
1.441e-007,-0.00337451
1.442e-007,-0.00333168
1.443e-007,-0.00327002
1.444e-007,-0.00324432
1.445e-007,-0.00319807
1.446e-007,-0.00316724
1.447e-007,-0.00312784
1.448e-007,-0.00308673
1.449e-007,-0.00301993
1.45e-007,-0.00295312
1.451e-007,-0.00290002
1.452e-007,-0.00283321
1.453e-007,-0.00279039
1.454e-007,-0.00274928
1.455e-007,-0.002739
1.456e-007,-0.00272359
1.457e-007,-0.00269104
1.458e-007,-0.00266877
1.459e-007,-0.00266021
1.46e-007,-0.00265164
1.461e-007,-0.00262595
1.462e-007,-0.00262252
1.463e-007,-0.00260711
1.464e-007,-0.00257285
1.465e-007,-0.00256257
1.466e-007,-0.00254373
1.467e-007,-0.00251632
1.468e-007,-0.00248891
1.469e-007,-0.00247863
1.47e-007,-0.00242382
1.471e-007,-0.00237928
1.472e-007,-0.00232447
1.473e-007,-0.00225766
1.474e-007,-0.00220456
1.475e-007,-0.00213776
1.476e-007,-0.00209151
1.477e-007,-0.00205725
1.478e-007,-0.00202642
1.479e-007,-0.00195961
1.48e-007,-0.00188424
1.481e-007,-0.00183457
1.482e-007,-0.00179517
1.483e-007,-0.00176434
1.484e-007,-0.00177119
1.485e-007,-0.00178318
1.486e-007,-0.00179003
1.487e-007,-0.00174721
1.488e-007,-0.00171295
1.489e-007,-0.00169068
1.49e-007,-0.0016804
1.491e-007,-0.00167526
1.492e-007,-0.00162559
1.493e-007,-0.00155878
1.494e-007,-0.00145087
1.495e-007,-0.00134809
1.496e-007,-0.00128814
1.497e-007,-0.00124874
1.498e-007,-0.00122304
1.499e-007,-0.0012042
1.5e-007,-0.00114082
1.501e-007,-0.00102092
1.502e-007,-0.000913001
1.503e-007,-0.000810224
1.504e-007,-0.000758835
1.505e-007,-0.000777678
1.506e-007,-0.000837631
1.507e-007,-0.000906149
1.508e-007,-0.000890732
1.509e-007,-0.000803372
1.51e-007,-0.000668049
1.511e-007,-0.000498468
1.512e-007,-0.000359719
1.513e-007,-0.000262081
1.514e-007,-0.000239813
1.515e-007,-0.000251803
1.516e-007,-0.000260368
1.517e-007,-0.000255229
1.518e-007,-0.000224396
1.519e-007,-0.000203841
1.52e-007,-0.000179859
1.521e-007,-0.000154165
1.522e-007,-0.0001456
1.523e-007,-0.000135323
1.524e-007,-6.16661e-005
1.525e-007,5.48143e-005
1.526e-007,0.000174721
1.527e-007,0.000330599
1.528e-007,0.000392265
1.529e-007,0.000431663
1.53e-007,0.000424811
1.531e-007,0.000392265
1.532e-007,0.000402543
1.533e-007,0.000436801
1.534e-007,0.000493329
1.535e-007,0.000548143
1.536e-007,0.000589254
1.537e-007,0.00060467
1.538e-007,0.000635503
1.539e-007,0.000673188
1.54e-007,0.000707447
1.541e-007,0.000734854
1.542e-007,0.000751984
1.543e-007,0.000774252
1.544e-007,0.000772539
1.545e-007,0.00075541
1.546e-007,0.000743419
1.547e-007,0.000746845
1.548e-007,0.00078453
1.549e-007,0.000853048
1.55e-007,0.000923278
1.551e-007,0.00105175
1.552e-007,0.00114082
1.553e-007,0.00121619
1.554e-007,0.00125045
1.555e-007,0.00126929
1.556e-007,0.00128814
1.557e-007,0.00130013
1.558e-007,0.00134809
1.559e-007,0.00142003
1.56e-007,0.00149712
1.561e-007,0.00158276
1.562e-007,0.00163073
1.563e-007,0.00167869
1.564e-007,0.00168725
1.565e-007,0.00165985
1.566e-007,0.00165985
1.567e-007,0.00163244
1.568e-007,0.00163244
1.569e-007,0.00165128
1.57e-007,0.00167869
1.571e-007,0.00174721
1.572e-007,0.00182943
1.573e-007,0.00189109
1.574e-007,0.00195961
1.575e-007,0.002011
1.576e-007,0.0020778
1.577e-007,0.00213947
1.578e-007,0.00221141
1.579e-007,0.00227308
1.58e-007,0.00229706
1.581e-007,0.00229877
1.582e-007,0.00228678
1.583e-007,0.00222683
1.584e-007,0.00217544
1.585e-007,0.00213947
1.586e-007,0.00215146
1.587e-007,0.0022097
1.588e-007,0.00225424
1.589e-007,0.00230391
1.59e-007,0.00235359
1.591e-007,0.00237243
1.592e-007,0.0023947
1.593e-007,0.00242382
1.594e-007,0.00246836
1.595e-007,0.00253345
1.596e-007,0.0026191
1.597e-007,0.00268419
1.598e-007,0.00270988
1.599e-007,0.00270303
1.6e-007,0.00265507
1.601e-007,0.00259854
1.602e-007,0.00256257
1.603e-007,0.00255572
1.604e-007,0.0025797
1.605e-007,0.00262252
1.606e-007,0.00264479
1.607e-007,0.00265164
1.608e-007,0.00264822
1.609e-007,0.00266535
1.61e-007,0.00265507
1.611e-007,0.0026859
1.612e-007,0.00270988
1.613e-007,0.00275956
1.614e-007,0.00278354
1.615e-007,0.00278696
1.616e-007,0.00274071
1.617e-007,0.0026859
1.618e-007,0.00261738
1.619e-007,0.00253345
1.62e-007,0.00249576
1.621e-007,0.00250604
1.622e-007,0.00253859
1.623e-007,0.00260539
1.624e-007,0.00268076
1.625e-007,0.00275099
1.626e-007,0.00279382
1.627e-007,0.00279553
1.628e-007,0.00276984
1.629e-007,0.00273558
1.63e-007,0.0026996
1.631e-007,0.0026859
1.632e-007,0.00270817
1.633e-007,0.00270303
1.634e-007,0.00267391
1.635e-007,0.00265849
1.636e-007,0.0026191
1.637e-007,0.00258655
1.638e-007,0.00258998
1.639e-007,0.00262595
1.64e-007,0.00269104
1.641e-007,0.00276641
1.642e-007,0.00280752
1.643e-007,0.00283493
1.644e-007,0.0028452
1.645e-007,0.00284349
1.646e-007,0.00282294
1.647e-007,0.00280581
1.648e-007,0.0027784
1.649e-007,0.00276812
1.65e-007,0.00275271
1.651e-007,0.00272187
1.652e-007,0.00269275
1.653e-007,0.00266706
1.654e-007,0.00269275
1.655e-007,0.00270646
1.656e-007,0.00275956
1.657e-007,0.00277497
1.658e-007,0.00277497
1.659e-007,0.00276127
1.66e-007,0.00272359
1.661e-007,0.00268933
1.662e-007,0.00266706
1.663e-007,0.00266706
1.664e-007,0.0026859
1.665e-007,0.00270474
1.666e-007,0.002739
1.667e-007,0.00275956
1.668e-007,0.00277497
1.669e-007,0.00277497
1.67e-007,0.00275784
1.671e-007,0.00274757
1.672e-007,0.00274928
1.673e-007,0.00275613
1.674e-007,0.0027921
1.675e-007,0.0027921
1.676e-007,0.0027647
1.677e-007,0.00270303
1.678e-007,0.00262937
1.679e-007,0.00258484
1.68e-007,0.00257285
1.681e-007,0.00260368
1.682e-007,0.00265335
1.683e-007,0.00268761
1.684e-007,0.00272187
1.685e-007,0.00268247
1.686e-007,0.00267734
1.687e-007,0.00265849
1.688e-007,0.00268076
1.689e-007,0.00271502
1.69e-007,0.0027784
1.691e-007,0.00281951
1.692e-007,0.00278868
1.693e-007,0.00269275
1.694e-007,0.00255914
1.695e-007,0.00243067
1.696e-007,0.00232961
1.697e-007,0.0022885
1.698e-007,0.00230563
1.699e-007,0.00234331
1.7e-007,0.00236729
1.701e-007,0.00236901
1.702e-007,0.00235701
1.703e-007,0.00233475
1.704e-007,0.00233475
1.705e-007,0.00232447
1.706e-007,0.00231077
1.707e-007,0.00226452
1.708e-007,0.00219086
1.709e-007,0.00211378
1.71e-007,0.00207095
1.711e-007,0.00206068
1.712e-007,0.00207267
1.713e-007,0.0021035
1.714e-007,0.00211892
1.715e-007,0.0021035
1.716e-007,0.00204183
1.717e-007,0.00195105
1.718e-007,0.00186369
1.719e-007,0.00181744
1.72e-007,0.00178832
1.721e-007,0.0017866
1.722e-007,0.00181058
1.723e-007,0.00181915
1.724e-007,0.00184827
1.725e-007,0.00187054
1.726e-007,0.00189281
1.727e-007,0.00190137
1.728e-007,0.00190822
1.729e-007,0.00189452
1.73e-007,0.0018517
1.731e-007,0.00177633
1.732e-007,0.00167697
1.733e-007,0.00159989
1.734e-007,0.00156906
1.735e-007,0.00156563
1.736e-007,0.00157249
1.737e-007,0.0015879
1.738e-007,0.00158276
1.739e-007,0.00154337
1.74e-007,0.00150397
1.741e-007,0.00143888
1.742e-007,0.00138064
1.743e-007,0.0013361
1.744e-007,0.00127786
1.745e-007,0.00123503
1.746e-007,0.00120078
1.747e-007,0.0012042
1.748e-007,0.00121277
1.749e-007,0.00125216
1.75e-007,0.00127957
1.751e-007,0.00125045
1.752e-007,0.00122647
1.753e-007,0.00113226
1.754e-007,0.00105689
1.755e-007,0.00103976
1.756e-007,0.00106888
