LECROYWM8500,500500138,Waveform
Segments,1,SegmentSize,2002
Segment,TrigTime,TimeSinceSegment1
#1,21-Mar-2024 17:28:21,0                 
Time,Ampl
-2.45e-008,0.000256942
-2.44e-008,0.000282636
-2.43e-008,0.000303192
-2.42e-008,0.000339163
-2.41e-008,0.000387126
-2.4e-008,0.000440227
-2.39e-008,0.000462496
-2.38e-008,0.000419672
-2.37e-008,0.000359719
-2.36e-008,0.000286062
-2.35e-008,0.000234674
-2.34e-008,0.000236387
-2.33e-008,0.000282636
-2.32e-008,0.000342589
-2.31e-008,0.000369997
-2.3e-008,0.000344302
-2.29e-008,0.000299766
-2.28e-008,0.000219257
-2.27e-008,0.000161017
-2.26e-008,0.0001456
-2.25e-008,0.000171295
-2.24e-008,0.000214118
-2.23e-008,0.000280923
-2.22e-008,0.000337451
-2.21e-008,0.000380274
-2.2e-008,0.000404255
-2.19e-008,0.000385413
-2.18e-008,0.000359719
-2.17e-008,0.000335738
-2.16e-008,0.000292914
-2.15e-008,0.000268933
-2.14e-008,0.000222683
-2.13e-008,0.000229535
-2.12e-008,0.000246664
-2.11e-008,0.000275784
-2.1e-008,0.000323747
-2.09e-008,0.000346015
-2.08e-008,0.000339163
-2.07e-008,0.000313469
-2.06e-008,0.000268933
-2.05e-008,0.000190137
-2.04e-008,0.000128471
-2.03e-008,7.02308e-005
-2.02e-008,6.5092e-005
-2.01e-008,0.00010449
-2e-008,0.000171295
-1.99e-008,0.000227822
-1.98e-008,0.000315182
-1.97e-008,0.000344302
-1.96e-008,0.000311756
-1.95e-008,0.000270646
-1.94e-008,0.000219257
-1.93e-008,0.00020898
-1.92e-008,0.000236387
-1.91e-008,0.00025009
-1.9e-008,0.00027921
-1.89e-008,0.00030833
-1.88e-008,0.000292914
-1.87e-008,0.000268933
-1.86e-008,0.000244951
-1.85e-008,0.000243238
-1.84e-008,0.000253516
-1.83e-008,0.000251803
-1.82e-008,0.000246664
-1.81e-008,0.000262081
-1.8e-008,0.000275784
-1.79e-008,0.000292914
-1.78e-008,0.000332312
-1.77e-008,0.000373422
-1.76e-008,0.000381987
-1.75e-008,0.000375135
-1.74e-008,0.000337451
-1.73e-008,0.000292914
-1.72e-008,0.000231248
-1.71e-008,0.000200415
-1.7e-008,0.00019185
-1.69e-008,0.000212405
-1.68e-008,0.000224396
-1.67e-008,0.000231248
-1.66e-008,0.000205554
-1.65e-008,0.000169582
-1.64e-008,0.000154165
-1.63e-008,0.000173008
-1.62e-008,0.000256942
-1.61e-008,0.000351154
-1.6e-008,0.000457357
-1.59e-008,0.000501893
-1.58e-008,0.000472773
-1.57e-008,0.000392265
-1.56e-008,0.000291201
-1.55e-008,0.000234674
-1.54e-008,0.000196989
-1.53e-008,0.000212405
-1.52e-008,0.0002381
-1.51e-008,0.000224396
-1.5e-008,0.000210692
-1.49e-008,0.000184998
-1.48e-008,0.000178146
-1.47e-008,0.000190137
-1.46e-008,0.000280923
-1.45e-008,0.000373422
-1.44e-008,0.000438514
-1.43e-008,0.000467634
-1.42e-008,0.000464209
-1.41e-008,0.000402543
-1.4e-008,0.000337451
-1.39e-008,0.000275784
-1.38e-008,0.000265507
-1.37e-008,0.000268933
-1.36e-008,0.000262081
-1.35e-008,0.000287775
-1.34e-008,0.000292914
-1.33e-008,0.000299766
-1.32e-008,0.000327173
-1.31e-008,0.000363145
-1.3e-008,0.000438514
-1.29e-008,0.000474486
-1.28e-008,0.000472773
-1.27e-008,0.000448792
-1.26e-008,0.0003837
-1.25e-008,0.000313469
-1.24e-008,0.000217544
-1.23e-008,0.000135323
-1.22e-008,0.000113054
-1.21e-008,0.000118193
-1.2e-008,0.000152452
-1.19e-008,0.000202128
-1.18e-008,0.000251803
-1.17e-008,0.000315182
-1.16e-008,0.000320321
-1.15e-008,0.000322034
-1.14e-008,0.000306617
-1.13e-008,0.000306617
-1.12e-008,0.000320321
-1.11e-008,0.000334025
-1.1e-008,0.00032546
-1.09e-008,0.000356293
-1.08e-008,0.000405968
-1.07e-008,0.00045907
-1.06e-008,0.000527588
-1.05e-008,0.000608096
-1.04e-008,0.000729715
-1.03e-008,0.000808511
-1.02e-008,0.00085476
-1.01e-008,0.000863325
-1e-008,0.000837631
-9.9e-009,0.000822214
-9.8e-009,0.000808511
-9.7e-009,0.000837631
-9.6e-009,0.000882168
-9.5e-009,0.000933556
-9.4e-009,0.000960963
-9.3e-009,0.000954111
-9.2e-009,0.000967815
-9.1e-009,0.000960963
-9e-009,0.00100893
-8.9e-009,0.00104832
-8.8e-009,0.00110656
-8.7e-009,0.00111855
-8.6e-009,0.00108601
-8.5e-009,0.000990083
-8.4e-009,0.00085476
-8.3e-009,0.000748558
-8.2e-009,0.000676614
-8.1e-009,0.000678327
-8e-009,0.000712586
-7.9e-009,0.000757123
-7.8e-009,0.000830779
-7.7e-009,0.000887306
-7.6e-009,0.000878742
-7.5e-009,0.000793094
-7.4e-009,0.000611522
-7.3e-009,0.000373422
-7.2e-009,0.000140462
-7.1e-009,-5.13884e-005
-7e-009,-0.000121619
-6.9e-009,-4.79625e-005
-6.8e-009,0.000155878
-6.7e-009,0.000407681
-6.6e-009,0.000632077
-6.5e-009,0.000751984
-6.4e-009,0.000743419
-6.3e-009,0.000637216
-6.2e-009,0.000464209
-6.1e-009,0.00029634
-6e-009,0.000152452
-5.9e-009,9.5925e-005
-5.8e-009,8.22214e-005
-5.7e-009,0.00011648
-5.6e-009,0.000171295
-5.5e-009,0.000231248
-5.4e-009,0.000265507
-5.3e-009,0.000243238
-5.2e-009,0.000207267
-5.1e-009,0.000147313
-5e-009,9.24991e-005
-4.9e-009,5.31014e-005
-4.8e-009,7.36567e-005
-4.7e-009,0.000159304
-4.6e-009,0.000263794
-4.5e-009,0.000364858
-4.4e-009,0.000450505
-4.3e-009,0.000512171
-4.2e-009,0.000515597
-4.1e-009,0.000503606
-4e-009,0.000460783
-3.9e-009,0.000428237
-3.8e-009,0.000411107
-3.7e-009,0.00040083
-3.6e-009,0.000397404
-3.5e-009,0.000366571
-3.4e-009,0.000294627
-3.3e-009,0.000232961
-3.2e-009,0.000178146
-3.1e-009,0.000169582
-3e-009,0.000202128
-2.9e-009,0.000323747
-2.8e-009,0.000467634
-2.7e-009,0.000613235
-2.6e-009,0.000702308
-2.5e-009,0.000707447
-2.4e-009,0.000618374
-2.3e-009,0.000440227
-2.2e-009,0.000200415
-2.1e-009,-4.45366e-005
-2e-009,-0.000275784
-1.9e-009,-0.000419672
-1.8e-009,-0.000493329
-1.7e-009,-0.00051731
-1.6e-009,-0.000472773
-1.5e-009,-0.000419672
-1.4e-009,-0.000404255
-1.3e-009,-0.000388839
-1.2e-009,-0.000363145
-1.1e-009,-0.000301479
-1e-009,-0.000184998
-9e-010,-4.11107e-005
-8e-010,0.000101064
-7e-010,0.000207267
-6e-010,0.000294627
-5e-010,0.000272359
-4e-010,0.000186711
-3e-010,5.13884e-006
-2e-010,-0.000248377
-1e-010,-0.000519023
4.138488e-023,-0.000736567
1e-010,-0.000853048
2e-010,-0.000834205
3e-010,-0.000664623
4e-010,-0.00042995
5e-010,-0.000207267
6e-010,-7.02308e-005
7e-010,-3.93978e-005
8e-010,-0.00011648
9e-010,-0.000243238
1e-009,-0.000395691
1.1e-009,-0.000520736
1.2e-009,-0.000623513
1.3e-009,-0.000704021
1.4e-009,-0.0007674
1.5e-009,-0.000750271
1.6e-009,-0.000710873
1.7e-009,-0.000623513
1.8e-009,-0.000525875
1.9e-009,-0.000448792
2e-009,-0.000399117
2.1e-009,-0.000361432
2.2e-009,-0.00030833
2.3e-009,-0.000253516
2.4e-009,-0.000171295
2.5e-009,-0.000126758
2.6e-009,-0.00011648
2.7e-009,-0.000167869
2.8e-009,-0.000316895
2.9e-009,-0.000483051
3e-009,-0.000664623
3.1e-009,-0.000846196
3.2e-009,-0.00102434
3.3e-009,-0.00112027
3.4e-009,-0.00121619
3.5e-009,-0.00126415
3.6e-009,-0.00130869
3.7e-009,-0.00138235
3.8e-009,-0.00141489
3.9e-009,-0.00146457
4e-009,-0.00147999
4.1e-009,-0.0014817
4.2e-009,-0.00142175
4.3e-009,-0.00137721
4.4e-009,-0.00130698
4.5e-009,-0.00126929
4.6e-009,-0.00128471
4.7e-009,-0.00132753
4.8e-009,-0.0013892
4.9e-009,-0.00142517
5e-009,-0.00144401
5.1e-009,-0.00145429
5.2e-009,-0.00146457
5.3e-009,-0.00149712
5.4e-009,-0.00152795
5.5e-009,-0.00159304
5.6e-009,-0.0016667
5.7e-009,-0.0017335
5.8e-009,-0.00180545
5.9e-009,-0.00186883
6e-009,-0.00191336
6.1e-009,-0.00191679
6.2e-009,-0.00187396
6.3e-009,-0.00180887
6.4e-009,-0.00172836
6.5e-009,-0.00163586
6.6e-009,-0.00152281
6.7e-009,-0.00144573
6.8e-009,-0.00139605
6.9e-009,-0.00135494
7e-009,-0.00132068
7.1e-009,-0.00130355
7.2e-009,-0.001283
7.3e-009,-0.00124531
7.4e-009,-0.00119392
7.5e-009,-0.00116138
7.6e-009,-0.00116823
7.7e-009,-0.00122476
7.8e-009,-0.00132925
7.9e-009,-0.00147313
8e-009,-0.00163244
8.1e-009,-0.00174721
8.2e-009,-0.00180887
8.3e-009,-0.00186883
8.4e-009,-0.0018654
8.5e-009,-0.00190137
8.6e-009,-0.00196304
8.7e-009,-0.00199216
8.8e-009,-0.00201956
8.9e-009,-0.00199901
9e-009,-0.00191165
9.1e-009,-0.00183799
9.2e-009,-0.00174721
9.3e-009,-0.00167869
9.4e-009,-0.00158105
9.5e-009,-0.00150911
9.6e-009,-0.00144915
9.7e-009,-0.00143888
9.8e-009,-0.0014423
9.9e-009,-0.00150568
1e-008,-0.00160503
1.01e-008,-0.00174035
1.02e-008,-0.00188424
1.03e-008,-0.00203841
1.04e-008,-0.00218572
1.05e-008,-0.0023416
1.06e-008,-0.0024478
1.07e-008,-0.00251461
1.08e-008,-0.00248206
1.09e-008,-0.00241354
1.1e-008,-0.00230049
1.11e-008,-0.00212234
1.12e-008,-0.00198531
1.13e-008,-0.00185341
1.14e-008,-0.00173693
1.15e-008,-0.0016804
1.16e-008,-0.00164785
1.17e-008,-0.00165299
1.18e-008,-0.00173864
1.19e-008,-0.0018517
1.2e-008,-0.00192193
1.21e-008,-0.00198702
1.22e-008,-0.00201785
1.23e-008,-0.00203841
1.24e-008,-0.00204526
1.25e-008,-0.0020504
1.26e-008,-0.00201956
1.27e-008,-0.00193906
1.28e-008,-0.00179174
1.29e-008,-0.00161017
1.3e-008,-0.0014286
1.31e-008,-0.0012967
1.32e-008,-0.00121619
1.33e-008,-0.00117851
1.34e-008,-0.00119564
1.35e-008,-0.00121791
1.36e-008,-0.00125216
1.37e-008,-0.00128128
1.38e-008,-0.00134466
1.39e-008,-0.00141318
1.4e-008,-0.00148341
1.41e-008,-0.00149198
1.42e-008,-0.00144915
1.43e-008,-0.00136522
1.44e-008,-0.00127443
1.45e-008,-0.00120763
1.46e-008,-0.00115967
1.47e-008,-0.00114596
1.48e-008,-0.00117337
1.49e-008,-0.00121105
1.5e-008,-0.00120763
1.51e-008,-0.00115281
1.52e-008,-0.00107744
1.53e-008,-0.000957537
1.54e-008,-0.000830779
1.55e-008,-0.000739993
1.56e-008,-0.000678327
1.57e-008,-0.000683466
1.58e-008,-0.000695456
1.59e-008,-0.000700595
1.6e-008,-0.000654346
1.61e-008,-0.000613235
1.62e-008,-0.000609809
1.63e-008,-0.000654346
1.64e-008,-0.000741706
1.65e-008,-0.000861612
1.66e-008,-0.000936982
1.67e-008,-0.000936982
1.68e-008,-0.000851335
1.69e-008,-0.000729715
1.7e-008,-0.000669762
1.71e-008,-0.000638929
1.72e-008,-0.000681753
1.73e-008,-0.000750271
1.74e-008,-0.00082564
1.75e-008,-0.000830779
1.76e-008,-0.00078453
1.77e-008,-0.000676614
1.78e-008,-0.00054643
1.79e-008,-0.000443653
1.8e-008,-0.000352867
1.81e-008,-0.000316895
1.82e-008,-0.000304905
1.83e-008,-0.000320321
1.84e-008,-0.000327173
1.85e-008,-0.000313469
1.86e-008,-0.000258655
1.87e-008,-0.000231248
1.88e-008,-0.000207267
1.89e-008,-0.000251803
1.9e-008,-0.000322034
1.91e-008,-0.000431663
1.92e-008,-0.000505319
1.93e-008,-0.00054643
1.94e-008,-0.000551569
1.95e-008,-0.000539578
1.96e-008,-0.000554995
1.97e-008,-0.000531014
1.98e-008,-0.00048819
1.99e-008,-0.000423098
2e-008,-0.000320321
2.01e-008,-0.000188424
2.02e-008,-0.000164443
2.03e-008,-0.000171295
2.04e-008,-0.000268933
2.05e-008,-0.000330599
2.06e-008,-0.000347728
2.07e-008,-0.000306617
2.08e-008,-0.000193563
2.09e-008,-0.000118193
2.1e-008,-6.3379e-005
2.11e-008,-6.16661e-005
2.12e-008,-9.42121e-005
2.13e-008,-0.0001456
2.14e-008,-0.000193563
2.15e-008,-0.000243238
2.16e-008,-0.00029634
2.17e-008,-0.000363145
2.18e-008,-0.000402543
2.19e-008,-0.000419672
2.2e-008,-0.0003837
2.21e-008,-0.000335738
2.22e-008,-0.00025009
2.23e-008,-0.000231248
2.24e-008,-0.000215831
2.25e-008,-0.000219257
2.26e-008,-0.000195276
2.27e-008,-0.000140462
2.28e-008,-5.99531e-005
2.29e-008,5.13884e-005
2.3e-008,0.000126758
2.31e-008,0.000181572
2.32e-008,0.000215831
2.33e-008,0.000166156
2.34e-008,0.000106203
2.35e-008,4.45366e-005
2.36e-008,-2.05554e-005
2.37e-008,-4.96755e-005
2.38e-008,-3.93978e-005
2.39e-008,-6.85179e-006
2.4e-008,4.79625e-005
2.41e-008,8.73603e-005
2.42e-008,0.00010449
2.43e-008,0.000152452
2.44e-008,0.00016273
2.45e-008,0.000219257
2.46e-008,0.000310043
2.47e-008,0.000397404
2.48e-008,0.000496755
2.49e-008,0.000513884
2.5e-008,0.000527588
2.51e-008,0.000493329
2.52e-008,0.00047106
2.53e-008,0.000484764
2.54e-008,0.000510458
2.55e-008,0.000561847
2.56e-008,0.000613235
2.57e-008,0.000659485
2.58e-008,0.000724577
2.59e-008,0.000736567
2.6e-008,0.000712586
2.61e-008,0.000652633
2.62e-008,0.000601244
2.63e-008,0.000531014
2.64e-008,0.000484764
2.65e-008,0.000448792
2.66e-008,0.00045907
2.67e-008,0.000484764
2.68e-008,0.000493329
2.69e-008,0.000513884
2.7e-008,0.000556708
2.71e-008,0.00059268
2.72e-008,0.000601244
2.73e-008,0.000565272
2.74e-008,0.000510458
2.75e-008,0.000417959
2.76e-008,0.00029634
2.77e-008,0.000205554
2.78e-008,0.00013361
2.79e-008,6.5092e-005
2.8e-008,-1.54165e-005
2.81e-008,-8.05085e-005
2.82e-008,-0.000140462
2.83e-008,-0.000186711
2.84e-008,-0.000219257
2.85e-008,-0.000207267
2.86e-008,-0.000174721
2.87e-008,-0.000135323
2.88e-008,-0.000126758
2.89e-008,-0.000125045
2.9e-008,-0.000125045
2.91e-008,-0.000161017
2.92e-008,-0.000229535
2.93e-008,-0.000298053
2.94e-008,-0.000373422
2.95e-008,-0.000440227
2.96e-008,-0.00051731
2.97e-008,-0.00059268
2.98e-008,-0.000647494
2.99e-008,-0.000717725
3e-008,-0.000793094
3.01e-008,-0.000861612
3.02e-008,-0.000895871
3.03e-008,-0.000863325
3.04e-008,-0.000810224
3.05e-008,-0.000719438
3.06e-008,-0.000632077
3.07e-008,-0.000611522
3.08e-008,-0.000623513
3.09e-008,-0.000652633
3.1e-008,-0.000697169
3.11e-008,-0.000692031
3.12e-008,-0.000674901
3.13e-008,-0.000626939
3.14e-008,-0.000632077
3.15e-008,-0.000676614
3.16e-008,-0.000753697
3.17e-008,-0.00087189
3.18e-008,-0.00097638
3.19e-008,-0.00103976
3.2e-008,-0.00108601
3.21e-008,-0.00108087
3.22e-008,-0.00107573
3.23e-008,-0.00105346
3.24e-008,-0.00102777
3.25e-008,-0.000983232
3.26e-008,-0.000972954
3.27e-008,-0.000972954
3.28e-008,-0.00102092
3.29e-008,-0.00110999
3.3e-008,-0.0012042
3.31e-008,-0.00125045
3.32e-008,-0.00128471
3.33e-008,-0.00128471
3.34e-008,-0.00126415
3.35e-008,-0.00127101
3.36e-008,-0.00131554
3.37e-008,-0.00136693
3.38e-008,-0.00139776
3.39e-008,-0.0014423
3.4e-008,-0.00147313
3.41e-008,-0.00150397
3.42e-008,-0.00154337
3.43e-008,-0.00155878
3.44e-008,-0.00159647
3.45e-008,-0.00160161
3.46e-008,-0.00163244
3.47e-008,-0.00165299
3.48e-008,-0.00163758
3.49e-008,-0.00165471
3.5e-008,-0.00165299
3.51e-008,-0.00167526
3.52e-008,-0.00170438
3.53e-008,-0.00176605
3.54e-008,-0.00184142
3.55e-008,-0.0019322
3.56e-008,-0.00200415
3.57e-008,-0.00206239
3.58e-008,-0.0021566
3.59e-008,-0.00218572
3.6e-008,-0.00221484
3.61e-008,-0.00218572
3.62e-008,-0.00212063
3.63e-008,-0.00206239
3.64e-008,-0.00200757
3.65e-008,-0.00200586
3.66e-008,-0.00204012
3.67e-008,-0.00212405
3.68e-008,-0.00224225
3.69e-008,-0.00235188
3.7e-008,-0.0024478
3.71e-008,-0.00252317
3.72e-008,-0.00257113
3.73e-008,-0.00259511
3.74e-008,-0.00261224
3.75e-008,-0.0025934
3.76e-008,-0.00255914
3.77e-008,-0.00251974
3.78e-008,-0.00247863
3.79e-008,-0.00245294
3.8e-008,-0.00247863
3.81e-008,-0.0025403
3.82e-008,-0.00260882
3.83e-008,-0.00267905
3.84e-008,-0.00274243
3.85e-008,-0.00279724
3.86e-008,-0.00284692
3.87e-008,-0.00288803
3.88e-008,-0.00294456
3.89e-008,-0.00302849
3.9e-008,-0.00310386
3.91e-008,-0.00313812
3.92e-008,-0.00318779
3.93e-008,-0.0032015
3.94e-008,-0.00321006
3.95e-008,-0.00324432
3.96e-008,-0.00325802
3.97e-008,-0.00329742
3.98e-008,-0.00333168
3.99e-008,-0.00335224
4e-008,-0.00333339
4.01e-008,-0.00333682
4.02e-008,-0.00328201
4.03e-008,-0.00323747
4.04e-008,-0.00320664
4.05e-008,-0.00318608
4.06e-008,-0.00320835
4.07e-008,-0.00327002
4.08e-008,-0.00331455
4.09e-008,-0.00334881
4.1e-008,-0.00335224
4.11e-008,-0.00332826
4.12e-008,-0.003294
4.13e-008,-0.00325117
4.14e-008,-0.00322205
4.15e-008,-0.00322205
4.16e-008,-0.00324261
4.17e-008,-0.00323576
4.18e-008,-0.00322719
4.19e-008,-0.00320835
4.2e-008,-0.00318266
4.21e-008,-0.00318608
4.22e-008,-0.00315867
4.23e-008,-0.00318779
4.24e-008,-0.00324775
4.25e-008,-0.00331113
4.26e-008,-0.00334881
4.27e-008,-0.00336765
4.28e-008,-0.00339506
4.29e-008,-0.00338821
4.3e-008,-0.00337622
4.31e-008,-0.00339335
4.32e-008,-0.00338992
4.33e-008,-0.00338992
4.34e-008,-0.00336423
4.35e-008,-0.00334025
4.36e-008,-0.00333168
4.37e-008,-0.0033608
4.38e-008,-0.00341219
4.39e-008,-0.00347386
4.4e-008,-0.00354237
4.41e-008,-0.00359548
4.42e-008,-0.00365029
4.43e-008,-0.00366228
4.44e-008,-0.00367941
4.45e-008,-0.00369997
4.46e-008,-0.00372052
4.47e-008,-0.00375135
4.48e-008,-0.00375307
4.49e-008,-0.00376677
4.5e-008,-0.0037445
4.51e-008,-0.00368626
4.52e-008,-0.00359376
4.53e-008,-0.00349955
4.54e-008,-0.00346015
4.55e-008,-0.00347557
4.56e-008,-0.00349612
4.57e-008,-0.00353724
4.58e-008,-0.0035852
4.59e-008,-0.00359548
4.6e-008,-0.0035989
4.61e-008,-0.00356122
4.62e-008,-0.00354066
4.63e-008,-0.00351839
4.64e-008,-0.00351325
4.65e-008,-0.00351497
4.66e-008,-0.00354751
4.67e-008,-0.00357492
4.68e-008,-0.00359376
4.69e-008,-0.00357149
4.7e-008,-0.0035595
4.71e-008,-0.00353038
4.72e-008,-0.00352353
4.73e-008,-0.00352182
4.74e-008,-0.00350126
4.75e-008,-0.00352867
4.76e-008,-0.00352011
4.77e-008,-0.00351154
4.78e-008,-0.00349441
4.79e-008,-0.00345501
4.8e-008,-0.00339506
4.81e-008,-0.00335224
4.82e-008,-0.00330599
4.83e-008,-0.00324946
4.84e-008,-0.00322034
4.85e-008,-0.00325117
4.86e-008,-0.00329914
4.87e-008,-0.00331627
4.88e-008,-0.00331969
4.89e-008,-0.00329742
4.9e-008,-0.00323576
4.91e-008,-0.00316895
4.92e-008,-0.00309016
4.93e-008,-0.00301479
4.94e-008,-0.00299423
4.95e-008,-0.00295312
4.96e-008,-0.00288118
4.97e-008,-0.00277155
4.98e-008,-0.00268076
4.99e-008,-0.00261738
5e-008,-0.00258141
5.01e-008,-0.00259511
5.02e-008,-0.00259854
5.03e-008,-0.00259683
5.04e-008,-0.00255058
5.05e-008,-0.00245979
5.06e-008,-0.00238956
5.07e-008,-0.00236044
5.08e-008,-0.00235359
5.09e-008,-0.00237757
5.1e-008,-0.00236044
5.11e-008,-0.00231419
5.12e-008,-0.00224739
5.13e-008,-0.00218401
5.14e-008,-0.00213604
5.15e-008,-0.00210864
5.16e-008,-0.00212405
5.17e-008,-0.00210007
5.18e-008,-0.00204355
5.19e-008,-0.00191679
5.2e-008,-0.00175406
5.21e-008,-0.00159304
5.22e-008,-0.00147656
5.23e-008,-0.00142346
5.24e-008,-0.00141832
5.25e-008,-0.00144744
5.26e-008,-0.0014954
5.27e-008,-0.00152966
5.28e-008,-0.00154337
5.29e-008,-0.00151082
5.3e-008,-0.0014954
5.31e-008,-0.00143202
5.32e-008,-0.00138064
5.33e-008,-0.00131554
5.34e-008,-0.00125559
5.35e-008,-0.00122304
5.36e-008,-0.00119221
5.37e-008,-0.00116309
5.38e-008,-0.001098
5.39e-008,-0.00101749
5.4e-008,-0.000962676
5.41e-008,-0.000919852
5.42e-008,-0.00087189
5.43e-008,-0.000841057
5.44e-008,-0.000805085
5.45e-008,-0.000750271
5.46e-008,-0.000661197
5.47e-008,-0.000570411
5.48e-008,-0.000505319
5.49e-008,-0.000484764
5.5e-008,-0.000495042
5.51e-008,-0.000484764
5.52e-008,-0.000462496
5.53e-008,-0.000428237
5.54e-008,-0.000376848
5.55e-008,-0.000339163
5.56e-008,-0.000291201
5.57e-008,-0.000272359
5.58e-008,-0.000234674
5.59e-008,-0.000190137
5.6e-008,-0.00013361
5.61e-008,-7.70826e-005
5.62e-008,-2.91201e-005
5.63e-008,-6.85179e-006
5.64e-008,2.22683e-005
5.65e-008,4.62496e-005
5.66e-008,5.48143e-005
5.67e-008,0.000113054
5.68e-008,0.000150739
5.69e-008,0.000179859
5.7e-008,0.00022097
5.71e-008,0.000268933
5.72e-008,0.000320321
5.73e-008,0.000409394
5.74e-008,0.000484764
5.75e-008,0.000531014
5.76e-008,0.00057555
5.77e-008,0.000659485
5.78e-008,0.000726289
5.79e-008,0.000820502
5.8e-008,0.000911288
5.81e-008,0.000967815
5.82e-008,0.00098837
5.83e-008,0.00101749
5.84e-008,0.00106031
5.85e-008,0.00116138
5.86e-008,0.00128642
5.87e-008,0.00141489
5.88e-008,0.00152624
5.89e-008,0.00157249
5.9e-008,0.00158276
5.91e-008,0.00159133
5.92e-008,0.00163073
5.93e-008,0.00169753
5.94e-008,0.0018123
5.95e-008,0.00194762
5.96e-008,0.0020247
5.97e-008,0.00206924
5.98e-008,0.00206753
5.99e-008,0.00203327
6e-008,0.00201785
6.01e-008,0.00202299
6.02e-008,0.00201443
6.03e-008,0.0020247
6.04e-008,0.002011
6.05e-008,0.0019716
6.06e-008,0.00195447
6.07e-008,0.00193049
6.08e-008,0.00196132
6.09e-008,0.00202642
6.1e-008,0.0021172
6.11e-008,0.00221313
6.12e-008,0.00232276
6.13e-008,0.00241354
6.14e-008,0.00247863
6.15e-008,0.00250947
6.16e-008,0.00253174
6.17e-008,0.00252146
6.18e-008,0.0025266
6.19e-008,0.00250262
6.2e-008,0.0025009
6.21e-008,0.0025009
6.22e-008,0.00251118
6.23e-008,0.00252831
6.24e-008,0.00257627
6.25e-008,0.00261396
6.26e-008,0.00264136
6.27e-008,0.00266877
6.28e-008,0.00264479
6.29e-008,0.00262081
6.3e-008,0.00258141
6.31e-008,0.00254715
6.32e-008,0.00254715
6.33e-008,0.00253002
6.34e-008,0.00250604
6.35e-008,0.00247178
6.36e-008,0.00241354
6.37e-008,0.00234674
6.38e-008,0.00232276
6.39e-008,0.00233303
6.4e-008,0.00239813
6.41e-008,0.00249062
6.42e-008,0.00253687
6.43e-008,0.00256599
6.44e-008,0.00253687
6.45e-008,0.00247692
6.46e-008,0.00237414
6.47e-008,0.00232104
6.48e-008,0.00229535
6.49e-008,0.0023022
6.5e-008,0.00229364
6.51e-008,0.00229364
6.52e-008,0.00225938
6.53e-008,0.00222169
6.54e-008,0.00219428
6.55e-008,0.00221484
6.56e-008,0.0022097
6.57e-008,0.00225938
6.58e-008,0.00229706
6.59e-008,0.00230049
6.6e-008,0.00227479
6.61e-008,0.00220114
6.62e-008,0.00212234
6.63e-008,0.0020641
6.64e-008,0.00204012
6.65e-008,0.00202299
6.66e-008,0.002011
6.67e-008,0.00202984
6.68e-008,0.00203155
6.69e-008,0.00200586
6.7e-008,0.00196132
6.71e-008,0.00192021
6.72e-008,0.00186369
6.73e-008,0.00184998
6.74e-008,0.00184998
6.75e-008,0.00187568
6.76e-008,0.00194762
6.77e-008,0.00197845
6.78e-008,0.00197503
6.79e-008,0.00189795
6.8e-008,0.00178489
6.81e-008,0.00167012
6.82e-008,0.00158105
6.83e-008,0.00155364
6.84e-008,0.00156221
6.85e-008,0.00156906
6.86e-008,0.00157591
6.87e-008,0.00153823
6.88e-008,0.00147313
6.89e-008,0.00139948
6.9e-008,0.00137721
6.91e-008,0.00135494
6.92e-008,0.00137378
6.93e-008,0.00139776
6.94e-008,0.00138577
6.95e-008,0.00136864
6.96e-008,0.00130698
6.97e-008,0.00121962
6.98e-008,0.0011511
6.99e-008,0.00107402
7e-008,0.00105175
7.01e-008,0.00104147
7.02e-008,0.0010449
7.03e-008,0.00103805
7.04e-008,0.000986657
7.05e-008,0.000909575
7.06e-008,0.000827353
7.07e-008,0.000728002
7.08e-008,0.000611522
7.09e-008,0.000510458
7.1e-008,0.000436801
7.11e-008,0.000388839
7.12e-008,0.000364858
7.13e-008,0.000346015
7.14e-008,0.000342589
7.15e-008,0.000337451
7.16e-008,0.000303192
7.17e-008,0.000275784
7.18e-008,0.000227822
7.19e-008,0.00019185
7.2e-008,0.000147313
7.21e-008,6.85179e-005
7.22e-008,-3.76848e-005
7.23e-008,-0.000131897
7.24e-008,-0.000227822
7.25e-008,-0.000299766
7.26e-008,-0.000352867
7.27e-008,-0.00032546
7.28e-008,-0.000313469
7.29e-008,-0.000280923
7.3e-008,-0.000272359
7.31e-008,-0.000268933
7.32e-008,-0.000306617
7.33e-008,-0.000387126
7.34e-008,-0.000465922
7.35e-008,-0.000531014
7.36e-008,-0.000587541
7.37e-008,-0.000611522
7.38e-008,-0.00057555
7.39e-008,-0.000551569
7.4e-008,-0.000539578
7.41e-008,-0.000539578
7.42e-008,-0.000565272
7.43e-008,-0.000608096
7.44e-008,-0.0006218
7.45e-008,-0.000638929
7.46e-008,-0.000614948
7.47e-008,-0.000599531
7.48e-008,-0.000618374
7.49e-008,-0.000657772
7.5e-008,-0.000722864
7.51e-008,-0.00078453
7.52e-008,-0.000858186
7.53e-008,-0.00090101
7.54e-008,-0.000924991
7.55e-008,-0.000906149
7.56e-008,-0.000853048
7.57e-008,-0.000806798
7.58e-008,-0.000753697
7.59e-008,-0.000686892
7.6e-008,-0.000618374
7.61e-008,-0.000572124
7.62e-008,-0.000529301
7.63e-008,-0.000529301
7.64e-008,-0.000565272
7.65e-008,-0.00059268
7.66e-008,-0.000657772
7.67e-008,-0.000704021
7.68e-008,-0.000716012
7.69e-008,-0.000721151
7.7e-008,-0.000685179
7.71e-008,-0.00065092
7.72e-008,-0.000608096
7.73e-008,-0.000568698
7.74e-008,-0.000520736
7.75e-008,-0.000507032
7.76e-008,-0.00050018
7.77e-008,-0.000498468
7.78e-008,-0.000467634
7.79e-008,-0.000447079
7.8e-008,-0.000378561
7.81e-008,-0.000301479
7.82e-008,-0.000229535
7.83e-008,-0.000212405
7.84e-008,-0.000217544
7.85e-008,-0.000277497
7.86e-008,-0.000337451
7.87e-008,-0.000395691
7.88e-008,-0.000404255
7.89e-008,-0.000380274
7.9e-008,-0.000277497
7.91e-008,-0.00016273
7.92e-008,-5.65272e-005
7.93e-008,1.71295e-005
7.94e-008,6.3379e-005
7.95e-008,8.39344e-005
7.96e-008,6.5092e-005
7.97e-008,3.76848e-005
7.98e-008,3.59719e-005
7.99e-008,7.36567e-005
8e-008,0.000154165
8.01e-008,0.000229535
8.02e-008,0.000287775
8.03e-008,0.000332312
8.04e-008,0.000337451
8.05e-008,0.000323747
8.06e-008,0.000301479
8.07e-008,0.000316895
8.08e-008,0.000332312
8.09e-008,0.000392265
8.1e-008,0.000440227
8.11e-008,0.000493329
8.12e-008,0.000543004
8.13e-008,0.000597818
8.14e-008,0.000644068
8.15e-008,0.000676614
8.16e-008,0.000714299
8.17e-008,0.000763974
8.18e-008,0.00081365
8.19e-008,0.000856473
8.2e-008,0.00090101
8.21e-008,0.000940408
8.22e-008,0.000972954
8.23e-008,0.00101235
8.24e-008,0.00106717
8.25e-008,0.00112369
8.26e-008,0.00114767
8.27e-008,0.00116994
8.28e-008,0.00121277
8.29e-008,0.00124703
8.3e-008,0.0013104
8.31e-008,0.00140633
8.32e-008,0.0014817
8.33e-008,0.0015485
8.34e-008,0.00159989
8.35e-008,0.00165642
8.36e-008,0.00168383
8.37e-008,0.00173693
8.38e-008,0.00180202
8.39e-008,0.00187225
8.4e-008,0.00196475
8.41e-008,0.00206924
8.42e-008,0.0021566
8.43e-008,0.00226965
8.44e-008,0.00230563
8.45e-008,0.00231419
8.46e-008,0.00229535
8.47e-008,0.00226794
8.48e-008,0.00224053
8.49e-008,0.00226109
8.5e-008,0.00233646
8.51e-008,0.00247521
8.52e-008,0.00262081
8.53e-008,0.00274585
8.54e-008,0.00279896
8.55e-008,0.00282122
8.56e-008,0.00282294
8.57e-008,0.00284863
8.58e-008,0.00289317
8.59e-008,0.00298053
8.6e-008,0.00310215
8.61e-008,0.00322034
8.62e-008,0.00327687
8.63e-008,0.00331627
8.64e-008,0.003294
8.65e-008,0.00330256
8.66e-008,0.00331113
8.67e-008,0.00337451
8.68e-008,0.00349099
8.69e-008,0.00362802
8.7e-008,0.00376848
8.71e-008,0.00386441
8.72e-008,0.00392265
8.73e-008,0.00393293
8.74e-008,0.00395348
8.75e-008,0.00397746
8.76e-008,0.00405797
8.77e-008,0.00415047
8.78e-008,0.00424811
8.79e-008,0.00435431
8.8e-008,0.00443653
8.81e-008,0.00447936
8.82e-008,0.00449135
8.83e-008,0.00450505
8.84e-008,0.00452218
8.85e-008,0.00458042
8.86e-008,0.00461982
8.87e-008,0.00468662
8.88e-008,0.00472088
8.89e-008,0.00479625
8.9e-008,0.00486991
8.91e-008,0.00497611
8.92e-008,0.00507375
8.93e-008,0.00516967
8.94e-008,0.00525361
8.95e-008,0.00525703
8.96e-008,0.00525532
8.97e-008,0.00524676
8.98e-008,0.00524504
8.99e-008,0.00528787
9e-008,0.00535467
9.01e-008,0.00543518
9.02e-008,0.00548828
9.03e-008,0.00551569
9.04e-008,0.00552425
9.05e-008,0.00551569
9.06e-008,0.0055568
9.07e-008,0.00563046
9.08e-008,0.00572296
9.09e-008,0.0058086
9.1e-008,0.00585657
9.11e-008,0.00586342
9.12e-008,0.00584971
9.13e-008,0.00583601
9.14e-008,0.00584629
9.15e-008,0.00594906
9.16e-008,0.00608096
9.17e-008,0.00621971
9.18e-008,0.00631221
9.19e-008,0.00630536
9.2e-008,0.00625739
9.21e-008,0.00614263
9.22e-008,0.00604842
9.23e-008,0.0059936
9.24e-008,0.00602272
9.25e-008,0.00614948
9.26e-008,0.00627281
9.27e-008,0.00637388
9.28e-008,0.00642526
9.29e-008,0.00642698
9.3e-008,0.0064167
9.31e-008,0.00640642
9.32e-008,0.0064167
9.33e-008,0.00646466
9.34e-008,0.00649721
9.35e-008,0.00652119
9.36e-008,0.00651776
9.37e-008,0.00647151
9.38e-008,0.00643383
9.39e-008,0.00643554
9.4e-008,0.00649207
9.41e-008,0.00658285
9.42e-008,0.00668392
9.43e-008,0.00675929
9.44e-008,0.00679526
9.45e-008,0.00677299
9.46e-008,0.00676785
9.47e-008,0.00673531
9.48e-008,0.00667364
9.49e-008,0.00665309
9.5e-008,0.00662568
9.51e-008,0.00661197
9.52e-008,0.00662054
9.53e-008,0.00667535
9.54e-008,0.006761
9.55e-008,0.00687577
9.56e-008,0.0069323
9.57e-008,0.00696998
9.58e-008,0.00693915
9.59e-008,0.00686549
9.6e-008,0.00679869
9.61e-008,0.00673531
9.62e-008,0.00668734
9.63e-008,0.00667878
9.64e-008,0.0066942
9.65e-008,0.00672846
9.66e-008,0.00675929
9.67e-008,0.00677642
9.68e-008,0.00676443
9.69e-008,0.00676614
9.7e-008,0.00675072
9.71e-008,0.00670276
9.72e-008,0.00666679
9.73e-008,0.00666165
9.74e-008,0.0066942
9.75e-008,0.00672503
9.76e-008,0.00675244
9.77e-008,0.00676785
9.78e-008,0.00679869
9.79e-008,0.00681753
9.8e-008,0.00678327
9.81e-008,0.00679012
9.82e-008,0.00675586
9.83e-008,0.00670276
9.84e-008,0.00663082
9.85e-008,0.00656744
9.86e-008,0.00650749
9.87e-008,0.00649207
9.88e-008,0.0064835
9.89e-008,0.00649378
9.9e-008,0.00646809
9.91e-008,0.00644239
9.92e-008,0.00642869
9.93e-008,0.00642355
9.94e-008,0.00642355
9.95e-008,0.0064561
9.96e-008,0.00649549
9.97e-008,0.00651434
9.98e-008,0.00651434
9.99e-008,0.00648693
1e-007,0.00648179
1.001e-007,0.00642869
1.002e-007,0.00637901
1.003e-007,0.00634818
1.004e-007,0.00633448
1.005e-007,0.00632077
1.006e-007,0.0063242
1.007e-007,0.00632591
1.008e-007,0.00631221
1.009e-007,0.0063242
1.01e-007,0.00630536
1.011e-007,0.00631906
1.012e-007,0.00633448
1.013e-007,0.00634818
1.014e-007,0.00634818
1.015e-007,0.00634818
1.016e-007,0.0063379
1.017e-007,0.00631735
1.018e-007,0.00627281
1.019e-007,0.00621457
1.02e-007,0.00615291
1.021e-007,0.00612721
1.022e-007,0.00607411
1.023e-007,0.00604328
1.024e-007,0.00605698
1.025e-007,0.00607068
1.026e-007,0.00609295
1.027e-007,0.00609295
1.028e-007,0.00606897
1.029e-007,0.00603129
1.03e-007,0.00596791
1.031e-007,0.00588055
1.032e-007,0.0057949
1.033e-007,0.00577777
1.034e-007,0.00578462
1.035e-007,0.00581374
1.036e-007,0.00582745
1.037e-007,0.00579319
1.038e-007,0.00570754
1.039e-007,0.00559106
1.04e-007,0.00549685
1.041e-007,0.00544203
1.042e-007,0.00543518
1.043e-007,0.00549856
1.044e-007,0.0055705
1.045e-007,0.00558935
1.046e-007,0.00554995
1.047e-007,0.00544203
1.048e-007,0.00531014
1.049e-007,0.00515254
1.05e-007,0.00505319
1.051e-007,0.00500352
1.052e-007,0.00496755
1.053e-007,0.00498981
1.054e-007,0.00497954
1.055e-007,0.00492815
1.056e-007,0.00487505
1.057e-007,0.00479454
1.058e-007,0.00472431
1.059e-007,0.00466949
1.06e-007,0.0046044
1.061e-007,0.00458898
1.062e-007,0.00456329
1.063e-007,0.00458556
1.064e-007,0.00461468
1.065e-007,0.00462667
1.066e-007,0.00462153
1.067e-007,0.00458042
1.068e-007,0.00449477
1.069e-007,0.00436288
1.07e-007,0.00421385
1.071e-007,0.00405968
1.072e-007,0.00395006
1.073e-007,0.00387469
1.074e-007,0.00383358
1.075e-007,0.00380617
1.076e-007,0.00377705
1.077e-007,0.00378047
1.078e-007,0.00377191
1.079e-007,0.00373422
1.08e-007,0.00371709
1.081e-007,0.00366742
1.082e-007,0.00356293
1.083e-007,0.00339506
1.084e-007,0.00324432
1.085e-007,0.00311242
1.086e-007,0.00301479
1.087e-007,0.00296682
1.088e-007,0.00292914
1.089e-007,0.00289831
1.09e-007,0.00285377
1.091e-007,0.00278696
1.092e-007,0.00271331
1.093e-007,0.0026722
1.094e-007,0.00265507
1.095e-007,0.0026465
1.096e-007,0.00263109
1.097e-007,0.00259683
1.098e-007,0.00253002
1.099e-007,0.00242211
1.1e-007,0.00231419
1.101e-007,0.00227137
1.102e-007,0.00221998
1.103e-007,0.00222854
1.104e-007,0.00222169
1.105e-007,0.00219086
1.106e-007,0.00213091
1.107e-007,0.00202642
1.108e-007,0.00192193
1.109e-007,0.00180373
1.11e-007,0.00170267
1.111e-007,0.00163586
1.112e-007,0.00155364
1.113e-007,0.00147142
1.114e-007,0.00138406
1.115e-007,0.00131212
1.116e-007,0.00125388
1.117e-007,0.00123846
1.118e-007,0.00120763
1.119e-007,0.0011648
1.12e-007,0.00112027
1.121e-007,0.00103976
1.122e-007,0.000924991
1.123e-007,0.000806798
1.124e-007,0.000702308
1.125e-007,0.000649207
1.126e-007,0.000606383
1.127e-007,0.000608096
1.128e-007,0.000609809
1.129e-007,0.000566985
1.13e-007,0.000515597
1.131e-007,0.000421385
1.132e-007,0.000327173
1.133e-007,0.000236387
1.134e-007,0.000161017
1.135e-007,0.000102777
1.136e-007,7.87956e-005
1.137e-007,7.70826e-005
1.138e-007,5.13884e-005
1.139e-007,1.88424e-005
1.14e-007,-2.05554e-005
1.141e-007,-7.02308e-005
1.142e-007,-0.000147313
1.143e-007,-0.000203841
1.144e-007,-0.000284349
1.145e-007,-0.000337451
1.146e-007,-0.000414533
1.147e-007,-0.000507032
1.148e-007,-0.000572124
1.149e-007,-0.000626939
1.15e-007,-0.000697169
1.151e-007,-0.000731428
1.152e-007,-0.000793094
1.153e-007,-0.000811937
1.154e-007,-0.000829066
1.155e-007,-0.000832492
1.156e-007,-0.000841057
1.157e-007,-0.000877029
1.158e-007,-0.000909575
1.159e-007,-0.000955824
1.16e-007,-0.0010192
1.161e-007,-0.00110656
1.162e-007,-0.00119906
1.163e-007,-0.00129327
1.164e-007,-0.00138577
1.165e-007,-0.00146457
1.166e-007,-0.00153651
1.167e-007,-0.00156563
1.168e-007,-0.00154679
1.169e-007,-0.00153137
1.17e-007,-0.00149026
1.171e-007,-0.00143545
1.172e-007,-0.0014029
1.173e-007,-0.00136351
1.174e-007,-0.00132068
1.175e-007,-0.00133096
1.176e-007,-0.00135494
1.177e-007,-0.00142688
1.178e-007,-0.0015211
1.179e-007,-0.00160332
1.18e-007,-0.00171466
1.181e-007,-0.00178146
1.182e-007,-0.00182086
1.183e-007,-0.00184656
1.184e-007,-0.00187568
1.185e-007,-0.00189623
1.186e-007,-0.00194591
1.187e-007,-0.00199216
1.188e-007,-0.00203155
1.189e-007,-0.00206753
1.19e-007,-0.00211892
1.191e-007,-0.00212919
1.192e-007,-0.00214975
1.193e-007,-0.00215489
1.194e-007,-0.0021035
1.195e-007,-0.00205725
1.196e-007,-0.00200243
1.197e-007,-0.00196818
1.198e-007,-0.00198017
1.199e-007,-0.00201785
1.2e-007,-0.00206581
1.201e-007,-0.00211206
1.202e-007,-0.00215489
1.203e-007,-0.00218743
1.204e-007,-0.00218915
1.205e-007,-0.00221655
1.206e-007,-0.00222512
1.207e-007,-0.00220799
1.208e-007,-0.00219086
1.209e-007,-0.00216003
1.21e-007,-0.00214632
1.211e-007,-0.00215317
1.212e-007,-0.00221141
1.213e-007,-0.00228165
1.214e-007,-0.00238271
1.215e-007,-0.0024478
1.216e-007,-0.00251632
1.217e-007,-0.0025403
1.218e-007,-0.00253687
1.219e-007,-0.00255058
1.22e-007,-0.00257627
1.221e-007,-0.00259854
1.222e-007,-0.00265849
1.223e-007,-0.00269789
1.224e-007,-0.00274414
1.225e-007,-0.0027647
1.226e-007,-0.00277497
1.227e-007,-0.00274928
1.228e-007,-0.00270817
1.229e-007,-0.00265335
1.23e-007,-0.00260368
1.231e-007,-0.00257627
1.232e-007,-0.00257456
1.233e-007,-0.0025797
1.234e-007,-0.00258312
1.235e-007,-0.00259169
1.236e-007,-0.00258826
1.237e-007,-0.00258312
1.238e-007,-0.00257799
1.239e-007,-0.00260368
1.24e-007,-0.00263965
1.241e-007,-0.00269447
1.242e-007,-0.00270646
1.243e-007,-0.00268933
1.244e-007,-0.00263623
1.245e-007,-0.00257799
1.246e-007,-0.0025403
1.247e-007,-0.00255058
1.248e-007,-0.00260368
1.249e-007,-0.00266192
1.25e-007,-0.00272187
1.251e-007,-0.00273215
1.252e-007,-0.00270132
1.253e-007,-0.00263794
1.254e-007,-0.00259511
1.255e-007,-0.00254715
1.256e-007,-0.00251461
1.257e-007,-0.00252146
1.258e-007,-0.00251118
1.259e-007,-0.00250947
1.26e-007,-0.00246493
1.261e-007,-0.00242382
1.262e-007,-0.00236558
1.263e-007,-0.00230905
1.264e-007,-0.0023022
1.265e-007,-0.00233475
1.266e-007,-0.00239127
1.267e-007,-0.00244609
1.268e-007,-0.00248206
1.269e-007,-0.00249062
1.27e-007,-0.00247692
1.271e-007,-0.00245808
1.272e-007,-0.00242725
1.273e-007,-0.00240669
1.274e-007,-0.0024084
1.275e-007,-0.002381
1.276e-007,-0.0023553
1.277e-007,-0.0023416
1.278e-007,-0.00230391
1.279e-007,-0.00227308
1.28e-007,-0.00223026
1.281e-007,-0.00219257
1.282e-007,-0.0021566
1.283e-007,-0.00214118
1.284e-007,-0.00213776
1.285e-007,-0.00216345
1.286e-007,-0.00219428
1.287e-007,-0.00221484
1.288e-007,-0.00219942
1.289e-007,-0.00216174
1.29e-007,-0.0020778
1.291e-007,-0.00199387
1.292e-007,-0.00194762
1.293e-007,-0.00194591
1.294e-007,-0.00198702
1.295e-007,-0.00204355
1.296e-007,-0.00209836
1.297e-007,-0.00213433
1.298e-007,-0.00214975
1.299e-007,-0.00218401
1.3e-007,-0.00221484
1.301e-007,-0.00225938
1.302e-007,-0.00231419
1.303e-007,-0.00233646
1.304e-007,-0.00231248
1.305e-007,-0.00226452
1.306e-007,-0.00219257
1.307e-007,-0.00217202
1.308e-007,-0.00215831
1.309e-007,-0.00214632
1.31e-007,-0.00216688
1.311e-007,-0.00215831
1.312e-007,-0.00217202
1.313e-007,-0.00218572
1.314e-007,-0.00222683
1.315e-007,-0.00225424
1.316e-007,-0.00231419
1.317e-007,-0.00234674
1.318e-007,-0.00234331
1.319e-007,-0.00231419
1.32e-007,-0.00226623
1.321e-007,-0.00220628
1.322e-007,-0.0021566
1.323e-007,-0.00211378
1.324e-007,-0.00211035
1.325e-007,-0.00214975
1.326e-007,-0.00220285
1.327e-007,-0.00227993
1.328e-007,-0.00235359
1.329e-007,-0.00239984
1.33e-007,-0.00241183
1.331e-007,-0.00238785
1.332e-007,-0.00233646
1.333e-007,-0.00229706
1.334e-007,-0.00233475
1.335e-007,-0.00237072
1.336e-007,-0.00244095
1.337e-007,-0.00251803
1.338e-007,-0.00260368
1.339e-007,-0.00266363
1.34e-007,-0.0026996
1.341e-007,-0.00276984
1.342e-007,-0.00281951
1.343e-007,-0.00282636
1.344e-007,-0.00278183
1.345e-007,-0.00266535
1.346e-007,-0.00253002
1.347e-007,-0.00241868
1.348e-007,-0.00237928
1.349e-007,-0.00241354
1.35e-007,-0.00251632
1.351e-007,-0.00260711
1.352e-007,-0.00270132
1.353e-007,-0.00273044
1.354e-007,-0.0027253
1.355e-007,-0.00271845
1.356e-007,-0.00269104
1.357e-007,-0.00272016
1.358e-007,-0.00276984
1.359e-007,-0.00283321
1.36e-007,-0.00291201
1.361e-007,-0.00298053
1.362e-007,-0.0030028
1.363e-007,-0.00304905
1.364e-007,-0.00307474
1.365e-007,-0.0030833
1.366e-007,-0.00308502
1.367e-007,-0.00309529
1.368e-007,-0.00307303
1.369e-007,-0.00305247
1.37e-007,-0.00304905
1.371e-007,-0.00304219
1.372e-007,-0.00306275
1.373e-007,-0.00308159
1.374e-007,-0.0030833
1.375e-007,-0.0030833
1.376e-007,-0.00310557
1.377e-007,-0.00312955
1.378e-007,-0.00316724
1.379e-007,-0.00321349
1.38e-007,-0.00326659
1.381e-007,-0.0033077
1.382e-007,-0.00332826
1.383e-007,-0.00331969
1.384e-007,-0.00330941
1.385e-007,-0.00333511
1.386e-007,-0.00335738
1.387e-007,-0.00339506
1.388e-007,-0.00343617
1.389e-007,-0.00346872
1.39e-007,-0.00347043
1.391e-007,-0.0034533
1.392e-007,-0.00344131
1.393e-007,-0.00342761
1.394e-007,-0.00344302
1.395e-007,-0.00344816
1.396e-007,-0.0034533
1.397e-007,-0.00346872
1.398e-007,-0.00345159
1.399e-007,-0.00349612
1.4e-007,-0.00353552
1.401e-007,-0.00357149
1.402e-007,-0.00361089
1.403e-007,-0.00362288
1.404e-007,-0.0035989
1.405e-007,-0.00354751
1.406e-007,-0.003479
1.407e-007,-0.00342075
1.408e-007,-0.00337108
1.409e-007,-0.00340363
1.41e-007,-0.00344302
1.411e-007,-0.00352011
1.412e-007,-0.00359548
1.413e-007,-0.00362802
1.414e-007,-0.00363316
1.415e-007,-0.00360404
1.416e-007,-0.00352867
1.417e-007,-0.00348756
1.418e-007,-0.00348585
1.419e-007,-0.00350298
1.42e-007,-0.00354409
1.421e-007,-0.00358348
1.422e-007,-0.00361089
1.423e-007,-0.00361089
1.424e-007,-0.00359205
1.425e-007,-0.00356293
1.426e-007,-0.00351668
1.427e-007,-0.00346015
1.428e-007,-0.00340705
1.429e-007,-0.00334539
1.43e-007,-0.00330941
1.431e-007,-0.00328029
1.432e-007,-0.00326145
1.433e-007,-0.00325117
1.434e-007,-0.00326488
1.435e-007,-0.00330085
1.436e-007,-0.00333511
1.437e-007,-0.00337964
1.438e-007,-0.00339677
1.439e-007,-0.00342075
1.44e-007,-0.00338821
1.441e-007,-0.00333339
1.442e-007,-0.00328886
1.443e-007,-0.0032152
1.444e-007,-0.00312613
1.445e-007,-0.00307474
1.446e-007,-0.00299766
1.447e-007,-0.00297025
1.448e-007,-0.00293942
1.449e-007,-0.00291372
1.45e-007,-0.00289145
1.451e-007,-0.00290002
1.452e-007,-0.00288289
1.453e-007,-0.0028178
1.454e-007,-0.00274757
1.455e-007,-0.00264479
1.456e-007,-0.00258312
1.457e-007,-0.0025403
1.458e-007,-0.00252488
1.459e-007,-0.00256942
1.46e-007,-0.0026191
1.461e-007,-0.00262423
1.462e-007,-0.00259683
1.463e-007,-0.00253174
1.464e-007,-0.00244095
1.465e-007,-0.00236558
1.466e-007,-0.00230049
1.467e-007,-0.00222341
1.468e-007,-0.00217544
1.469e-007,-0.00211206
1.47e-007,-0.00207267
1.471e-007,-0.00208637
1.472e-007,-0.00211549
1.473e-007,-0.00218058
1.474e-007,-0.00223882
1.475e-007,-0.00221998
1.476e-007,-0.00215489
1.477e-007,-0.00205725
1.478e-007,-0.00195276
1.479e-007,-0.00188424
1.48e-007,-0.00181401
1.481e-007,-0.00176091
1.482e-007,-0.00171809
1.483e-007,-0.00165642
1.484e-007,-0.00157077
1.485e-007,-0.00148341
1.486e-007,-0.0014423
1.487e-007,-0.00142517
1.488e-007,-0.00143374
1.489e-007,-0.00143031
1.49e-007,-0.00143202
1.491e-007,-0.0014286
1.492e-007,-0.00136522
1.493e-007,-0.00131726
1.494e-007,-0.00127957
1.495e-007,-0.00128128
1.496e-007,-0.00127615
1.497e-007,-0.0012573
1.498e-007,-0.00122304
1.499e-007,-0.00118536
1.5e-007,-0.00110485
1.501e-007,-0.00104318
1.502e-007,-0.000954111
1.503e-007,-0.000868464
1.504e-007,-0.000772539
1.505e-007,-0.000668049
1.506e-007,-0.000585828
1.507e-007,-0.000544717
1.508e-007,-0.000532726
1.509e-007,-0.000543004
1.51e-007,-0.000556708
1.511e-007,-0.000549856
1.512e-007,-0.000505319
1.513e-007,-0.00047106
1.514e-007,-0.000402543
1.515e-007,-0.000340876
1.516e-007,-0.000320321
1.517e-007,-0.000306617
1.518e-007,-0.000349441
1.519e-007,-0.000361432
1.52e-007,-0.000339163
1.521e-007,-0.000294627
1.522e-007,-0.000159304
1.523e-007,-4.45366e-005
1.524e-007,6.3379e-005
1.525e-007,0.000135323
1.526e-007,0.000159304
1.527e-007,0.000154165
1.528e-007,0.000114767
1.529e-007,9.5925e-005
1.53e-007,0.000106203
1.531e-007,0.000171295
1.532e-007,0.000251803
1.533e-007,0.000349441
1.534e-007,0.000443653
1.535e-007,0.000525875
1.536e-007,0.000614948
1.537e-007,0.000644068
1.538e-007,0.000669762
1.539e-007,0.000683466
1.54e-007,0.000681753
1.541e-007,0.000693743
1.542e-007,0.000685179
1.543e-007,0.000707447
1.544e-007,0.00075541
1.545e-007,0.000765687
1.546e-007,0.000782817
1.547e-007,0.000811937
1.548e-007,0.000875316
1.549e-007,0.000952398
1.55e-007,0.00106031
1.551e-007,0.00116309
1.552e-007,0.00126929
1.553e-007,0.00132068
1.554e-007,0.00134124
1.555e-007,0.00135323
1.556e-007,0.00135665
1.557e-007,0.00135665
1.558e-007,0.00137378
1.559e-007,0.00132925
1.56e-007,0.00132753
1.561e-007,0.00134124
1.562e-007,0.00137036
1.563e-007,0.001456
1.564e-007,0.00157249
1.565e-007,0.00168211
1.566e-007,0.00176434
1.567e-007,0.0017866
1.568e-007,0.00175063
1.569e-007,0.0017061
1.57e-007,0.00163929
1.571e-007,0.00160332
1.572e-007,0.00159647
1.573e-007,0.0016273
1.574e-007,0.00169068
1.575e-007,0.00177975
1.576e-007,0.0018654
1.577e-007,0.00191336
1.578e-007,0.00196475
1.579e-007,0.00196132
1.58e-007,0.00194591
1.581e-007,0.00200072
1.582e-007,0.00206068
1.583e-007,0.00216174
1.584e-007,0.00225253
1.585e-007,0.00230734
1.586e-007,0.00233303
1.587e-007,0.00231762
1.588e-007,0.00226623
1.589e-007,0.00223197
1.59e-007,0.00223368
1.591e-007,0.00224225
1.592e-007,0.00224739
1.593e-007,0.00223711
1.594e-007,0.00222683
1.595e-007,0.0022491
1.596e-007,0.00225253
1.597e-007,0.0023022
1.598e-007,0.00235701
1.599e-007,0.00241868
1.6e-007,0.0024615
1.601e-007,0.0024735
1.602e-007,0.00247521
1.603e-007,0.00246493
1.604e-007,0.0024478
1.605e-007,0.00241697
1.606e-007,0.00241697
1.607e-007,0.00241012
1.608e-007,0.00242039
1.609e-007,0.00242211
1.61e-007,0.0024735
1.611e-007,0.002554
1.612e-007,0.00260539
1.613e-007,0.00260368
1.614e-007,0.00258998
1.615e-007,0.002554
1.616e-007,0.00249919
1.617e-007,0.00248891
1.618e-007,0.00247007
1.619e-007,0.00250604
1.62e-007,0.00253516
1.621e-007,0.00255058
1.622e-007,0.00255914
1.623e-007,0.00260711
1.624e-007,0.00262252
1.625e-007,0.00267734
1.626e-007,0.00271673
1.627e-007,0.00273386
1.628e-007,0.00270303
1.629e-007,0.00264822
1.63e-007,0.00256599
1.631e-007,0.00246493
1.632e-007,0.00241526
1.633e-007,0.00236901
1.634e-007,0.002381
1.635e-007,0.00242896
1.636e-007,0.00249062
1.637e-007,0.00253516
1.638e-007,0.0025934
1.639e-007,0.00261224
1.64e-007,0.00262423
1.641e-007,0.00262081
1.642e-007,0.00261053
1.643e-007,0.00260368
1.644e-007,0.00261224
1.645e-007,0.00260882
1.646e-007,0.00262081
1.647e-007,0.00265335
1.648e-007,0.00268076
1.649e-007,0.00265164
1.65e-007,0.00261396
1.651e-007,0.00256428
1.652e-007,0.00250262
1.653e-007,0.00245123
1.654e-007,0.00238271
1.655e-007,0.00235016
1.656e-007,0.0023553
1.657e-007,0.00240155
1.658e-007,0.00243067
1.659e-007,0.00251118
1.66e-007,0.00259683
1.661e-007,0.00269447
1.662e-007,0.00275099
1.663e-007,0.00276298
1.664e-007,0.00273558
1.665e-007,0.00270988
1.666e-007,0.00271159
1.667e-007,0.0026996
1.668e-007,0.00272872
1.669e-007,0.00274928
1.67e-007,0.00276127
1.671e-007,0.00275099
1.672e-007,0.00273558
1.673e-007,0.00266363
1.674e-007,0.00260711
1.675e-007,0.00253859
1.676e-007,0.00247863
1.677e-007,0.00244095
1.678e-007,0.00241868
1.679e-007,0.00239127
1.68e-007,0.00241183
1.681e-007,0.00242553
1.682e-007,0.00243581
1.683e-007,0.00245808
1.684e-007,0.00246664
1.685e-007,0.00244095
1.686e-007,0.00239984
1.687e-007,0.00238613
1.688e-007,0.00238271
1.689e-007,0.00239641
1.69e-007,0.00245637
1.691e-007,0.00248549
1.692e-007,0.00252146
1.693e-007,0.00254201
1.694e-007,0.0025009
1.695e-007,0.00245637
1.696e-007,0.00240669
1.697e-007,0.00236044
1.698e-007,0.00231762
1.699e-007,0.00225595
1.7e-007,0.00222512
1.701e-007,0.00222341
1.702e-007,0.00223368
1.703e-007,0.00221998
1.704e-007,0.00219428
1.705e-007,0.00216345
1.706e-007,0.00209836
1.707e-007,0.00203498
1.708e-007,0.00194077
1.709e-007,0.00192364
1.71e-007,0.00190822
1.711e-007,0.00194933
1.712e-007,0.00197674
1.713e-007,0.00200072
1.714e-007,0.00200757
1.715e-007,0.00196132
1.716e-007,0.00188082
1.717e-007,0.00180716
1.718e-007,0.0017592
1.719e-007,0.00176434
1.72e-007,0.00180031
1.721e-007,0.0018517
1.722e-007,0.00189966
1.723e-007,0.00191165
1.724e-007,0.00186883
1.725e-007,0.00181572
1.726e-007,0.00172151
1.727e-007,0.00166327
1.728e-007,0.00160161
1.729e-007,0.00159475
1.73e-007,0.00162045
1.731e-007,0.00162901
1.732e-007,0.00166841
1.733e-007,0.00169068
1.734e-007,0.00174549
1.735e-007,0.00174207
1.736e-007,0.00170781
1.737e-007,0.00161873
1.738e-007,0.00152624
1.739e-007,0.0014029
1.74e-007,0.00128985
1.741e-007,0.0012436
1.742e-007,0.00124531
1.743e-007,0.00130869
1.744e-007,0.00139776
1.745e-007,0.00147485
1.746e-007,0.00156049
1.747e-007,0.00157762
1.748e-007,0.00153823
1.749e-007,0.00143716
1.75e-007,0.00130355
1.751e-007,0.00117851
1.752e-007,0.00106717
1.753e-007,0.00098837
1.754e-007,0.000954111
1.755e-007,0.00095925
1.756e-007,0.00097638
