LECROYWM8500,500500138,Waveform
Segments,1,SegmentSize,2002
Segment,TrigTime,TimeSinceSegment1
#1,21-Mar-2024 17:09:06,0                 
Time,Ampl
-2.45e-008,0.000289488
-2.44e-008,0.000234674
-2.43e-008,0.000198702
-2.42e-008,0.000152452
-2.41e-008,0.000164443
-2.4e-008,0.000214118
-2.39e-008,0.000306617
-2.38e-008,0.0003837
-2.37e-008,0.000380274
-2.36e-008,0.000390552
-2.35e-008,0.000303192
-2.34e-008,0.000232961
-2.33e-008,0.000176434
-2.32e-008,0.000152452
-2.31e-008,0.000113054
-2.3e-008,0.00010449
-2.29e-008,9.07862e-005
-2.28e-008,6.68049e-005
-2.27e-008,6.3379e-005
-2.26e-008,6.16661e-005
-2.25e-008,9.07862e-005
-2.24e-008,0.000140462
-2.23e-008,0.000186711
-2.22e-008,0.000255229
-2.21e-008,0.000298053
-2.2e-008,0.000320321
-2.19e-008,0.000304905
-2.18e-008,0.000284349
-2.17e-008,0.000241526
-2.16e-008,0.000198702
-2.15e-008,0.000130184
-2.14e-008,0.000101064
-2.13e-008,7.87956e-005
-2.12e-008,0.000113054
-2.11e-008,0.0001456
-2.1e-008,0.000195276
-2.09e-008,0.0002381
-2.08e-008,0.000280923
-2.07e-008,0.000311756
-2.06e-008,0.000334025
-2.05e-008,0.000385413
-2.04e-008,0.000421385
-2.03e-008,0.000448792
-2.02e-008,0.000436801
-2.01e-008,0.000378561
-2e-008,0.000327173
-1.99e-008,0.000243238
-1.98e-008,0.000198702
-1.97e-008,0.000200415
-1.96e-008,0.00025009
-1.95e-008,0.000298053
-1.94e-008,0.000323747
-1.93e-008,0.000334025
-1.92e-008,0.000287775
-1.91e-008,0.000202128
-1.9e-008,0.000164443
-1.89e-008,0.000149026
-1.88e-008,0.000205554
-1.87e-008,0.000286062
-1.86e-008,0.000363145
-1.85e-008,0.000373422
-1.84e-008,0.000346015
-1.83e-008,0.000298053
-1.82e-008,0.000222683
-1.81e-008,0.00016273
-1.8e-008,0.000130184
-1.79e-008,0.000119906
-1.78e-008,0.000123332
-1.77e-008,0.000159304
-1.76e-008,0.000262081
-1.75e-008,0.000380274
-1.74e-008,0.000479625
-1.73e-008,0.000578976
-1.72e-008,0.000640642
-1.71e-008,0.000659485
-1.7e-008,0.000594393
-1.69e-008,0.00050018
-1.68e-008,0.000424811
-1.67e-008,0.000340876
-1.66e-008,0.000270646
-1.65e-008,0.000193563
-1.64e-008,0.000123332
-1.63e-008,4.28237e-005
-1.62e-008,6.85179e-006
-1.61e-008,-1.02777e-005
-1.6e-008,3.42589e-005
-1.59e-008,0.000109629
-1.58e-008,0.000166156
-1.57e-008,0.000188424
-1.56e-008,0.000155878
-1.55e-008,0.000107916
-1.54e-008,5.13884e-005
-1.53e-008,1.88424e-005
-1.52e-008,4.79625e-005
-1.51e-008,9.07862e-005
-1.5e-008,0.00011648
-1.49e-008,0.000119906
-1.48e-008,9.07862e-005
-1.47e-008,2.39813e-005
-1.46e-008,-1.88424e-005
-1.45e-008,-3.42589e-005
-1.44e-008,-1.19906e-005
-1.43e-008,2.56942e-005
-1.42e-008,6.85179e-006
-1.41e-008,6.85179e-005
-1.4e-008,0.000121619
-1.39e-008,0.000176434
-1.38e-008,0.000248377
-1.37e-008,0.000286062
-1.36e-008,0.000291201
-1.35e-008,0.000262081
-1.34e-008,0.000212405
-1.33e-008,0.00019185
-1.32e-008,0.000176434
-1.31e-008,0.000190137
-1.3e-008,0.000215831
-1.29e-008,0.000205554
-1.28e-008,0.000212405
-1.27e-008,0.000214118
-1.26e-008,0.000265507
-1.25e-008,0.000291201
-1.24e-008,0.000316895
-1.23e-008,0.000328886
-1.22e-008,0.000289488
-1.21e-008,0.00022097
-1.2e-008,0.000179859
-1.19e-008,0.000143888
-1.18e-008,0.000167869
-1.17e-008,0.000193563
-1.16e-008,0.000255229
-1.15e-008,0.000310043
-1.14e-008,0.000371709
-1.13e-008,0.000417959
-1.12e-008,0.000436801
-1.11e-008,0.000450505
-1.1e-008,0.000464209
-1.09e-008,0.000477912
-1.08e-008,0.00051731
-1.07e-008,0.000584115
-1.06e-008,0.000690318
-1.05e-008,0.000793094
-1.04e-008,0.000863325
-1.03e-008,0.000877029
-1.02e-008,0.00084277
-1.01e-008,0.000799946
-1e-008,0.000762261
-9.9e-009,0.000758835
-9.8e-009,0.000791381
-9.7e-009,0.00084277
-9.6e-009,0.000895871
-9.5e-009,0.000945547
-9.4e-009,0.000960963
-9.3e-009,0.000928417
-9.2e-009,0.000897584
-9.1e-009,0.00087189
-9e-009,0.00084277
-8.9e-009,0.000849622
-8.8e-009,0.000837631
-8.7e-009,0.000841057
-8.6e-009,0.000859899
-8.5e-009,0.000868464
-8.4e-009,0.000837631
-8.3e-009,0.000803372
-8.2e-009,0.000760548
-8.1e-009,0.000745132
-8e-009,0.000779391
-7.9e-009,0.000839344
-7.8e-009,0.000933556
-7.7e-009,0.00095925
-7.6e-009,0.00091814
-7.5e-009,0.000815363
-7.4e-009,0.000630364
-7.3e-009,0.000390552
-7.2e-009,0.000137036
-7.1e-009,-3.2546e-005
-7e-009,-0.000101064
-6.9e-009,-6.16661e-005
-6.8e-009,0.000125045
-6.7e-009,0.00032546
-6.6e-009,0.000558421
-6.5e-009,0.000700595
-6.4e-009,0.000779391
-6.3e-009,0.000712586
-6.2e-009,0.000565272
-6.1e-009,0.000339163
-6e-009,0.00013361
-5.9e-009,-3.42589e-005
-5.8e-009,-0.000149026
-5.7e-009,-0.000196989
-5.6e-009,-0.000178146
-5.5e-009,-0.00010449
-5.4e-009,-3.93978e-005
-5.3e-009,1.88424e-005
-5.2e-009,3.76848e-005
-5.1e-009,3.2546e-005
-5e-009,7.19438e-005
-4.9e-009,0.000121619
-4.8e-009,0.000193563
-4.7e-009,0.000301479
-4.6e-009,0.000392265
-4.5e-009,0.000476199
-4.4e-009,0.000501893
-4.3e-009,0.000522449
-4.2e-009,0.000489903
-4.1e-009,0.000453931
-4e-009,0.000393978
-3.9e-009,0.000316895
-3.8e-009,0.000263794
-3.7e-009,0.000190137
-3.6e-009,0.000155878
-3.5e-009,0.000126758
-3.4e-009,6.85179e-005
-3.3e-009,1.37036e-005
-3.2e-009,-9.07862e-005
-3.1e-009,-0.000135323
-3e-009,-9.7638e-005
-2.9e-009,-2.22683e-005
-2.8e-009,0.000171295
-2.7e-009,0.000376848
-2.6e-009,0.000611522
-2.5e-009,0.000714299
-2.4e-009,0.000712586
-2.3e-009,0.000544717
-2.2e-009,0.000323747
-2.1e-009,5.48143e-005
-2e-009,-0.000155878
-1.9e-009,-0.000277497
-1.8e-009,-0.000282636
-1.7e-009,-0.000234674
-1.6e-009,-0.000161017
-1.5e-009,-7.70826e-005
-1.4e-009,-2.56942e-005
-1.3e-009,-5.13884e-006
-1.2e-009,-2.56942e-005
-1.1e-009,-3.93978e-005
-1e-009,-2.74071e-005
-9e-010,-3.42589e-006
-8e-010,5.31014e-005
-7e-010,0.000121619
-6e-010,0.00019185
-5e-010,0.000207267
-4e-010,0.000130184
-3e-010,-3.0833e-005
-2e-010,-0.000234674
-1e-010,-0.000469347
4.138488e-023,-0.000632077
1e-010,-0.000717725
2e-010,-0.000692031
3e-010,-0.000578976
4e-010,-0.000397404
5e-010,-0.000207267
6e-010,-3.76848e-005
7e-010,7.70826e-005
8e-010,0.000150739
9e-010,0.000121619
1e-009,-1.71295e-006
1.1e-009,-0.000214118
1.2e-009,-0.000428237
1.3e-009,-0.000611522
1.4e-009,-0.000731428
1.5e-009,-0.000745132
1.6e-009,-0.000657772
1.7e-009,-0.000489903
1.8e-009,-0.000342589
1.9e-009,-0.000248377
2e-009,-0.000241526
2.1e-009,-0.000236387
2.2e-009,-0.000239813
2.3e-009,-0.000215831
2.4e-009,-0.000210692
2.5e-009,-0.000227822
2.6e-009,-0.000322034
2.7e-009,-0.000464209
2.8e-009,-0.000632077
2.9e-009,-0.000777678
3e-009,-0.000863325
3.1e-009,-0.000913001
3.2e-009,-0.000935269
3.3e-009,-0.00097638
3.4e-009,-0.00103633
3.5e-009,-0.00114425
3.6e-009,-0.00124531
3.7e-009,-0.00132239
3.8e-009,-0.00135152
3.9e-009,-0.00134466
4e-009,-0.00131383
4.1e-009,-0.00130184
4.2e-009,-0.00130013
4.3e-009,-0.00136693
4.4e-009,-0.00140633
4.5e-009,-0.00144059
4.6e-009,-0.00141318
4.7e-009,-0.00134809
4.8e-009,-0.00128471
4.9e-009,-0.00122818
5e-009,-0.00122818
5.1e-009,-0.00124874
5.2e-009,-0.00133952
5.3e-009,-0.00137207
5.4e-009,-0.00142688
5.5e-009,-0.00145429
5.6e-009,-0.00150568
5.7e-009,-0.00154679
5.8e-009,-0.0016273
5.9e-009,-0.00169924
6e-009,-0.00172665
6.1e-009,-0.00172151
6.2e-009,-0.00169924
6.3e-009,-0.00164443
6.4e-009,-0.00160674
6.5e-009,-0.00156049
6.6e-009,-0.00149198
6.7e-009,-0.00136864
6.8e-009,-0.00127101
6.9e-009,-0.0011648
7e-009,-0.00110142
7.1e-009,-0.0010843
7.2e-009,-0.00112198
7.3e-009,-0.00119735
7.4e-009,-0.00127443
7.5e-009,-0.00131554
7.6e-009,-0.00132411
7.7e-009,-0.00131554
7.8e-009,-0.00128471
7.9e-009,-0.00128985
8e-009,-0.00135152
8.1e-009,-0.00147142
8.2e-009,-0.00160846
8.3e-009,-0.00175577
8.4e-009,-0.00184313
8.5e-009,-0.00191507
8.6e-009,-0.00191507
8.7e-009,-0.00188082
8.8e-009,-0.00178489
8.9e-009,-0.00165642
9e-009,-0.00152452
9.1e-009,-0.00140462
9.2e-009,-0.00135494
9.3e-009,-0.00134124
9.4e-009,-0.00138577
9.5e-009,-0.00146971
9.6e-009,-0.00156563
9.7e-009,-0.00167355
9.8e-009,-0.00175748
9.9e-009,-0.00181744
1e-008,-0.0018791
1.01e-008,-0.00195961
1.02e-008,-0.00201271
1.03e-008,-0.00210521
1.04e-008,-0.00217202
1.05e-008,-0.00223368
1.06e-008,-0.00228507
1.07e-008,-0.00229706
1.08e-008,-0.00227993
1.09e-008,-0.00224567
1.1e-008,-0.00218743
1.11e-008,-0.00212063
1.12e-008,-0.00201614
1.13e-008,-0.00190994
1.14e-008,-0.00179174
1.15e-008,-0.00171295
1.16e-008,-0.0017061
1.17e-008,-0.00178318
1.18e-008,-0.00195961
1.19e-008,-0.00215489
1.2e-008,-0.00231933
1.21e-008,-0.00239984
1.22e-008,-0.00238956
1.23e-008,-0.00229535
1.24e-008,-0.00214975
1.25e-008,-0.00195105
1.26e-008,-0.0017592
1.27e-008,-0.00162216
1.28e-008,-0.00149883
1.29e-008,-0.00143031
1.3e-008,-0.00136522
1.31e-008,-0.00129841
1.32e-008,-0.00125902
1.33e-008,-0.00118707
1.34e-008,-0.00115453
1.35e-008,-0.00113226
1.36e-008,-0.00118365
1.37e-008,-0.00128128
1.38e-008,-0.00136351
1.39e-008,-0.00141832
1.4e-008,-0.00140804
1.41e-008,-0.00130698
1.42e-008,-0.00117166
1.43e-008,-0.00106888
1.44e-008,-0.00104661
1.45e-008,-0.00111855
1.46e-008,-0.00119221
1.47e-008,-0.0012573
1.48e-008,-0.00120249
1.49e-008,-0.00105689
1.5e-008,-0.000875316
1.51e-008,-0.000702308
1.52e-008,-0.000590967
1.53e-008,-0.000565272
1.54e-008,-0.0006218
1.55e-008,-0.000647494
1.56e-008,-0.000719438
1.57e-008,-0.000758835
1.58e-008,-0.000762261
1.59e-008,-0.000728002
1.6e-008,-0.000669762
1.61e-008,-0.000582402
1.62e-008,-0.000489903
1.63e-008,-0.000407681
1.64e-008,-0.000380274
1.65e-008,-0.000375135
1.66e-008,-0.000407681
1.67e-008,-0.000460783
1.68e-008,-0.000481338
1.69e-008,-0.000477912
1.7e-008,-0.000493329
1.71e-008,-0.000505319
1.72e-008,-0.000512171
1.73e-008,-0.00057555
1.74e-008,-0.000638929
1.75e-008,-0.000695456
1.76e-008,-0.000697169
1.77e-008,-0.000697169
1.78e-008,-0.000644068
1.79e-008,-0.000560134
1.8e-008,-0.000452218
1.81e-008,-0.000351154
1.82e-008,-0.000255229
1.83e-008,-0.00020898
1.84e-008,-0.000179859
1.85e-008,-0.000212405
1.86e-008,-0.000275784
1.87e-008,-0.00035458
1.88e-008,-0.000426524
1.89e-008,-0.00045907
1.9e-008,-0.000453931
1.91e-008,-0.00040083
1.92e-008,-0.000320321
1.93e-008,-0.000284349
1.94e-008,-0.00027921
1.95e-008,-0.000284349
1.96e-008,-0.000327173
1.97e-008,-0.000347728
1.98e-008,-0.000344302
1.99e-008,-0.000299766
2e-008,-0.000248377
2.01e-008,-0.00022097
2.02e-008,-0.000215831
2.03e-008,-0.000212405
2.04e-008,-0.000214118
2.05e-008,-0.000226109
2.06e-008,-0.000215831
2.07e-008,-0.000183285
2.08e-008,-0.000137036
2.09e-008,-0.000121619
2.1e-008,-9.42121e-005
2.11e-008,-7.19438e-005
2.12e-008,-3.93978e-005
2.13e-008,-4.96755e-005
2.14e-008,-9.24991e-005
2.15e-008,-0.000106203
2.16e-008,-0.000166156
2.17e-008,-0.000236387
2.18e-008,-0.000275784
2.19e-008,-0.000291201
2.2e-008,-0.000282636
2.21e-008,-0.000203841
2.22e-008,-0.000131897
2.23e-008,-1.88424e-005
2.24e-008,5.48143e-005
2.25e-008,0.000121619
2.26e-008,0.000150739
2.27e-008,0.000171295
2.28e-008,0.000181572
2.29e-008,0.000171295
2.3e-008,0.000138749
2.31e-008,0.000118193
2.32e-008,5.99531e-005
2.33e-008,1.54165e-005
2.34e-008,-1.71295e-005
2.35e-008,-3.59719e-005
2.36e-008,-1.37036e-005
2.37e-008,-1.88424e-005
2.38e-008,-3.93978e-005
2.39e-008,-5.31014e-005
2.4e-008,-6.68049e-005
2.41e-008,-6.5092e-005
2.42e-008,1.71295e-006
2.43e-008,0.000125045
2.44e-008,0.000304905
2.45e-008,0.000483051
2.46e-008,0.000580689
2.47e-008,0.000626939
2.48e-008,0.000601244
2.49e-008,0.00054643
2.5e-008,0.000522449
2.51e-008,0.000513884
2.52e-008,0.000558421
2.53e-008,0.000608096
2.54e-008,0.000640642
2.55e-008,0.000644068
2.56e-008,0.000630364
2.57e-008,0.000565272
2.58e-008,0.000519023
2.59e-008,0.000484764
2.6e-008,0.00047106
2.61e-008,0.000481338
2.62e-008,0.000513884
2.63e-008,0.000585828
2.64e-008,0.000661197
2.65e-008,0.000712586
2.66e-008,0.000729715
2.67e-008,0.000669762
2.68e-008,0.000602957
2.69e-008,0.000573837
2.7e-008,0.000609809
2.71e-008,0.000690318
2.72e-008,0.000791381
2.73e-008,0.000853048
2.74e-008,0.00084277
2.75e-008,0.00075541
2.76e-008,0.000596106
2.77e-008,0.000419672
2.78e-008,0.000284349
2.79e-008,0.000195276
2.8e-008,0.000155878
2.81e-008,0.000138749
2.82e-008,0.000113054
2.83e-008,5.82402e-005
2.84e-008,-2.74071e-005
2.85e-008,-0.000109629
2.86e-008,-0.00016273
2.87e-008,-0.000202128
2.88e-008,-0.000210692
2.89e-008,-0.000157591
2.9e-008,-0.00010449
2.91e-008,-4.96755e-005
2.92e-008,-3.93978e-005
2.93e-008,-8.05085e-005
2.94e-008,-0.000149026
2.95e-008,-0.000274071
2.96e-008,-0.000404255
2.97e-008,-0.000543004
2.98e-008,-0.000632077
2.99e-008,-0.000692031
3e-008,-0.00070916
3.01e-008,-0.000710873
3.02e-008,-0.000704021
3.03e-008,-0.000714299
3.04e-008,-0.000712586
3.05e-008,-0.00070916
3.06e-008,-0.000690318
3.07e-008,-0.00068004
3.08e-008,-0.000683466
3.09e-008,-0.000695456
3.1e-008,-0.00073828
3.11e-008,-0.000751984
3.12e-008,-0.000743419
3.13e-008,-0.000745132
3.14e-008,-0.000697169
3.15e-008,-0.000685179
3.16e-008,-0.000683466
3.17e-008,-0.000712586
3.18e-008,-0.000789669
3.19e-008,-0.000801659
3.2e-008,-0.000820502
3.21e-008,-0.000820502
3.22e-008,-0.000834205
3.23e-008,-0.000849622
3.24e-008,-0.00085476
3.25e-008,-0.000890732
3.26e-008,-0.000902723
3.27e-008,-0.00093013
3.28e-008,-0.000957537
3.29e-008,-0.000996935
3.3e-008,-0.00107059
3.31e-008,-0.00116309
3.32e-008,-0.00125388
3.33e-008,-0.0013361
3.34e-008,-0.00140804
3.35e-008,-0.00145258
3.36e-008,-0.00150739
3.37e-008,-0.00156906
3.38e-008,-0.00159818
3.39e-008,-0.00159475
3.4e-008,-0.00155536
3.41e-008,-0.00150225
3.42e-008,-0.001456
3.43e-008,-0.00146286
3.44e-008,-0.00151767
3.45e-008,-0.00160846
3.46e-008,-0.00170438
3.47e-008,-0.00175063
3.48e-008,-0.00173179
3.49e-008,-0.00167184
3.5e-008,-0.0016136
3.51e-008,-0.00157934
3.52e-008,-0.00160846
3.53e-008,-0.00172494
3.54e-008,-0.001826
3.55e-008,-0.00189966
3.56e-008,-0.00194419
3.57e-008,-0.0019048
3.58e-008,-0.00185683
3.59e-008,-0.00181401
3.6e-008,-0.0018123
3.61e-008,-0.00183457
3.62e-008,-0.00190994
3.63e-008,-0.00197845
3.64e-008,-0.00204355
3.65e-008,-0.00206068
3.66e-008,-0.00205725
3.67e-008,-0.00207438
3.68e-008,-0.00208294
3.69e-008,-0.00206924
3.7e-008,-0.0020898
3.71e-008,-0.00212063
3.72e-008,-0.00216003
3.73e-008,-0.00224739
3.74e-008,-0.00236729
3.75e-008,-0.00244609
3.76e-008,-0.00247692
3.77e-008,-0.00245808
3.78e-008,-0.00240155
3.79e-008,-0.00234331
3.8e-008,-0.00227822
3.81e-008,-0.00222341
3.82e-008,-0.00219771
3.83e-008,-0.00221998
3.84e-008,-0.00228336
3.85e-008,-0.00238956
3.86e-008,-0.00251632
3.87e-008,-0.00267734
3.88e-008,-0.00282294
3.89e-008,-0.00289659
3.9e-008,-0.00293257
3.91e-008,-0.00294969
3.92e-008,-0.00295997
3.93e-008,-0.00293085
3.94e-008,-0.00291715
3.95e-008,-0.00288803
3.96e-008,-0.00286233
3.97e-008,-0.00284349
3.98e-008,-0.00286576
3.99e-008,-0.00290173
4e-008,-0.00298053
4.01e-008,-0.00306617
4.02e-008,-0.00314497
4.03e-008,-0.00314154
4.04e-008,-0.00315867
4.05e-008,-0.00312955
4.06e-008,-0.00310557
4.07e-008,-0.00307474
4.08e-008,-0.00303192
4.09e-008,-0.00299594
4.1e-008,-0.00297881
4.11e-008,-0.00302164
4.12e-008,-0.00309872
4.13e-008,-0.00321006
4.14e-008,-0.00330085
4.15e-008,-0.00334881
4.16e-008,-0.00334025
4.17e-008,-0.00328543
4.18e-008,-0.00316895
4.19e-008,-0.00309529
4.2e-008,-0.00304391
4.21e-008,-0.00300793
4.22e-008,-0.00299252
4.23e-008,-0.00301136
4.24e-008,-0.00304219
4.25e-008,-0.00306617
4.26e-008,-0.00307474
4.27e-008,-0.00312613
4.28e-008,-0.00316895
4.29e-008,-0.00315696
4.3e-008,-0.00313983
4.31e-008,-0.00313469
4.32e-008,-0.00313298
4.33e-008,-0.00315696
4.34e-008,-0.00319465
4.35e-008,-0.00323404
4.36e-008,-0.00326488
4.37e-008,-0.00324775
4.38e-008,-0.00323576
4.39e-008,-0.00321691
4.4e-008,-0.00321691
4.41e-008,-0.00322377
4.42e-008,-0.00324775
4.43e-008,-0.00328543
4.44e-008,-0.00333853
4.45e-008,-0.00345673
4.46e-008,-0.00352867
4.47e-008,-0.00364344
4.48e-008,-0.00369997
4.49e-008,-0.00370168
4.5e-008,-0.00366913
4.51e-008,-0.00361089
4.52e-008,-0.00355779
4.53e-008,-0.00352696
4.54e-008,-0.00350469
4.55e-008,-0.00353724
4.56e-008,-0.00355608
4.57e-008,-0.00356636
4.58e-008,-0.00355094
4.59e-008,-0.00351497
4.6e-008,-0.00350126
4.61e-008,-0.00344474
4.62e-008,-0.00338307
4.63e-008,-0.00334196
4.64e-008,-0.00332483
4.65e-008,-0.00332997
4.66e-008,-0.00333511
4.67e-008,-0.00335224
4.68e-008,-0.00336765
4.69e-008,-0.00336251
4.7e-008,-0.00332826
4.71e-008,-0.00326659
4.72e-008,-0.00321863
4.73e-008,-0.00318266
4.74e-008,-0.0031621
4.75e-008,-0.00314668
4.76e-008,-0.00315354
4.77e-008,-0.00317752
4.78e-008,-0.00319636
4.79e-008,-0.00323747
4.8e-008,-0.00323918
4.81e-008,-0.00322205
4.82e-008,-0.00314154
4.83e-008,-0.0030696
4.84e-008,-0.0030028
4.85e-008,-0.0029634
4.86e-008,-0.00291886
4.87e-008,-0.00291201
4.88e-008,-0.00288118
4.89e-008,-0.00283493
4.9e-008,-0.00274585
4.91e-008,-0.00263623
4.92e-008,-0.00254201
4.93e-008,-0.00248206
4.94e-008,-0.00245123
4.95e-008,-0.00243581
4.96e-008,-0.00244609
4.97e-008,-0.00245979
4.98e-008,-0.00245465
4.99e-008,-0.00246664
5e-008,-0.00245465
5.01e-008,-0.00243581
5.02e-008,-0.00239813
5.03e-008,-0.00234845
5.04e-008,-0.00232104
5.05e-008,-0.00229364
5.06e-008,-0.00226109
5.07e-008,-0.00221827
5.08e-008,-0.00215489
5.09e-008,-0.00209836
5.1e-008,-0.00205211
5.11e-008,-0.00200757
5.12e-008,-0.00200072
5.13e-008,-0.00197674
5.14e-008,-0.00195447
5.15e-008,-0.00190308
5.16e-008,-0.00182429
5.17e-008,-0.00175748
5.18e-008,-0.00169068
5.19e-008,-0.00168725
5.2e-008,-0.00166327
5.21e-008,-0.00163586
5.22e-008,-0.00160332
5.23e-008,-0.0015211
5.24e-008,-0.0014286
5.25e-008,-0.00134124
5.26e-008,-0.00126929
5.27e-008,-0.00121619
5.28e-008,-0.0012042
5.29e-008,-0.00119221
5.3e-008,-0.00117679
5.31e-008,-0.00114596
5.32e-008,-0.00108772
5.33e-008,-0.00102606
5.34e-008,-0.000972954
5.35e-008,-0.000933556
5.36e-008,-0.00091814
5.37e-008,-0.000870177
5.38e-008,-0.00081365
5.39e-008,-0.000693743
5.4e-008,-0.000596106
5.41e-008,-0.000513884
5.42e-008,-0.000498468
5.43e-008,-0.000536152
5.44e-008,-0.000613235
5.45e-008,-0.000649207
5.46e-008,-0.000613235
5.47e-008,-0.000522449
5.48e-008,-0.000411107
5.49e-008,-0.000303192
5.5e-008,-0.000260368
5.51e-008,-0.000236387
5.52e-008,-0.000198702
5.53e-008,-0.000131897
5.54e-008,-5.13884e-005
5.55e-008,1.88424e-005
5.56e-008,7.02308e-005
5.57e-008,4.62496e-005
5.58e-008,3.0833e-005
5.59e-008,2.91201e-005
5.6e-008,0.000114767
5.61e-008,0.000258655
5.62e-008,0.000351154
5.63e-008,0.000371709
5.64e-008,0.000335738
5.65e-008,0.000260368
5.66e-008,0.000203841
5.67e-008,0.000222683
5.68e-008,0.000280923
5.69e-008,0.00041282
5.7e-008,0.000508745
5.71e-008,0.000565272
5.72e-008,0.000602957
5.73e-008,0.000645781
5.74e-008,0.000739993
5.75e-008,0.000866751
5.76e-008,0.000966102
5.77e-008,0.00105346
5.78e-008,0.00109629
5.79e-008,0.00112027
5.8e-008,0.00117337
5.81e-008,0.00124531
5.82e-008,0.0013104
5.83e-008,0.00139434
5.84e-008,0.0014286
5.85e-008,0.00143374
5.86e-008,0.00139605
5.87e-008,0.00137378
5.88e-008,0.00136351
5.89e-008,0.00138406
5.9e-008,0.0014286
5.91e-008,0.00147999
5.92e-008,0.00153994
5.93e-008,0.00161188
5.94e-008,0.00170267
5.95e-008,0.0018397
5.96e-008,0.00199901
5.97e-008,0.0021703
5.98e-008,0.00231933
5.99e-008,0.0023947
6e-008,0.00241697
6.01e-008,0.0023553
6.02e-008,0.00224739
6.03e-008,0.00217202
6.04e-008,0.00213947
6.05e-008,0.00216003
6.06e-008,0.00221827
6.07e-008,0.00226794
6.08e-008,0.00229535
6.09e-008,0.00234502
6.1e-008,0.00239641
6.11e-008,0.00245123
6.12e-008,0.00252317
6.13e-008,0.00260025
6.14e-008,0.00263451
6.15e-008,0.00261738
6.16e-008,0.00258141
6.17e-008,0.00252317
6.18e-008,0.00245808
6.19e-008,0.00239641
6.2e-008,0.00237586
6.21e-008,0.0023553
6.22e-008,0.00241183
6.23e-008,0.00249919
6.24e-008,0.00258655
6.25e-008,0.00267905
6.26e-008,0.00272187
6.27e-008,0.00270132
6.28e-008,0.0026191
6.29e-008,0.00250775
6.3e-008,0.0024615
6.31e-008,0.00244951
6.32e-008,0.00251118
6.33e-008,0.00261396
6.34e-008,0.00268761
6.35e-008,0.00274243
6.36e-008,0.00269789
6.37e-008,0.00260711
6.38e-008,0.00253002
6.39e-008,0.00248549
6.4e-008,0.00251632
6.41e-008,0.00260539
6.42e-008,0.00267048
6.43e-008,0.00270988
6.44e-008,0.00270817
6.45e-008,0.00264479
6.46e-008,0.00259511
6.47e-008,0.00254201
6.48e-008,0.00249576
6.49e-008,0.0024615
6.5e-008,0.00242725
6.51e-008,0.00242553
6.52e-008,0.00239813
6.53e-008,0.00239127
6.54e-008,0.00241354
6.55e-008,0.00243752
6.56e-008,0.00246836
6.57e-008,0.00247692
6.58e-008,0.00249405
6.59e-008,0.00248035
6.6e-008,0.00245637
6.61e-008,0.00240498
6.62e-008,0.00235359
6.63e-008,0.00230905
6.64e-008,0.0022354
6.65e-008,0.00219257
6.66e-008,0.00216516
6.67e-008,0.00215146
6.68e-008,0.00216859
6.69e-008,0.00217887
6.7e-008,0.00218743
6.71e-008,0.002196
6.72e-008,0.00220628
6.73e-008,0.00217544
6.74e-008,0.00212577
6.75e-008,0.00206239
6.76e-008,0.002011
6.77e-008,0.00196304
6.78e-008,0.00194248
6.79e-008,0.00191336
6.8e-008,0.00190994
6.81e-008,0.00186711
6.82e-008,0.00177633
6.83e-008,0.00166156
6.84e-008,0.00156221
6.85e-008,0.00151253
6.86e-008,0.00153137
6.87e-008,0.00159989
6.88e-008,0.00167012
6.89e-008,0.00167184
6.9e-008,0.00162559
6.91e-008,0.00155364
6.92e-008,0.00146286
6.93e-008,0.00135837
6.94e-008,0.00132239
6.95e-008,0.00131554
6.96e-008,0.00134809
6.97e-008,0.00132925
6.98e-008,0.00128985
6.99e-008,0.00118022
7e-008,0.0010586
7.01e-008,0.000981519
7.02e-008,0.000933556
7.03e-008,0.000938695
7.04e-008,0.000964389
7.05e-008,0.000940408
7.06e-008,0.000887306
7.07e-008,0.000803372
7.08e-008,0.00073828
7.09e-008,0.000693743
7.1e-008,0.000649207
7.11e-008,0.000611522
7.12e-008,0.000561847
7.13e-008,0.000440227
7.14e-008,0.000282636
7.15e-008,0.000147313
7.16e-008,5.31014e-005
7.17e-008,1.37036e-005
7.18e-008,4.28237e-005
7.19e-008,8.56473e-005
7.2e-008,0.000161017
7.21e-008,0.000166156
7.22e-008,0.000147313
7.23e-008,4.45366e-005
7.24e-008,-6.85179e-005
7.25e-008,-0.000183285
7.26e-008,-0.000256942
7.27e-008,-0.000289488
7.28e-008,-0.00026722
7.29e-008,-0.000232961
7.3e-008,-0.000212405
7.31e-008,-0.000210692
7.32e-008,-0.00026722
7.33e-008,-0.000330599
7.34e-008,-0.000409394
7.35e-008,-0.000424811
7.36e-008,-0.000428237
7.37e-008,-0.000393978
7.38e-008,-0.000340876
7.39e-008,-0.000280923
7.4e-008,-0.000294627
7.41e-008,-0.00035458
7.42e-008,-0.000479625
7.43e-008,-0.000638929
7.44e-008,-0.000758835
7.45e-008,-0.000830779
7.46e-008,-0.000856473
7.47e-008,-0.000823927
7.48e-008,-0.000760548
7.49e-008,-0.000673188
7.5e-008,-0.0006218
7.51e-008,-0.000594393
7.52e-008,-0.00057555
7.53e-008,-0.000578976
7.54e-008,-0.000613235
7.55e-008,-0.000661197
7.56e-008,-0.000705734
7.57e-008,-0.000750271
7.58e-008,-0.000729715
7.59e-008,-0.000739993
7.6e-008,-0.000722864
7.61e-008,-0.000707447
7.62e-008,-0.000741706
7.63e-008,-0.000769113
7.64e-008,-0.000789669
7.65e-008,-0.000772539
7.66e-008,-0.000762261
7.67e-008,-0.000702308
7.68e-008,-0.000640642
7.69e-008,-0.00057555
7.7e-008,-0.000495042
7.71e-008,-0.000428237
7.72e-008,-0.000385413
7.73e-008,-0.000351154
7.74e-008,-0.000375135
7.75e-008,-0.000423098
7.76e-008,-0.000508745
7.77e-008,-0.000577263
7.78e-008,-0.000566985
7.79e-008,-0.000536152
7.8e-008,-0.000467634
7.81e-008,-0.000392265
7.82e-008,-0.000313469
7.83e-008,-0.00027921
7.84e-008,-0.000289488
7.85e-008,-0.00030833
7.86e-008,-0.000334025
7.87e-008,-0.000349441
7.88e-008,-0.000339163
7.89e-008,-0.000289488
7.9e-008,-0.000196989
7.91e-008,-9.24991e-005
7.92e-008,6.85179e-006
7.93e-008,0.000101064
7.94e-008,0.000164443
7.95e-008,0.000181572
7.96e-008,0.000167869
7.97e-008,0.000166156
7.98e-008,0.000183285
7.99e-008,0.000234674
8e-008,0.00030833
8.01e-008,0.000369997
8.02e-008,0.000390552
8.03e-008,0.000373422
8.04e-008,0.000320321
8.05e-008,0.000272359
8.06e-008,0.000291201
8.07e-008,0.000351154
8.08e-008,0.000479625
8.09e-008,0.0006218
8.1e-008,0.000751984
8.11e-008,0.00084277
8.12e-008,0.000863325
8.13e-008,0.000844483
8.14e-008,0.000786243
8.15e-008,0.000722864
8.16e-008,0.000688605
8.17e-008,0.000685179
8.18e-008,0.000712586
8.19e-008,0.000765687
8.2e-008,0.000798233
8.21e-008,0.000859899
8.22e-008,0.000923278
8.23e-008,0.000962676
8.24e-008,0.00102777
8.25e-008,0.00107744
8.26e-008,0.00115624
8.27e-008,0.00122647
8.28e-008,0.0013104
8.29e-008,0.00139948
8.3e-008,0.00147656
8.31e-008,0.00155878
8.32e-008,0.00162216
8.33e-008,0.00167184
8.34e-008,0.00172836
8.35e-008,0.00178832
8.36e-008,0.0018654
8.37e-008,0.00189966
8.38e-008,0.00192193
8.39e-008,0.00192535
8.4e-008,0.00193392
8.41e-008,0.00199044
8.42e-008,0.0020778
8.43e-008,0.00219086
8.44e-008,0.00232447
8.45e-008,0.00240326
8.46e-008,0.00244266
8.47e-008,0.00243752
8.48e-008,0.0024735
8.49e-008,0.00250433
8.5e-008,0.00258826
8.51e-008,0.0026859
8.52e-008,0.0027921
8.53e-008,0.00287946
8.54e-008,0.0028846
8.55e-008,0.00284863
8.56e-008,0.00284178
8.57e-008,0.00285206
8.58e-008,0.00292743
8.59e-008,0.00304905
8.6e-008,0.00316895
8.61e-008,0.00330256
8.62e-008,0.00335909
8.63e-008,0.00339163
8.64e-008,0.00338478
8.65e-008,0.00340534
8.66e-008,0.003467
8.67e-008,0.00355265
8.68e-008,0.00362117
8.69e-008,0.00371709
8.7e-008,0.00374964
8.71e-008,0.00376506
8.72e-008,0.00378733
8.73e-008,0.00385756
8.74e-008,0.00395006
8.75e-008,0.00401857
8.76e-008,0.00412306
8.77e-008,0.00419329
8.78e-008,0.0042464
8.79e-008,0.00429264
8.8e-008,0.00434575
8.81e-008,0.00442112
8.82e-008,0.00451704
8.83e-008,0.00466778
8.84e-008,0.00481338
8.85e-008,0.00493671
8.86e-008,0.00499153
8.87e-008,0.00496583
8.88e-008,0.00491787
8.89e-008,0.00485278
8.9e-008,0.00484593
8.91e-008,0.00490759
8.92e-008,0.00501208
8.93e-008,0.00514569
8.94e-008,0.00522278
8.95e-008,0.00520907
8.96e-008,0.00516111
8.97e-008,0.00512685
8.98e-008,0.00515083
8.99e-008,0.00525018
9e-008,0.00535125
9.01e-008,0.00545916
9.02e-008,0.00553111
9.03e-008,0.00554995
9.04e-008,0.00560134
9.05e-008,0.00561333
9.06e-008,0.00568356
9.07e-008,0.00575379
9.08e-008,0.00580518
9.09e-008,0.00582916
9.1e-008,0.0057949
9.11e-008,0.00573152
9.12e-008,0.00569555
9.13e-008,0.00570925
9.14e-008,0.00575721
9.15e-008,0.00583944
9.16e-008,0.00593022
9.17e-008,0.00599018
9.18e-008,0.00605527
9.19e-008,0.00606726
9.2e-008,0.00610152
9.21e-008,0.00613235
9.22e-008,0.00617517
9.23e-008,0.00624027
9.24e-008,0.00628823
9.25e-008,0.00634476
9.26e-008,0.00637388
9.27e-008,0.00638244
9.28e-008,0.00636531
9.29e-008,0.00635503
9.3e-008,0.00632934
9.31e-008,0.00633276
9.32e-008,0.00633448
9.33e-008,0.00637388
9.34e-008,0.00644582
9.35e-008,0.00646637
9.36e-008,0.00643383
9.37e-008,0.00638415
9.38e-008,0.00634989
9.39e-008,0.00636188
9.4e-008,0.00640128
9.41e-008,0.00647665
9.42e-008,0.00657772
9.43e-008,0.00661369
9.44e-008,0.00660341
9.45e-008,0.00655887
9.46e-008,0.00653318
9.47e-008,0.00655373
9.48e-008,0.00658799
9.49e-008,0.0066154
9.5e-008,0.00664452
9.51e-008,0.0066685
9.52e-008,0.00668392
9.53e-008,0.00674558
9.54e-008,0.00678498
9.55e-008,0.00681239
9.56e-008,0.00679183
9.57e-008,0.00672503
9.58e-008,0.00664452
9.59e-008,0.00657943
9.6e-008,0.0066017
9.61e-008,0.00667535
9.62e-008,0.0067747
9.63e-008,0.00687406
9.64e-008,0.00684836
9.65e-008,0.00673531
9.66e-008,0.00656059
9.67e-008,0.00639272
9.68e-008,0.00626082
9.69e-008,0.00625568
9.7e-008,0.00633448
9.71e-008,0.00646124
9.72e-008,0.00658971
9.73e-008,0.00666336
9.74e-008,0.00667878
9.75e-008,0.0066291
9.76e-008,0.00654346
9.77e-008,0.0064698
9.78e-008,0.00642012
9.79e-008,0.00637216
9.8e-008,0.00633448
9.81e-008,0.00629508
9.82e-008,0.00627795
9.83e-008,0.00623855
9.84e-008,0.00623513
9.85e-008,0.0062454
9.86e-008,0.00626082
9.87e-008,0.00629165
9.88e-008,0.00631392
9.89e-008,0.00634476
9.9e-008,0.00634818
9.91e-008,0.00630878
9.92e-008,0.00623341
9.93e-008,0.00613749
9.94e-008,0.00604842
9.95e-008,0.00600388
9.96e-008,0.00598332
9.97e-008,0.00600902
9.98e-008,0.00606383
9.99e-008,0.00611693
1e-007,0.00615804
1.001e-007,0.00618031
1.002e-007,0.00618031
1.003e-007,0.00617346
1.004e-007,0.00617175
1.005e-007,0.00616832
1.006e-007,0.00617517
1.007e-007,0.00614434
1.008e-007,0.00615119
1.009e-007,0.00618203
1.01e-007,0.00618545
1.011e-007,0.00614605
1.012e-007,0.00611693
1.013e-007,0.00607068
1.014e-007,0.00603642
1.015e-007,0.00599874
1.016e-007,0.00596448
1.017e-007,0.00590281
1.018e-007,0.0059011
1.019e-007,0.00586342
1.02e-007,0.00582231
1.021e-007,0.00581032
1.022e-007,0.00584971
1.023e-007,0.00588569
1.024e-007,0.00592851
1.025e-007,0.00593707
1.026e-007,0.00592851
1.027e-007,0.00587027
1.028e-007,0.00580346
1.029e-007,0.00575036
1.03e-007,0.00570069
1.031e-007,0.00568527
1.032e-007,0.00562874
1.033e-007,0.00552254
1.034e-007,0.00540949
1.035e-007,0.00529814
1.036e-007,0.0052262
1.037e-007,0.00521421
1.038e-007,0.00526902
1.039e-007,0.00533069
1.04e-007,0.00534782
1.041e-007,0.00529643
1.042e-007,0.00519708
1.043e-007,0.00506347
1.044e-007,0.00494356
1.045e-007,0.00484935
1.046e-007,0.00481338
1.047e-007,0.00479796
1.048e-007,0.00479111
1.049e-007,0.00478083
1.05e-007,0.00479796
1.051e-007,0.00480139
1.052e-007,0.00478426
1.053e-007,0.00474315
1.054e-007,0.0046832
1.055e-007,0.00459926
1.056e-007,0.00450676
1.057e-007,0.0044194
1.058e-007,0.00434575
1.059e-007,0.00429264
1.06e-007,0.00424297
1.061e-007,0.00420871
1.062e-007,0.00417274
1.063e-007,0.00418644
1.064e-007,0.0041676
1.065e-007,0.00416417
1.066e-007,0.00413163
1.067e-007,0.0040614
1.068e-007,0.00398774
1.069e-007,0.00391066
1.07e-007,0.00382672
1.071e-007,0.00374793
1.072e-007,0.00363145
1.073e-007,0.00352524
1.074e-007,0.0034139
1.075e-007,0.00332997
1.076e-007,0.00321691
1.077e-007,0.00317066
1.078e-007,0.00312442
1.079e-007,0.00311756
1.08e-007,0.00310043
1.081e-007,0.00307645
1.082e-007,0.00303877
1.083e-007,0.00298567
1.084e-007,0.00292571
1.085e-007,0.00286405
1.086e-007,0.00280238
1.087e-007,0.00279382
1.088e-007,0.0027921
1.089e-007,0.00281608
1.09e-007,0.0028315
1.091e-007,0.0028178
1.092e-007,0.00277669
1.093e-007,0.00265507
1.094e-007,0.00250433
1.095e-007,0.00238442
1.096e-007,0.00226452
1.097e-007,0.00219428
1.098e-007,0.00213604
1.099e-007,0.00211206
1.1e-007,0.00204355
1.101e-007,0.00193563
1.102e-007,0.0017729
1.103e-007,0.00163586
1.104e-007,0.00151425
1.105e-007,0.00143888
1.106e-007,0.00141147
1.107e-007,0.00143031
1.108e-007,0.0014286
1.109e-007,0.00143716
1.11e-007,0.00137721
1.111e-007,0.00129156
1.112e-007,0.00118879
1.113e-007,0.00110485
1.114e-007,0.00101406
1.115e-007,0.000933556
1.116e-007,0.000865038
1.117e-007,0.00084277
1.118e-007,0.000839344
1.119e-007,0.000861612
1.12e-007,0.000882168
1.121e-007,0.000870177
1.122e-007,0.000834205
1.123e-007,0.000731428
1.124e-007,0.000590967
1.125e-007,0.00045907
1.126e-007,0.000375135
1.127e-007,0.000340876
1.128e-007,0.000327173
1.129e-007,0.000328886
1.13e-007,0.000282636
1.131e-007,0.000203841
1.132e-007,7.87956e-005
1.133e-007,-6.68049e-005
1.134e-007,-0.00016273
1.135e-007,-0.000234674
1.136e-007,-0.000210692
1.137e-007,-0.000195276
1.138e-007,-0.000173008
1.139e-007,-0.000169582
1.14e-007,-0.000198702
1.141e-007,-0.000256942
1.142e-007,-0.000361432
1.143e-007,-0.000450505
1.144e-007,-0.000513884
1.145e-007,-0.000543004
1.146e-007,-0.000544717
1.147e-007,-0.000589254
1.148e-007,-0.00063379
1.149e-007,-0.000743419
1.15e-007,-0.000841057
1.151e-007,-0.000960963
1.152e-007,-0.00101749
1.153e-007,-0.00102777
1.154e-007,-0.000978093
1.155e-007,-0.000926704
1.156e-007,-0.000880455
1.157e-007,-0.000907862
1.158e-007,-0.00098837
1.159e-007,-0.0011117
1.16e-007,-0.00124189
1.161e-007,-0.00136351
1.162e-007,-0.00145772
1.163e-007,-0.00150911
1.164e-007,-0.00156049
1.165e-007,-0.00158276
1.166e-007,-0.00163586
1.167e-007,-0.00163929
1.168e-007,-0.0016667
1.169e-007,-0.00167869
1.17e-007,-0.00169582
1.171e-007,-0.00174378
1.172e-007,-0.0017592
1.173e-007,-0.00177461
1.174e-007,-0.00176262
1.175e-007,-0.00172665
1.176e-007,-0.00167697
1.177e-007,-0.00164614
1.178e-007,-0.00161702
1.179e-007,-0.00162901
1.18e-007,-0.00167869
1.181e-007,-0.00176947
1.182e-007,-0.00187568
1.183e-007,-0.00198017
1.184e-007,-0.00206239
1.185e-007,-0.00210692
1.186e-007,-0.00211035
1.187e-007,-0.0020898
1.188e-007,-0.00203669
1.189e-007,-0.00199558
1.19e-007,-0.00195447
1.191e-007,-0.00194933
1.192e-007,-0.00199387
1.193e-007,-0.0020778
1.194e-007,-0.00218915
1.195e-007,-0.0023022
1.196e-007,-0.00238271
1.197e-007,-0.00239813
1.198e-007,-0.00235359
1.199e-007,-0.00229535
1.2e-007,-0.00226452
1.201e-007,-0.00226794
1.202e-007,-0.00228678
1.203e-007,-0.00232447
1.204e-007,-0.00239127
1.205e-007,-0.00241012
1.206e-007,-0.00241697
1.207e-007,-0.00245123
1.208e-007,-0.0024872
1.209e-007,-0.00252831
1.21e-007,-0.00254886
1.211e-007,-0.00252317
1.212e-007,-0.00245637
1.213e-007,-0.00237072
1.214e-007,-0.00232961
1.215e-007,-0.00230563
1.216e-007,-0.00234674
1.217e-007,-0.00243581
1.218e-007,-0.00254886
1.219e-007,-0.00262595
1.22e-007,-0.0026465
1.221e-007,-0.00263965
1.222e-007,-0.00257456
1.223e-007,-0.00253002
1.224e-007,-0.00249748
1.225e-007,-0.00250604
1.226e-007,-0.00253174
1.227e-007,-0.00253516
1.228e-007,-0.00254715
1.229e-007,-0.00255058
1.23e-007,-0.0025934
1.231e-007,-0.00262252
1.232e-007,-0.00270474
1.233e-007,-0.00273386
1.234e-007,-0.00277669
1.235e-007,-0.00276812
1.236e-007,-0.00275442
1.237e-007,-0.00277669
1.238e-007,-0.00280409
1.239e-007,-0.00283664
1.24e-007,-0.00284692
1.241e-007,-0.0028709
1.242e-007,-0.00285548
1.243e-007,-0.00280067
1.244e-007,-0.00273729
1.245e-007,-0.00269104
1.246e-007,-0.00270817
1.247e-007,-0.00274243
1.248e-007,-0.00276984
1.249e-007,-0.00280581
1.25e-007,-0.00285034
1.251e-007,-0.00283664
1.252e-007,-0.00279896
1.253e-007,-0.00274243
1.254e-007,-0.00274071
1.255e-007,-0.00270474
1.256e-007,-0.00270988
1.257e-007,-0.00273215
1.258e-007,-0.00274071
1.259e-007,-0.00275613
1.26e-007,-0.00274757
1.261e-007,-0.00270132
1.262e-007,-0.00263965
1.263e-007,-0.00258655
1.264e-007,-0.00253516
1.265e-007,-0.00251974
1.266e-007,-0.00250947
1.267e-007,-0.00250262
1.268e-007,-0.00246493
1.269e-007,-0.0024084
1.27e-007,-0.00232276
1.271e-007,-0.00224739
1.272e-007,-0.00219428
1.273e-007,-0.00218229
1.274e-007,-0.00222854
1.275e-007,-0.00228165
1.276e-007,-0.00231419
1.277e-007,-0.00231077
1.278e-007,-0.00230049
1.279e-007,-0.00229877
1.28e-007,-0.00228507
1.281e-007,-0.0022491
1.282e-007,-0.00222169
1.283e-007,-0.00218743
1.284e-007,-0.00215146
1.285e-007,-0.0021035
1.286e-007,-0.00203498
1.287e-007,-0.00199044
1.288e-007,-0.00195619
1.289e-007,-0.00195447
1.29e-007,-0.00194933
1.291e-007,-0.00195619
1.292e-007,-0.0019716
1.293e-007,-0.00198702
1.294e-007,-0.00201956
1.295e-007,-0.00202813
1.296e-007,-0.00207095
1.297e-007,-0.00208808
1.298e-007,-0.00209836
1.299e-007,-0.00209493
1.3e-007,-0.00209493
1.301e-007,-0.00211206
1.302e-007,-0.00213604
1.303e-007,-0.00217887
1.304e-007,-0.00221998
1.305e-007,-0.00221313
1.306e-007,-0.00219942
1.307e-007,-0.00215317
1.308e-007,-0.00211378
1.309e-007,-0.00209493
1.31e-007,-0.00212919
1.311e-007,-0.00219428
1.312e-007,-0.00225766
1.313e-007,-0.00227479
1.314e-007,-0.00226109
1.315e-007,-0.00218572
1.316e-007,-0.00210521
1.317e-007,-0.00206239
1.318e-007,-0.00208637
1.319e-007,-0.0021429
1.32e-007,-0.00226794
1.321e-007,-0.00234331
1.322e-007,-0.00241697
1.323e-007,-0.00240669
1.324e-007,-0.00235359
1.325e-007,-0.0022885
1.326e-007,-0.00225766
1.327e-007,-0.00224567
1.328e-007,-0.00224053
1.329e-007,-0.00226109
1.33e-007,-0.00227651
1.331e-007,-0.00233303
1.332e-007,-0.00239299
1.333e-007,-0.00246664
1.334e-007,-0.00253859
1.335e-007,-0.00256257
1.336e-007,-0.00255572
1.337e-007,-0.00253687
1.338e-007,-0.00250604
1.339e-007,-0.00251803
1.34e-007,-0.00253859
1.341e-007,-0.00256942
1.342e-007,-0.00262937
1.343e-007,-0.00265507
1.344e-007,-0.00263794
1.345e-007,-0.00262766
1.346e-007,-0.00259511
1.347e-007,-0.00257799
1.348e-007,-0.00250947
1.349e-007,-0.00248206
1.35e-007,-0.0025009
1.351e-007,-0.0025403
1.352e-007,-0.00262595
1.353e-007,-0.00269789
1.354e-007,-0.00279039
1.355e-007,-0.00285548
1.356e-007,-0.00287261
1.357e-007,-0.00286576
1.358e-007,-0.00281437
1.359e-007,-0.00275956
1.36e-007,-0.0027253
1.361e-007,-0.00273215
1.362e-007,-0.00274585
1.363e-007,-0.00282636
1.364e-007,-0.00291715
1.365e-007,-0.00296854
1.366e-007,-0.00299081
1.367e-007,-0.00295483
1.368e-007,-0.00289145
1.369e-007,-0.00285206
1.37e-007,-0.00283835
1.371e-007,-0.00286405
1.372e-007,-0.00290858
1.373e-007,-0.00295826
1.374e-007,-0.00300108
1.375e-007,-0.00301821
1.376e-007,-0.00306104
1.377e-007,-0.003109
1.378e-007,-0.0031758
1.379e-007,-0.00322377
1.38e-007,-0.0032289
1.381e-007,-0.00319293
1.382e-007,-0.00313812
1.383e-007,-0.00312442
1.384e-007,-0.0031484
1.385e-007,-0.00319978
1.386e-007,-0.00333511
1.387e-007,-0.00340363
1.388e-007,-0.00344987
1.389e-007,-0.00341904
1.39e-007,-0.00339849
1.391e-007,-0.00335395
1.392e-007,-0.00333339
1.393e-007,-0.00334367
1.394e-007,-0.00339335
1.395e-007,-0.00344474
1.396e-007,-0.00352011
1.397e-007,-0.0035595
1.398e-007,-0.0035595
1.399e-007,-0.00354923
1.4e-007,-0.00349099
1.401e-007,-0.00346187
1.402e-007,-0.00343103
1.403e-007,-0.00344131
1.404e-007,-0.0034927
1.405e-007,-0.00355608
1.406e-007,-0.00355094
1.407e-007,-0.00353895
1.408e-007,-0.00353381
1.409e-007,-0.00349441
1.41e-007,-0.00349955
1.411e-007,-0.00353381
1.412e-007,-0.00356636
1.413e-007,-0.00360575
1.414e-007,-0.00365372
1.415e-007,-0.00366742
1.416e-007,-0.00366057
1.417e-007,-0.00362117
1.418e-007,-0.00356636
1.419e-007,-0.00347214
1.42e-007,-0.00341562
1.421e-007,-0.00334367
1.422e-007,-0.00334025
1.423e-007,-0.00335566
1.424e-007,-0.00338307
1.425e-007,-0.00341562
1.426e-007,-0.00343788
1.427e-007,-0.00346872
1.428e-007,-0.00349955
1.429e-007,-0.00351154
1.43e-007,-0.00350126
1.431e-007,-0.00344987
1.432e-007,-0.00338478
1.433e-007,-0.00331969
1.434e-007,-0.00324432
1.435e-007,-0.00319465
1.436e-007,-0.0031621
1.437e-007,-0.00315182
1.438e-007,-0.00315011
1.439e-007,-0.00313469
1.44e-007,-0.00311756
1.441e-007,-0.00313127
1.442e-007,-0.0031621
1.443e-007,-0.00321863
1.444e-007,-0.00327344
1.445e-007,-0.00328201
1.446e-007,-0.00325117
1.447e-007,-0.00320664
1.448e-007,-0.003109
1.449e-007,-0.00299766
1.45e-007,-0.00290002
1.451e-007,-0.00283321
1.452e-007,-0.0027921
1.453e-007,-0.00275956
1.454e-007,-0.00275271
1.455e-007,-0.00273044
1.456e-007,-0.00269275
1.457e-007,-0.00266192
1.458e-007,-0.0026328
1.459e-007,-0.00264479
1.46e-007,-0.00266877
1.461e-007,-0.00272016
1.462e-007,-0.00270646
1.463e-007,-0.00264993
1.464e-007,-0.00257627
1.465e-007,-0.00244266
1.466e-007,-0.00235016
1.467e-007,-0.00235701
1.468e-007,-0.00236044
1.469e-007,-0.00240155
1.47e-007,-0.00240669
1.471e-007,-0.002381
1.472e-007,-0.0023553
1.473e-007,-0.00224396
1.474e-007,-0.00216003
1.475e-007,-0.0020898
1.476e-007,-0.00202984
1.477e-007,-0.00199901
1.478e-007,-0.00198702
1.479e-007,-0.00200243
1.48e-007,-0.00204697
1.481e-007,-0.00204355
1.482e-007,-0.00202984
1.483e-007,-0.00195447
1.484e-007,-0.00183285
1.485e-007,-0.0017061
1.486e-007,-0.00156735
1.487e-007,-0.00150568
1.488e-007,-0.0014954
1.489e-007,-0.00154508
1.49e-007,-0.00161188
1.491e-007,-0.00163244
1.492e-007,-0.00158105
1.493e-007,-0.0014954
1.494e-007,-0.00136008
1.495e-007,-0.00122647
1.496e-007,-0.0011374
1.497e-007,-0.00108601
1.498e-007,-0.00106717
1.499e-007,-0.00102606
1.5e-007,-0.00101235
1.501e-007,-0.000966102
1.502e-007,-0.000964389
1.503e-007,-0.000957537
1.504e-007,-0.000984944
1.505e-007,-0.000984944
1.506e-007,-0.000952398
1.507e-007,-0.000829066
1.508e-007,-0.000656059
1.509e-007,-0.000477912
1.51e-007,-0.000352867
1.511e-007,-0.000301479
1.512e-007,-0.000342589
1.513e-007,-0.000423098
1.514e-007,-0.000479625
1.515e-007,-0.000495042
1.516e-007,-0.000462496
1.517e-007,-0.000385413
1.518e-007,-0.000337451
1.519e-007,-0.000311756
1.52e-007,-0.000323747
1.521e-007,-0.000330599
1.522e-007,-0.00029634
1.523e-007,-0.0002381
1.524e-007,-0.000135323
1.525e-007,-4.79625e-005
1.526e-007,4.28237e-005
1.527e-007,9.24991e-005
1.528e-007,0.000161017
1.529e-007,0.0002381
1.53e-007,0.00030833
1.531e-007,0.000368284
1.532e-007,0.000428237
1.533e-007,0.000483051
1.534e-007,0.000534439
1.535e-007,0.000597818
1.536e-007,0.000654346
1.537e-007,0.000681753
1.538e-007,0.000724577
1.539e-007,0.000705734
1.54e-007,0.000632077
1.541e-007,0.000566985
1.542e-007,0.000529301
1.543e-007,0.000534439
1.544e-007,0.000578976
1.545e-007,0.000686892
1.546e-007,0.000847909
1.547e-007,0.00100036
1.548e-007,0.00115624
1.549e-007,0.00125388
1.55e-007,0.00129156
1.551e-007,0.00127443
1.552e-007,0.00121277
1.553e-007,0.00114767
1.554e-007,0.00109457
1.555e-007,0.00106203
1.556e-007,0.0010843
1.557e-007,0.00114767
1.558e-007,0.00126073
1.559e-007,0.00142175
1.56e-007,0.00156221
1.561e-007,0.00167697
1.562e-007,0.0017335
1.563e-007,0.00173008
1.564e-007,0.00170267
1.565e-007,0.00170096
1.566e-007,0.00173693
1.567e-007,0.00180887
1.568e-007,0.0018791
1.569e-007,0.00192707
1.57e-007,0.00195276
1.571e-007,0.00190308
1.572e-007,0.00184656
1.573e-007,0.00179688
1.574e-007,0.00179859
1.575e-007,0.0018123
1.576e-007,0.00188424
1.577e-007,0.00191679
1.578e-007,0.00200243
1.579e-007,0.00208466
1.58e-007,0.00215317
1.581e-007,0.00222854
1.582e-007,0.00229021
1.583e-007,0.00235016
1.584e-007,0.00235701
1.585e-007,0.00229706
1.586e-007,0.00224225
1.587e-007,0.00217544
1.588e-007,0.00216516
1.589e-007,0.00216859
1.59e-007,0.00218401
1.591e-007,0.00218743
1.592e-007,0.00219086
1.593e-007,0.00220628
1.594e-007,0.00221313
1.595e-007,0.00227993
1.596e-007,0.0023416
1.597e-007,0.00241868
1.598e-007,0.00246664
1.599e-007,0.00244266
1.6e-007,0.00237928
1.601e-007,0.00230905
1.602e-007,0.00227993
1.603e-007,0.00225938
1.604e-007,0.0022885
1.605e-007,0.00232104
1.606e-007,0.00238271
1.607e-007,0.00244095
1.608e-007,0.00247692
1.609e-007,0.00249919
1.61e-007,0.00250262
1.611e-007,0.00248035
1.612e-007,0.00249062
1.613e-007,0.00246493
1.614e-007,0.00246493
1.615e-007,0.00247521
1.616e-007,0.00249919
1.617e-007,0.0025266
1.618e-007,0.00252317
1.619e-007,0.0025009
1.62e-007,0.00247863
1.621e-007,0.00245123
1.622e-007,0.00245637
1.623e-007,0.00246664
1.624e-007,0.00251803
1.625e-007,0.00258655
1.626e-007,0.00264308
1.627e-007,0.00270817
1.628e-007,0.00272359
1.629e-007,0.00268933
1.63e-007,0.00267391
1.631e-007,0.00263109
1.632e-007,0.00257456
1.633e-007,0.00253002
1.634e-007,0.00250433
1.635e-007,0.00256257
1.636e-007,0.0026191
1.637e-007,0.00272187
1.638e-007,0.00282465
1.639e-007,0.00288803
1.64e-007,0.00289317
1.641e-007,0.00282636
1.642e-007,0.00272359
1.643e-007,0.00260197
1.644e-007,0.00252831
1.645e-007,0.00250947
1.646e-007,0.0025403
1.647e-007,0.00259683
1.648e-007,0.00269104
1.649e-007,0.00274585
1.65e-007,0.00274071
1.651e-007,0.00271845
1.652e-007,0.00266021
1.653e-007,0.0025934
1.654e-007,0.00253687
1.655e-007,0.00252146
1.656e-007,0.00253687
1.657e-007,0.00259854
1.658e-007,0.00263109
1.659e-007,0.00267048
1.66e-007,0.00266192
1.661e-007,0.00263451
1.662e-007,0.00259683
1.663e-007,0.00254886
1.664e-007,0.00248549
1.665e-007,0.00243924
1.666e-007,0.00243581
1.667e-007,0.00244609
1.668e-007,0.00250775
1.669e-007,0.00260197
1.67e-007,0.00270303
1.671e-007,0.0027921
1.672e-007,0.00280409
1.673e-007,0.00279039
1.674e-007,0.00268247
1.675e-007,0.00257799
1.676e-007,0.00246836
1.677e-007,0.00239641
1.678e-007,0.00237586
1.679e-007,0.00240669
1.68e-007,0.0024735
1.681e-007,0.00253516
1.682e-007,0.00258312
1.683e-007,0.00262252
1.684e-007,0.00260711
1.685e-007,0.00258655
1.686e-007,0.00252831
1.687e-007,0.00246836
1.688e-007,0.00241354
1.689e-007,0.00232618
1.69e-007,0.00221827
1.691e-007,0.00213947
1.692e-007,0.0020641
1.693e-007,0.00204355
1.694e-007,0.00207267
1.695e-007,0.00213433
1.696e-007,0.00219428
1.697e-007,0.00223026
1.698e-007,0.00222683
1.699e-007,0.00220285
1.7e-007,0.00214632
1.701e-007,0.00208637
1.702e-007,0.00203327
1.703e-007,0.00198531
1.704e-007,0.00196132
1.705e-007,0.00192535
1.706e-007,0.00196475
1.707e-007,0.00197674
1.708e-007,0.0019716
1.709e-007,0.00195961
1.71e-007,0.00193734
1.711e-007,0.00192364
1.712e-007,0.00190994
1.713e-007,0.00190137
1.714e-007,0.00191336
1.715e-007,0.00191165
1.716e-007,0.00185683
1.717e-007,0.00178146
1.718e-007,0.00169068
1.719e-007,0.00167869
1.72e-007,0.00167526
1.721e-007,0.00169068
1.722e-007,0.00168383
1.723e-007,0.00164785
1.724e-007,0.00157249
1.725e-007,0.00146971
1.726e-007,0.00139263
1.727e-007,0.00138406
1.728e-007,0.00143031
1.729e-007,0.00150225
1.73e-007,0.00154165
1.731e-007,0.00155022
1.732e-007,0.0015211
1.733e-007,0.00147142
1.734e-007,0.00141147
1.735e-007,0.00140633
1.736e-007,0.00139434
1.737e-007,0.00141318
1.738e-007,0.00141661
1.739e-007,0.00142517
1.74e-007,0.00141489
1.741e-007,0.00135494
1.742e-007,0.00127272
1.743e-007,0.00116994
1.744e-007,0.00106031
1.745e-007,0.000984944
1.746e-007,0.000938695
1.747e-007,0.000940408
1.748e-007,0.000957537
1.749e-007,0.000981519
1.75e-007,0.000979806
1.751e-007,0.000984944
1.752e-007,0.00097638
1.753e-007,0.000950686
1.754e-007,0.000919852
1.755e-007,0.000858186
1.756e-007,0.00078453
