LECROYWM8500,500500138,Waveform
Segments,1,SegmentSize,2002
Segment,TrigTime,TimeSinceSegment1
#1,21-Mar-2024 16:08:29,0                 
Time,Ampl
-2.45e-008,0.000119906
-2.44e-008,0.000135323
-2.43e-008,0.000236387
-2.42e-008,0.000393978
-2.41e-008,0.000539578
-2.4e-008,0.000611522
-2.39e-008,0.000626939
-2.38e-008,0.00054643
-2.37e-008,0.000421385
-2.36e-008,0.000349441
-2.35e-008,0.000299766
-2.34e-008,0.000291201
-2.33e-008,0.000313469
-2.32e-008,0.000263794
-2.31e-008,0.000222683
-2.3e-008,0.000137036
-2.29e-008,5.65272e-005
-2.28e-008,-1.54165e-005
-2.27e-008,-2.05554e-005
-2.26e-008,6.85179e-006
-2.25e-008,5.82402e-005
-2.24e-008,0.000109629
-2.23e-008,7.36567e-005
-2.22e-008,1.71295e-006
-2.21e-008,-0.000119906
-2.2e-008,-0.000217544
-2.19e-008,-0.000268933
-2.18e-008,-0.000207267
-2.17e-008,-5.65272e-005
-2.16e-008,0.000137036
-2.15e-008,0.000243238
-2.14e-008,0.000315182
-2.13e-008,0.000286062
-2.12e-008,0.000217544
-2.11e-008,0.000142175
-2.1e-008,0.000137036
-2.09e-008,0.000207267
-2.08e-008,0.00027921
-2.07e-008,0.000322034
-2.06e-008,0.000315182
-2.05e-008,0.000298053
-2.04e-008,0.000260368
-2.03e-008,0.00020898
-2.02e-008,0.000178146
-2.01e-008,0.000161017
-2e-008,0.000157591
-1.99e-008,0.000143888
-1.98e-008,0.000157591
-1.97e-008,0.000207267
-1.96e-008,0.00025009
-1.95e-008,0.000265507
-1.94e-008,0.000248377
-1.93e-008,0.000248377
-1.92e-008,0.000195276
-1.91e-008,0.000150739
-1.9e-008,0.000152452
-1.89e-008,0.000196989
-1.88e-008,0.000270646
-1.87e-008,0.000334025
-1.86e-008,0.000371709
-1.85e-008,0.000392265
-1.84e-008,0.000373422
-1.83e-008,0.000313469
-1.82e-008,0.000274071
-1.81e-008,0.00027921
-1.8e-008,0.00027921
-1.79e-008,0.000332312
-1.78e-008,0.000359719
-1.77e-008,0.000363145
-1.76e-008,0.000375135
-1.75e-008,0.000351154
-1.74e-008,0.000358006
-1.73e-008,0.000416246
-1.72e-008,0.000474486
-1.71e-008,0.000508745
-1.7e-008,0.00047106
-1.69e-008,0.000380274
-1.68e-008,0.000224396
-1.67e-008,7.53697e-005
-1.66e-008,-1.54165e-005
-1.65e-008,1.19906e-005
-1.64e-008,0.000123332
-1.63e-008,0.000274071
-1.62e-008,0.000399117
-1.61e-008,0.00042995
-1.6e-008,0.000436801
-1.59e-008,0.000388839
-1.58e-008,0.000335738
-1.57e-008,0.000332312
-1.56e-008,0.000373422
-1.55e-008,0.00041282
-1.54e-008,0.000402543
-1.53e-008,0.000352867
-1.52e-008,0.000313469
-1.51e-008,0.000272359
-1.5e-008,0.000224396
-1.49e-008,0.000239813
-1.48e-008,0.000301479
-1.47e-008,0.000347728
-1.46e-008,0.000378561
-1.45e-008,0.0003837
-1.44e-008,0.000378561
-1.43e-008,0.000342589
-1.42e-008,0.000270646
-1.41e-008,0.000196989
-1.4e-008,0.000164443
-1.39e-008,0.000130184
-1.38e-008,0.000159304
-1.37e-008,0.000234674
-1.36e-008,0.000328886
-1.35e-008,0.000387126
-1.34e-008,0.000388839
-1.33e-008,0.000380274
-1.32e-008,0.000339163
-1.31e-008,0.000306617
-1.3e-008,0.000323747
-1.29e-008,0.000358006
-1.28e-008,0.000460783
-1.27e-008,0.000503606
-1.26e-008,0.000457357
-1.25e-008,0.000363145
-1.24e-008,0.000239813
-1.23e-008,0.00010449
-1.22e-008,2.05554e-005
-1.21e-008,5.13884e-005
-1.2e-008,0.000140462
-1.19e-008,0.000289488
-1.18e-008,0.000369997
-1.17e-008,0.00041282
-1.16e-008,0.000405968
-1.15e-008,0.000385413
-1.14e-008,0.000349441
-1.13e-008,0.000378561
-1.12e-008,0.000455644
-1.11e-008,0.000560134
-1.1e-008,0.000597818
-1.09e-008,0.000554995
-1.08e-008,0.000465922
-1.07e-008,0.0003837
-1.06e-008,0.000311756
-1.05e-008,0.000368284
-1.04e-008,0.000539578
-1.03e-008,0.000801659
-1.02e-008,0.00106888
-1.01e-008,0.00123675
-1e-008,0.00132068
-9.9e-009,0.00122647
-9.8e-009,0.0010723
-9.7e-009,0.000890732
-9.6e-009,0.000745132
-9.5e-009,0.000717725
-9.4e-009,0.000678327
-9.3e-009,0.000716012
-9.2e-009,0.000746845
-9.1e-009,0.000791381
-9e-009,0.0007674
-8.9e-009,0.00070916
-8.8e-009,0.000669762
-8.7e-009,0.000640642
-8.6e-009,0.000637216
-8.5e-009,0.000657772
-8.4e-009,0.000688605
-8.3e-009,0.000815363
-8.2e-009,0.000875316
-8.1e-009,0.000880455
-8e-009,0.000894158
-7.9e-009,0.000895871
-7.8e-009,0.000851335
-7.7e-009,0.000841057
-7.6e-009,0.00082564
-7.5e-009,0.000779391
-7.4e-009,0.00066291
-7.3e-009,0.000443653
-7.2e-009,0.000198702
-7.1e-009,-3.2546e-005
-7e-009,-0.000152452
-6.9e-009,-0.000138749
-6.8e-009,3.42589e-006
-6.7e-009,0.00026722
-6.6e-009,0.000565272
-6.5e-009,0.000805085
-6.4e-009,0.000936982
-6.3e-009,0.000995222
-6.2e-009,0.00091814
-6.1e-009,0.000772539
-6e-009,0.000587541
-5.9e-009,0.000457357
-5.8e-009,0.000363145
-5.7e-009,0.000304905
-5.6e-009,0.000258655
-5.5e-009,0.000246664
-5.4e-009,0.000210692
-5.3e-009,0.000147313
-5.2e-009,8.22214e-005
-5.1e-009,4.45366e-005
-5e-009,1.54165e-005
-4.9e-009,-5.13884e-006
-4.8e-009,0
-4.7e-009,5.48143e-005
-4.6e-009,0.000121619
-4.5e-009,0.000214118
-4.4e-009,0.000330599
-4.3e-009,0.000438514
-4.2e-009,0.000549856
-4.1e-009,0.000582402
-4e-009,0.000529301
-3.9e-009,0.000411107
-3.8e-009,0.000274071
-3.7e-009,0.000121619
-3.6e-009,4.28237e-005
-3.5e-009,5.13884e-005
-3.4e-009,4.79625e-005
-3.3e-009,8.56473e-005
-3.2e-009,8.39344e-005
-3.1e-009,9.24991e-005
-3e-009,0.000130184
-2.9e-009,0.000205554
-2.8e-009,0.000298053
-2.7e-009,0.00044194
-2.6e-009,0.000548143
-2.5e-009,0.000577263
-2.4e-009,0.000486477
-2.3e-009,0.00032546
-2.2e-009,7.02308e-005
-2.1e-009,-0.00020898
-2e-009,-0.000431663
-1.9e-009,-0.000572124
-1.8e-009,-0.00057555
-1.7e-009,-0.000532726
-1.6e-009,-0.000405968
-1.5e-009,-0.000286062
-1.4e-009,-0.000186711
-1.3e-009,-0.00011648
-1.2e-009,-7.19438e-005
-1.1e-009,-4.28237e-005
-1e-009,8.56473e-006
-9e-010,6.68049e-005
-8e-010,0.000131897
-7e-010,0.000243238
-6e-010,0.000339163
-5e-010,0.000375135
-4e-010,0.000311756
-3e-010,0.00010449
-2e-010,-0.000217544
-1e-010,-0.000594393
4.138488e-023,-0.000904436
1e-010,-0.00105689
2e-010,-0.00103805
3e-010,-0.00084277
4e-010,-0.00063379
5e-010,-0.000447079
6e-010,-0.000316895
7e-010,-0.000294627
8e-010,-0.000344302
9e-010,-0.000359719
1e-009,-0.000366571
1.1e-009,-0.000371709
1.2e-009,-0.000450505
1.3e-009,-0.000558421
1.4e-009,-0.000666336
1.5e-009,-0.000733141
1.6e-009,-0.000779391
1.7e-009,-0.000779391
1.8e-009,-0.000753697
1.9e-009,-0.000710873
2e-009,-0.000664623
2.1e-009,-0.000609809
2.2e-009,-0.000522449
2.3e-009,-0.000399117
2.4e-009,-0.000332312
2.5e-009,-0.000320321
2.6e-009,-0.000361432
2.7e-009,-0.000505319
2.8e-009,-0.000698882
2.9e-009,-0.000904436
3e-009,-0.00107573
3.1e-009,-0.00115281
3.2e-009,-0.00119906
3.3e-009,-0.0011905
3.4e-009,-0.00119392
3.5e-009,-0.00121105
3.6e-009,-0.00128128
3.7e-009,-0.00141318
3.8e-009,-0.00151425
3.9e-009,-0.00166156
4e-009,-0.00173693
4.1e-009,-0.00179859
4.2e-009,-0.00177804
4.3e-009,-0.00170952
4.4e-009,-0.00162216
4.5e-009,-0.00152281
4.6e-009,-0.00145258
4.7e-009,-0.00139948
4.8e-009,-0.00140804
4.9e-009,-0.0014286
5e-009,-0.00147827
5.1e-009,-0.00154337
5.2e-009,-0.00162387
5.3e-009,-0.00167184
5.4e-009,-0.0017061
5.5e-009,-0.00171637
5.6e-009,-0.00169239
5.7e-009,-0.0017592
5.8e-009,-0.00189109
5.9e-009,-0.00204697
6e-009,-0.00218058
6.1e-009,-0.00226965
6.2e-009,-0.00224225
6.3e-009,-0.00210692
6.4e-009,-0.00196646
6.5e-009,-0.00182258
6.6e-009,-0.00172665
6.7e-009,-0.00165128
6.8e-009,-0.00162045
6.9e-009,-0.00159818
7e-009,-0.0015211
7.1e-009,-0.001468
7.2e-009,-0.00142175
7.3e-009,-0.00143202
7.4e-009,-0.00146628
7.5e-009,-0.00153137
7.6e-009,-0.00161873
7.7e-009,-0.00168897
7.8e-009,-0.00174378
7.9e-009,-0.00179517
8e-009,-0.00186369
8.1e-009,-0.00193049
8.2e-009,-0.00199216
8.3e-009,-0.00207438
8.4e-009,-0.00212063
8.5e-009,-0.00214632
8.6e-009,-0.00216688
8.7e-009,-0.00219257
8.8e-009,-0.00218572
8.9e-009,-0.00217544
9e-009,-0.00208123
9.1e-009,-0.00198873
9.2e-009,-0.00192021
9.3e-009,-0.00192193
9.4e-009,-0.00198359
9.5e-009,-0.00207952
9.6e-009,-0.00213604
9.7e-009,-0.00217716
9.8e-009,-0.00215146
9.9e-009,-0.00212234
1e-008,-0.00210521
1.01e-008,-0.0021703
1.02e-008,-0.00225766
1.03e-008,-0.00240498
1.04e-008,-0.00254886
1.05e-008,-0.00267734
1.06e-008,-0.00276298
1.07e-008,-0.00279896
1.08e-008,-0.00278868
1.09e-008,-0.00273558
1.1e-008,-0.00264993
1.11e-008,-0.00256942
1.12e-008,-0.00249234
1.13e-008,-0.00243581
1.14e-008,-0.00239127
1.15e-008,-0.00235701
1.16e-008,-0.00234331
1.17e-008,-0.00235701
1.18e-008,-0.00239984
1.19e-008,-0.00246664
1.2e-008,-0.00253002
1.21e-008,-0.00260197
1.22e-008,-0.00268761
1.23e-008,-0.00272016
1.24e-008,-0.00274928
1.25e-008,-0.0026859
1.26e-008,-0.00251632
1.27e-008,-0.00229021
1.28e-008,-0.00202128
1.29e-008,-0.00181915
1.3e-008,-0.00168725
1.31e-008,-0.00161873
1.32e-008,-0.00163244
1.33e-008,-0.00162901
1.34e-008,-0.00161188
1.35e-008,-0.00158105
1.36e-008,-0.00157762
1.37e-008,-0.00165128
1.38e-008,-0.00176776
1.39e-008,-0.00186883
1.4e-008,-0.00190994
1.41e-008,-0.00183114
1.42e-008,-0.0017061
1.43e-008,-0.00156049
1.44e-008,-0.00145772
1.45e-008,-0.00144744
1.46e-008,-0.00149198
1.47e-008,-0.00153309
1.48e-008,-0.0015348
1.49e-008,-0.00147313
1.5e-008,-0.00134809
1.51e-008,-0.00122133
1.52e-008,-0.00108601
1.53e-008,-0.000978093
1.54e-008,-0.000887306
1.55e-008,-0.000839344
1.56e-008,-0.000832492
1.57e-008,-0.000839344
1.58e-008,-0.000892445
1.59e-008,-0.000950686
1.6e-008,-0.000979806
1.61e-008,-0.00095925
1.62e-008,-0.000926704
1.63e-008,-0.00084277
1.64e-008,-0.000794807
1.65e-008,-0.000751984
1.66e-008,-0.000728002
1.67e-008,-0.000757123
1.68e-008,-0.000777678
1.69e-008,-0.000823927
1.7e-008,-0.000789669
1.71e-008,-0.000774252
1.72e-008,-0.000717725
1.73e-008,-0.000669762
1.74e-008,-0.00066291
1.75e-008,-0.000692031
1.76e-008,-0.000746845
1.77e-008,-0.00084277
1.78e-008,-0.000899297
1.79e-008,-0.000940408
1.8e-008,-0.000890732
1.81e-008,-0.000806798
1.82e-008,-0.000685179
1.83e-008,-0.000585828
1.84e-008,-0.00051731
1.85e-008,-0.000515597
1.86e-008,-0.000536152
1.87e-008,-0.000566985
1.88e-008,-0.000637216
1.89e-008,-0.000702308
1.9e-008,-0.000793094
1.91e-008,-0.000883881
1.92e-008,-0.000936982
1.93e-008,-0.000967815
1.94e-008,-0.000890732
1.95e-008,-0.000753697
1.96e-008,-0.000580689
1.97e-008,-0.000399117
1.98e-008,-0.000275784
1.99e-008,-0.000210692
2e-008,-0.000222683
2.01e-008,-0.000320321
2.02e-008,-0.000405968
2.03e-008,-0.000481338
2.04e-008,-0.000508745
2.05e-008,-0.00047106
2.06e-008,-0.000433376
2.07e-008,-0.000393978
2.08e-008,-0.000351154
2.09e-008,-0.000363145
2.1e-008,-0.000378561
2.11e-008,-0.000366571
2.12e-008,-0.000356293
2.13e-008,-0.000356293
2.14e-008,-0.000363145
2.15e-008,-0.000385413
2.16e-008,-0.000402543
2.17e-008,-0.000455644
2.18e-008,-0.000481338
2.19e-008,-0.000481338
2.2e-008,-0.000483051
2.21e-008,-0.000460783
2.22e-008,-0.000447079
2.23e-008,-0.00041282
2.24e-008,-0.000404255
2.25e-008,-0.000351154
2.26e-008,-0.00029634
2.27e-008,-0.000176434
2.28e-008,-7.02308e-005
2.29e-008,3.2546e-005
2.3e-008,0.000147313
2.31e-008,0.000207267
2.32e-008,0.000229535
2.33e-008,0.000195276
2.34e-008,0.000176434
2.35e-008,0.000174721
2.36e-008,0.000154165
2.37e-008,0.000128471
2.38e-008,7.19438e-005
2.39e-008,5.65272e-005
2.4e-008,0
2.41e-008,-2.39813e-005
2.42e-008,-1.02777e-005
2.43e-008,9.24991e-005
2.44e-008,0.000282636
2.45e-008,0.000448792
2.46e-008,0.000587541
2.47e-008,0.000683466
2.48e-008,0.000698882
2.49e-008,0.000685179
2.5e-008,0.000625226
2.51e-008,0.000529301
2.52e-008,0.000433376
2.53e-008,0.000323747
2.54e-008,0.000196989
2.55e-008,0.00011648
2.56e-008,9.24991e-005
2.57e-008,0.000169582
2.58e-008,0.000322034
2.59e-008,0.000529301
2.6e-008,0.000736567
2.61e-008,0.000883881
2.62e-008,0.000931843
2.63e-008,0.000902723
2.64e-008,0.000811937
2.65e-008,0.000686892
2.66e-008,0.000602957
2.67e-008,0.000525875
2.68e-008,0.000524162
2.69e-008,0.000531014
2.7e-008,0.000486477
2.71e-008,0.000436801
2.72e-008,0.000327173
2.73e-008,0.000169582
2.74e-008,4.45366e-005
2.75e-008,-9.5925e-005
2.76e-008,-0.000114767
2.77e-008,-8.56473e-005
2.78e-008,-2.22683e-005
2.79e-008,4.45366e-005
2.8e-008,8.22214e-005
2.81e-008,3.59719e-005
2.82e-008,-7.19438e-005
2.83e-008,-0.000203841
2.84e-008,-0.000275784
2.85e-008,-0.000344302
2.86e-008,-0.000364858
2.87e-008,-0.000376848
2.88e-008,-0.000328886
2.89e-008,-0.00026722
2.9e-008,-0.000222683
2.91e-008,-0.000200415
2.92e-008,-0.000205554
2.93e-008,-0.000232961
2.94e-008,-0.000301479
2.95e-008,-0.000399117
2.96e-008,-0.000481338
2.97e-008,-0.000539578
2.98e-008,-0.000609809
2.99e-008,-0.000635503
3e-008,-0.000666336
3.01e-008,-0.000729715
3.02e-008,-0.000775965
3.03e-008,-0.000774252
3.04e-008,-0.000717725
3.05e-008,-0.000674901
3.06e-008,-0.000659485
3.07e-008,-0.000690318
3.08e-008,-0.0007674
3.09e-008,-0.000882168
3.1e-008,-0.00104147
3.11e-008,-0.00110485
3.12e-008,-0.00109971
3.13e-008,-0.00110828
3.14e-008,-0.0010723
3.15e-008,-0.00105689
3.16e-008,-0.00109286
3.17e-008,-0.00114767
3.18e-008,-0.0011905
3.19e-008,-0.00121619
3.2e-008,-0.00119564
3.21e-008,-0.00114596
3.22e-008,-0.00111684
3.23e-008,-0.00109971
3.24e-008,-0.00106203
3.25e-008,-0.00104318
3.26e-008,-0.00104832
3.27e-008,-0.00110656
3.28e-008,-0.00122133
3.29e-008,-0.00141661
3.3e-008,-0.00165471
3.31e-008,-0.00183799
3.32e-008,-0.00190822
3.33e-008,-0.00187396
3.34e-008,-0.00180887
3.35e-008,-0.00177804
3.36e-008,-0.0017729
3.37e-008,-0.00182429
3.38e-008,-0.00190308
3.39e-008,-0.00196989
3.4e-008,-0.00195105
3.41e-008,-0.00188082
3.42e-008,-0.00176776
3.43e-008,-0.00173864
3.44e-008,-0.00169753
3.45e-008,-0.00169239
3.46e-008,-0.00173522
3.47e-008,-0.0018123
3.48e-008,-0.00187054
3.49e-008,-0.00191336
3.5e-008,-0.00197503
3.51e-008,-0.00201614
3.52e-008,-0.00206753
3.53e-008,-0.00214975
3.54e-008,-0.00227993
3.55e-008,-0.00246322
3.56e-008,-0.00263794
3.57e-008,-0.00276812
3.58e-008,-0.00278525
3.59e-008,-0.00275613
3.6e-008,-0.00263109
3.61e-008,-0.00252146
3.62e-008,-0.00245808
3.63e-008,-0.00247863
3.64e-008,-0.00257799
3.65e-008,-0.00266021
3.66e-008,-0.00273729
3.67e-008,-0.00274585
3.68e-008,-0.00270817
3.69e-008,-0.00259854
3.7e-008,-0.00254886
3.71e-008,-0.0025797
3.72e-008,-0.00267391
3.73e-008,-0.00286919
3.74e-008,-0.00304219
3.75e-008,-0.0032152
3.76e-008,-0.00328201
3.77e-008,-0.00328372
3.78e-008,-0.00325802
3.79e-008,-0.00323233
3.8e-008,-0.0032409
3.81e-008,-0.00327687
3.82e-008,-0.00334196
3.83e-008,-0.00338307
3.84e-008,-0.00340876
3.85e-008,-0.00338821
3.86e-008,-0.00336423
3.87e-008,-0.00344131
3.88e-008,-0.0035458
3.89e-008,-0.00368284
3.9e-008,-0.00381131
3.91e-008,-0.00389524
3.92e-008,-0.00392265
3.93e-008,-0.00389867
3.94e-008,-0.00386098
3.95e-008,-0.00390723
3.96e-008,-0.00398603
3.97e-008,-0.0040888
3.98e-008,-0.00413163
3.99e-008,-0.00412478
4e-008,-0.00403228
4.01e-008,-0.00390038
4.02e-008,-0.00381816
4.03e-008,-0.00381645
4.04e-008,-0.00391408
4.05e-008,-0.00408538
4.06e-008,-0.00427552
4.07e-008,-0.00439028
4.08e-008,-0.00441426
4.09e-008,-0.00431491
4.1e-008,-0.00415561
4.11e-008,-0.00397746
4.12e-008,-0.00388154
4.13e-008,-0.0038627
4.14e-008,-0.00390894
4.15e-008,-0.00398603
4.16e-008,-0.0040083
4.17e-008,-0.00403742
4.18e-008,-0.00401515
4.19e-008,-0.00403228
4.2e-008,-0.00410422
4.21e-008,-0.00419672
4.22e-008,-0.00429607
4.23e-008,-0.0043269
4.24e-008,-0.00435431
4.25e-008,-0.0043526
4.26e-008,-0.00435774
4.27e-008,-0.00438857
4.28e-008,-0.00444852
4.29e-008,-0.00450848
4.3e-008,-0.00448963
4.31e-008,-0.00442283
4.32e-008,-0.00434403
4.33e-008,-0.00428065
4.34e-008,-0.00422584
4.35e-008,-0.00423783
4.36e-008,-0.00428237
4.37e-008,-0.00433718
4.38e-008,-0.00437658
4.39e-008,-0.00438857
4.4e-008,-0.00442968
4.41e-008,-0.0044725
4.42e-008,-0.00449306
4.43e-008,-0.00448278
4.44e-008,-0.00447422
4.45e-008,-0.00444167
4.46e-008,-0.00444681
4.47e-008,-0.00444338
4.48e-008,-0.00451875
4.49e-008,-0.00458898
4.5e-008,-0.00470889
4.51e-008,-0.00477398
4.52e-008,-0.00479111
4.53e-008,-0.00477056
4.54e-008,-0.00469347
4.55e-008,-0.00459241
4.56e-008,-0.00451704
4.57e-008,-0.00448792
4.58e-008,-0.00446908
4.59e-008,-0.00443139
4.6e-008,-0.00443653
4.61e-008,-0.00447936
4.62e-008,-0.00451533
4.63e-008,-0.00456672
4.64e-008,-0.00460269
4.65e-008,-0.00460783
4.66e-008,-0.00451704
4.67e-008,-0.00435774
4.68e-008,-0.00420357
4.69e-008,-0.00411107
4.7e-008,-0.00406996
4.71e-008,-0.0041539
4.72e-008,-0.00425325
4.73e-008,-0.00437658
4.74e-008,-0.00440056
4.75e-008,-0.00433376
4.76e-008,-0.00422584
4.77e-008,-0.00411792
4.78e-008,-0.00406311
4.79e-008,-0.00405455
4.8e-008,-0.00410593
4.81e-008,-0.0041282
4.82e-008,-0.00416246
4.83e-008,-0.00410251
4.84e-008,-0.00400487
4.85e-008,-0.00390038
4.86e-008,-0.00377705
4.87e-008,-0.00366742
4.88e-008,-0.00357149
4.89e-008,-0.00351325
4.9e-008,-0.00350469
4.91e-008,-0.00349612
4.92e-008,-0.00347557
4.93e-008,-0.003467
4.94e-008,-0.00342418
4.95e-008,-0.00332654
4.96e-008,-0.00323576
4.97e-008,-0.00318266
4.98e-008,-0.00319636
4.99e-008,-0.00323576
5e-008,-0.00330085
5.01e-008,-0.00333339
5.02e-008,-0.00329228
5.03e-008,-0.00315867
5.04e-008,-0.0029771
5.05e-008,-0.00279724
5.06e-008,-0.00268933
5.07e-008,-0.0026465
5.08e-008,-0.00268247
5.09e-008,-0.00279382
5.1e-008,-0.00286576
5.11e-008,-0.00290173
5.12e-008,-0.00284349
5.13e-008,-0.00269447
5.14e-008,-0.00251118
5.15e-008,-0.00230734
5.16e-008,-0.00213091
5.17e-008,-0.00203327
5.18e-008,-0.00198531
5.19e-008,-0.00201443
5.2e-008,-0.00209322
5.21e-008,-0.002196
5.22e-008,-0.00219942
5.23e-008,-0.00211549
5.24e-008,-0.00196475
5.25e-008,-0.00183114
5.26e-008,-0.00173864
5.27e-008,-0.00164272
5.28e-008,-0.00160503
5.29e-008,-0.00160503
5.3e-008,-0.00159304
5.31e-008,-0.00150739
5.32e-008,-0.00144744
5.33e-008,-0.0014286
5.34e-008,-0.00150054
5.35e-008,-0.00157249
5.36e-008,-0.00157762
5.37e-008,-0.00149712
5.38e-008,-0.00135665
5.39e-008,-0.00115281
5.4e-008,-0.000950686
5.41e-008,-0.000830779
5.42e-008,-0.000817076
5.43e-008,-0.000856473
5.44e-008,-0.000906149
5.45e-008,-0.000878742
5.46e-008,-0.000849622
5.47e-008,-0.000794807
5.48e-008,-0.000757123
5.49e-008,-0.000692031
5.5e-008,-0.00068004
5.51e-008,-0.000700595
5.52e-008,-0.000681753
5.53e-008,-0.000657772
5.54e-008,-0.000596106
5.55e-008,-0.000532726
5.56e-008,-0.000443653
5.57e-008,-0.000339163
5.58e-008,-0.000217544
5.59e-008,-9.7638e-005
5.6e-008,-1.71295e-005
5.61e-008,8.05085e-005
5.62e-008,0.000171295
5.63e-008,0.000260368
5.64e-008,0.00030833
5.65e-008,0.00035458
5.66e-008,0.000368284
5.67e-008,0.000358006
5.68e-008,0.000316895
5.69e-008,0.000226109
5.7e-008,0.000169582
5.71e-008,0.000157591
5.72e-008,0.000256942
5.73e-008,0.000455644
5.74e-008,0.000692031
5.75e-008,0.000895871
5.76e-008,0.00102434
5.77e-008,0.00105004
5.78e-008,0.00102777
5.79e-008,0.00097638
5.8e-008,0.000993509
5.81e-008,0.00109286
5.82e-008,0.00125559
5.83e-008,0.00143374
5.84e-008,0.00150568
5.85e-008,0.00159133
5.86e-008,0.00162901
5.87e-008,0.00167869
5.88e-008,0.0017592
5.89e-008,0.00185683
5.9e-008,0.00195961
5.91e-008,0.00204697
5.92e-008,0.00206924
5.93e-008,0.00204697
5.94e-008,0.00205211
5.95e-008,0.00208294
5.96e-008,0.00212063
5.97e-008,0.00218915
5.98e-008,0.00223368
5.99e-008,0.00222683
6e-008,0.00218058
6.01e-008,0.00216003
6.02e-008,0.00215831
6.03e-008,0.00221313
6.04e-008,0.00229192
6.05e-008,0.00237757
6.06e-008,0.00249919
6.07e-008,0.00259854
6.08e-008,0.00268419
6.09e-008,0.00272701
6.1e-008,0.00278183
6.11e-008,0.0028572
6.12e-008,0.00292743
6.13e-008,0.00293942
6.14e-008,0.00294113
6.15e-008,0.00286576
6.16e-008,0.00274414
6.17e-008,0.00264822
6.18e-008,0.00261053
6.19e-008,0.00264993
6.2e-008,0.00273386
6.21e-008,0.00282808
6.22e-008,0.00288803
6.23e-008,0.00289488
6.24e-008,0.00287604
6.25e-008,0.00282636
6.26e-008,0.00279553
6.27e-008,0.00276641
6.28e-008,0.0027647
6.29e-008,0.00277497
6.3e-008,0.00282636
6.31e-008,0.00291372
6.32e-008,0.00304048
6.33e-008,0.00313127
6.34e-008,0.00317238
6.35e-008,0.00314668
6.36e-008,0.00303363
6.37e-008,0.00287604
6.38e-008,0.00272187
6.39e-008,0.00266706
6.4e-008,0.00260882
6.41e-008,0.00263965
6.42e-008,0.00268419
6.43e-008,0.00278868
6.44e-008,0.00288632
6.45e-008,0.00292571
6.46e-008,0.00289659
6.47e-008,0.00280752
6.48e-008,0.00269275
6.49e-008,0.00254886
6.5e-008,0.00247692
6.51e-008,0.00249405
6.52e-008,0.00258312
6.53e-008,0.002739
6.54e-008,0.00288632
6.55e-008,0.00295655
6.56e-008,0.00297368
6.57e-008,0.00290344
6.58e-008,0.00279724
6.59e-008,0.00269618
6.6e-008,0.00262252
6.61e-008,0.00255572
6.62e-008,0.00249748
6.63e-008,0.00247178
6.64e-008,0.00243752
6.65e-008,0.00238442
6.66e-008,0.0023553
6.67e-008,0.00232276
6.68e-008,0.00227822
6.69e-008,0.00225253
6.7e-008,0.00221998
6.71e-008,0.00223711
6.72e-008,0.00224225
6.73e-008,0.00232104
6.74e-008,0.00236729
6.75e-008,0.0023947
6.76e-008,0.00238956
6.77e-008,0.00235016
6.78e-008,0.00231077
6.79e-008,0.0022491
6.8e-008,0.00220285
6.81e-008,0.00214632
6.82e-008,0.00204868
6.83e-008,0.00195447
6.84e-008,0.00183628
6.85e-008,0.00174035
6.86e-008,0.00171637
6.87e-008,0.00168554
6.88e-008,0.00169582
6.89e-008,0.00169582
6.9e-008,0.0016804
6.91e-008,0.00167697
6.92e-008,0.00165299
6.93e-008,0.00167355
6.94e-008,0.00168725
6.95e-008,0.00167355
6.96e-008,0.0015879
6.97e-008,0.00143716
6.98e-008,0.0012042
6.99e-008,0.000978093
7e-008,0.000736567
7.01e-008,0.000623513
7.02e-008,0.000630364
7.03e-008,0.000707447
7.04e-008,0.000834205
7.05e-008,0.000882168
7.06e-008,0.000849622
7.07e-008,0.000710873
7.08e-008,0.000536152
7.09e-008,0.000351154
7.1e-008,0.0002381
7.11e-008,0.0002381
7.12e-008,0.000272359
7.13e-008,0.000323747
7.14e-008,0.000332312
7.15e-008,0.000330599
7.16e-008,0.000275784
7.17e-008,0.000190137
7.18e-008,7.70826e-005
7.19e-008,1.71295e-006
7.2e-008,-7.87956e-005
7.21e-008,-0.000118193
7.22e-008,-0.000161017
7.23e-008,-0.000186711
7.24e-008,-0.000181572
7.25e-008,-0.000205554
7.26e-008,-0.000202128
7.27e-008,-0.000214118
7.28e-008,-0.00022097
7.29e-008,-0.000236387
7.3e-008,-0.000318608
7.31e-008,-0.000375135
7.32e-008,-0.000438514
7.33e-008,-0.000465922
7.34e-008,-0.000445366
7.35e-008,-0.000455644
7.36e-008,-0.00048819
7.37e-008,-0.000558421
7.38e-008,-0.000628652
7.39e-008,-0.000695456
7.4e-008,-0.000704021
7.41e-008,-0.000707447
7.42e-008,-0.000678327
7.43e-008,-0.000657772
7.44e-008,-0.000632077
7.45e-008,-0.000613235
7.46e-008,-0.000657772
7.47e-008,-0.000741706
7.48e-008,-0.000870177
7.49e-008,-0.00103119
7.5e-008,-0.00111342
7.51e-008,-0.00110999
7.52e-008,-0.000986657
7.53e-008,-0.00084277
7.54e-008,-0.000700595
7.55e-008,-0.000652633
7.56e-008,-0.000669762
7.57e-008,-0.000729715
7.58e-008,-0.000793094
7.59e-008,-0.000837631
7.6e-008,-0.000817076
7.61e-008,-0.00075541
7.62e-008,-0.000666336
7.63e-008,-0.000515597
7.64e-008,-0.000392265
7.65e-008,-0.000303192
7.66e-008,-0.000287775
7.67e-008,-0.000371709
7.68e-008,-0.000445366
7.69e-008,-0.000534439
7.7e-008,-0.000525875
7.71e-008,-0.000503606
7.72e-008,-0.000399117
7.73e-008,-0.000340876
7.74e-008,-0.000364858
7.75e-008,-0.000436801
7.76e-008,-0.000556708
7.77e-008,-0.000652633
7.78e-008,-0.000702308
7.79e-008,-0.000654346
7.8e-008,-0.000558421
7.81e-008,-0.00044194
7.82e-008,-0.000311756
7.83e-008,-0.000260368
7.84e-008,-0.0002381
7.85e-008,-0.000260368
7.86e-008,-0.000292914
7.87e-008,-0.000315182
7.88e-008,-0.000274071
7.89e-008,-0.00019185
7.9e-008,-9.93509e-005
7.91e-008,-2.91201e-005
7.92e-008,-1.02777e-005
7.93e-008,1.02777e-005
7.94e-008,0
7.95e-008,-1.88424e-005
7.96e-008,8.56473e-006
7.97e-008,0.000101064
7.98e-008,0.000224396
7.99e-008,0.000299766
8e-008,0.00032546
8.01e-008,0.000270646
8.02e-008,0.000159304
8.03e-008,2.39813e-005
8.04e-008,-4.96755e-005
8.05e-008,-6.3379e-005
8.06e-008,4.79625e-005
8.07e-008,0.000231248
8.08e-008,0.000443653
8.09e-008,0.000608096
8.1e-008,0.000693743
8.11e-008,0.000716012
8.12e-008,0.000716012
8.13e-008,0.000716012
8.14e-008,0.000714299
8.15e-008,0.000728002
8.16e-008,0.000762261
8.17e-008,0.000817076
8.18e-008,0.000851335
8.19e-008,0.00085476
8.2e-008,0.000902723
8.21e-008,0.00095925
8.22e-008,0.00102777
8.23e-008,0.00109286
8.24e-008,0.00115281
8.25e-008,0.00122647
8.26e-008,0.00133267
8.27e-008,0.00144059
8.28e-008,0.00158105
8.29e-008,0.00170781
8.3e-008,0.00181058
8.31e-008,0.00187739
8.32e-008,0.00189623
8.33e-008,0.00191336
8.34e-008,0.00195447
8.35e-008,0.00201271
8.36e-008,0.00209322
8.37e-008,0.00216859
8.38e-008,0.00226109
8.39e-008,0.00235359
8.4e-008,0.00244266
8.41e-008,0.00256428
8.42e-008,0.00267048
8.43e-008,0.00277497
8.44e-008,0.00282979
8.45e-008,0.00285548
8.46e-008,0.00283321
8.47e-008,0.00285034
8.48e-008,0.0028452
8.49e-008,0.00290516
8.5e-008,0.00298395
8.51e-008,0.00306446
8.52e-008,0.00316381
8.53e-008,0.00328029
8.54e-008,0.00340191
8.55e-008,0.00350983
8.56e-008,0.0035852
8.57e-008,0.00367941
8.58e-008,0.00377876
8.59e-008,0.00389353
8.6e-008,0.00395006
8.61e-008,0.00402371
8.62e-008,0.0040357
8.63e-008,0.00404769
8.64e-008,0.00395691
8.65e-008,0.00391751
8.66e-008,0.00388668
8.67e-008,0.00393978
8.68e-008,0.00401686
8.69e-008,0.00414019
8.7e-008,0.00427723
8.71e-008,0.00448792
8.72e-008,0.00467292
8.73e-008,0.00485449
8.74e-008,0.00499153
8.75e-008,0.00508574
8.76e-008,0.00509602
8.77e-008,0.00508574
8.78e-008,0.00505491
8.79e-008,0.00503606
8.8e-008,0.00505833
8.81e-008,0.00512514
8.82e-008,0.00529643
8.83e-008,0.00551055
8.84e-008,0.00572981
8.85e-008,0.0058874
8.86e-008,0.00595078
8.87e-008,0.00594735
8.88e-008,0.00587883
8.89e-008,0.00584115
8.9e-008,0.0058343
8.91e-008,0.00595078
8.92e-008,0.00608267
8.93e-008,0.00620943
8.94e-008,0.00626253
8.95e-008,0.00627281
8.96e-008,0.00625568
8.97e-008,0.00629508
8.98e-008,0.00637045
8.99e-008,0.00652461
9e-008,0.00672503
9.01e-008,0.00688947
9.02e-008,0.00696655
9.03e-008,0.0069323
9.04e-008,0.00684151
9.05e-008,0.0067747
9.06e-008,0.00671304
9.07e-008,0.00676614
9.08e-008,0.00690318
9.09e-008,0.0071053
9.1e-008,0.00727831
9.11e-008,0.00738794
9.12e-008,0.00743762
9.13e-008,0.00740507
9.14e-008,0.00739308
9.15e-008,0.00737424
9.16e-008,0.00741192
9.17e-008,0.00746331
9.18e-008,0.00753354
9.19e-008,0.00759521
9.2e-008,0.00761576
9.21e-008,0.00765173
9.22e-008,0.00766715
9.23e-008,0.00767743
9.24e-008,0.00770997
9.25e-008,0.0077665
9.26e-008,0.00789669
9.27e-008,0.008044
9.28e-008,0.00818617
9.29e-008,0.0082821
9.3e-008,0.00829751
9.31e-008,0.00823414
9.32e-008,0.0081365
9.33e-008,0.00803886
9.34e-008,0.00799775
9.35e-008,0.00801659
9.36e-008,0.00810738
9.37e-008,0.00819474
9.38e-008,0.00826668
9.39e-008,0.00829409
9.4e-008,0.00828039
9.41e-008,0.00821015
9.42e-008,0.00815877
9.43e-008,0.00813307
9.44e-008,0.00817932
9.45e-008,0.00826326
9.46e-008,0.00841913
9.47e-008,0.00854247
9.48e-008,0.00862811
9.49e-008,0.00868635
9.5e-008,0.00865895
9.51e-008,0.00864182
9.52e-008,0.00862297
9.53e-008,0.00862126
9.54e-008,0.0086264
9.55e-008,0.00859385
9.56e-008,0.00857159
9.57e-008,0.00852705
9.58e-008,0.00843455
9.59e-008,0.00835233
9.6e-008,0.00834205
9.61e-008,0.0083489
9.62e-008,0.00842085
9.63e-008,0.00849964
9.64e-008,0.00854075
9.65e-008,0.00852362
9.66e-008,0.00841228
9.67e-008,0.00822728
9.68e-008,0.00806969
9.69e-008,0.00794293
9.7e-008,0.00794636
9.71e-008,0.00807141
9.72e-008,0.00825812
9.73e-008,0.00847052
9.74e-008,0.00860242
9.75e-008,0.00859385
9.76e-008,0.00848423
9.77e-008,0.00828381
9.78e-008,0.0080971
9.79e-008,0.00794465
9.8e-008,0.00789497
9.81e-008,0.00790525
9.82e-008,0.00796863
9.83e-008,0.00804914
9.84e-008,0.00812965
9.85e-008,0.00819988
9.86e-008,0.00821872
9.87e-008,0.00817418
9.88e-008,0.00812793
9.89e-008,0.00805599
9.9e-008,0.00800289
9.91e-008,0.00799261
9.92e-008,0.00802344
9.93e-008,0.00806284
9.94e-008,0.00807483
9.95e-008,0.00807483
9.96e-008,0.00804742
9.97e-008,0.00800117
9.98e-008,0.00791553
9.99e-008,0.00784187
1e-007,0.00773567
1.001e-007,0.00762261
1.002e-007,0.00753525
1.003e-007,0.0074616
1.004e-007,0.00741192
1.005e-007,0.00742734
1.006e-007,0.0074616
1.007e-007,0.0075147
1.008e-007,0.0075541
1.009e-007,0.00755238
1.01e-007,0.00751641
1.011e-007,0.00747701
1.012e-007,0.00739822
1.013e-007,0.00734512
1.014e-007,0.00735026
1.015e-007,0.00741706
1.016e-007,0.00749586
1.017e-007,0.00759692
1.018e-007,0.00762604
1.019e-007,0.00760548
1.02e-007,0.00755581
1.021e-007,0.00745132
1.022e-007,0.00735197
1.023e-007,0.00726803
1.024e-007,0.00720808
1.025e-007,0.00718581
1.026e-007,0.00718581
1.027e-007,0.00716697
1.028e-007,0.00714128
1.029e-007,0.00707961
1.03e-007,0.00699739
1.031e-007,0.00684836
1.032e-007,0.00671989
1.033e-007,0.00663938
1.034e-007,0.00659142
1.035e-007,0.00656573
1.036e-007,0.00651776
1.037e-007,0.00646124
1.038e-007,0.00637216
1.039e-007,0.00626425
1.04e-007,0.00618716
1.041e-007,0.00610837
1.042e-007,0.0060998
1.043e-007,0.00611522
1.044e-007,0.00613749
1.045e-007,0.00611693
1.046e-007,0.00612036
1.047e-007,0.00610323
1.048e-007,0.00606897
1.049e-007,0.00605527
1.05e-007,0.00605869
1.051e-007,0.0060724
1.052e-007,0.00605184
1.053e-007,0.00600902
1.054e-007,0.00592166
1.055e-007,0.00578976
1.056e-007,0.00561847
1.057e-007,0.00543689
1.058e-007,0.00526902
1.059e-007,0.00513199
1.06e-007,0.00501551
1.061e-007,0.00494699
1.062e-007,0.00491787
1.063e-007,0.00486991
1.064e-007,0.00487847
1.065e-007,0.00487505
1.066e-007,0.00490588
1.067e-007,0.00490588
1.068e-007,0.00486134
1.069e-007,0.00479625
1.07e-007,0.00470889
1.071e-007,0.0046044
1.072e-007,0.00451533
1.073e-007,0.00441769
1.074e-007,0.00435602
1.075e-007,0.00428065
1.076e-007,0.00420015
1.077e-007,0.00413334
1.078e-007,0.00409394
1.079e-007,0.00406311
1.08e-007,0.00401857
1.081e-007,0.00393806
1.082e-007,0.00381816
1.083e-007,0.00366057
1.084e-007,0.00347728
1.085e-007,0.00327515
1.086e-007,0.00309358
1.087e-007,0.00296169
1.088e-007,0.00288289
1.089e-007,0.0028572
1.09e-007,0.00286747
1.091e-007,0.00290173
1.092e-007,0.0028846
1.093e-007,0.00285034
1.094e-007,0.00277669
1.095e-007,0.00267562
1.096e-007,0.00253002
1.097e-007,0.00243238
1.098e-007,0.00233132
1.099e-007,0.00227993
1.1e-007,0.00225081
1.101e-007,0.00222169
1.102e-007,0.00218229
1.103e-007,0.00216516
1.104e-007,0.00210692
1.105e-007,0.00202299
1.106e-007,0.00193392
1.107e-007,0.00180202
1.108e-007,0.00167697
1.109e-007,0.00155707
1.11e-007,0.00143545
1.111e-007,0.00137036
1.112e-007,0.00134638
1.113e-007,0.00131897
1.114e-007,0.00131212
1.115e-007,0.00123503
1.116e-007,0.00110656
1.117e-007,0.000952398
1.118e-007,0.000751984
1.119e-007,0.000596106
1.12e-007,0.000465922
1.121e-007,0.000368284
1.122e-007,0.000358006
1.123e-007,0.000359719
1.124e-007,0.000376848
1.125e-007,0.000322034
1.126e-007,0.000239813
1.127e-007,0.000123332
1.128e-007,-2.39813e-005
1.129e-007,-0.000102777
1.13e-007,-0.000137036
1.131e-007,-0.000109629
1.132e-007,-5.31014e-005
1.133e-007,-1.71295e-005
1.134e-007,-3.76848e-005
1.135e-007,-5.31014e-005
1.136e-007,-8.39344e-005
1.137e-007,-0.000142175
1.138e-007,-0.000203841
1.139e-007,-0.000298053
1.14e-007,-0.000399117
1.141e-007,-0.000532726
1.142e-007,-0.000656059
1.143e-007,-0.000693743
1.144e-007,-0.000716012
1.145e-007,-0.000714299
1.146e-007,-0.000769113
1.147e-007,-0.000817076
1.148e-007,-0.000880455
1.149e-007,-0.000966102
1.15e-007,-0.00102948
1.151e-007,-0.00108258
1.152e-007,-0.00117166
1.153e-007,-0.00129156
1.154e-007,-0.00141832
1.155e-007,-0.00153651
1.156e-007,-0.00159475
1.157e-007,-0.00159475
1.158e-007,-0.00157249
1.159e-007,-0.0015742
1.16e-007,-0.00159989
1.161e-007,-0.00169068
1.162e-007,-0.00178146
1.163e-007,-0.00186197
1.164e-007,-0.00189623
1.165e-007,-0.00189966
1.166e-007,-0.00195619
1.167e-007,-0.00200757
1.168e-007,-0.00206581
1.169e-007,-0.00212919
1.17e-007,-0.00217373
1.171e-007,-0.00217544
1.172e-007,-0.00214632
1.173e-007,-0.00212405
1.174e-007,-0.00209493
1.175e-007,-0.00212063
1.176e-007,-0.00215489
1.177e-007,-0.00218572
1.178e-007,-0.00226109
1.179e-007,-0.0023022
1.18e-007,-0.00236901
1.181e-007,-0.00245294
1.182e-007,-0.00249405
1.183e-007,-0.00247178
1.184e-007,-0.00242725
1.185e-007,-0.00239127
1.186e-007,-0.00240326
1.187e-007,-0.00245465
1.188e-007,-0.00252317
1.189e-007,-0.002554
1.19e-007,-0.00254886
1.191e-007,-0.00251803
1.192e-007,-0.00247178
1.193e-007,-0.00247178
1.194e-007,-0.00256599
1.195e-007,-0.00268933
1.196e-007,-0.00278183
1.197e-007,-0.00281266
1.198e-007,-0.00278868
1.199e-007,-0.00279896
1.2e-007,-0.00284349
1.201e-007,-0.00290687
1.202e-007,-0.00304219
1.203e-007,-0.00319978
1.204e-007,-0.00330085
1.205e-007,-0.00333511
1.206e-007,-0.00332483
1.207e-007,-0.0032546
1.208e-007,-0.00315354
1.209e-007,-0.00303192
1.21e-007,-0.00293942
1.211e-007,-0.00291372
1.212e-007,-0.00294969
1.213e-007,-0.00301821
1.214e-007,-0.00311756
1.215e-007,-0.00321178
1.216e-007,-0.00327858
1.217e-007,-0.00335395
1.218e-007,-0.00339335
1.219e-007,-0.00343275
1.22e-007,-0.00344474
1.221e-007,-0.00341219
1.222e-007,-0.00334025
1.223e-007,-0.00328372
1.224e-007,-0.00322548
1.225e-007,-0.00320664
1.226e-007,-0.00320835
1.227e-007,-0.00325289
1.228e-007,-0.00329228
1.229e-007,-0.0033865
1.23e-007,-0.00346529
1.231e-007,-0.00355265
1.232e-007,-0.00361774
1.233e-007,-0.00367085
1.234e-007,-0.00366913
1.235e-007,-0.0036246
1.236e-007,-0.00351497
1.237e-007,-0.00339677
1.238e-007,-0.00332312
1.239e-007,-0.00330427
1.24e-007,-0.0033471
1.241e-007,-0.00342761
1.242e-007,-0.00350298
1.243e-007,-0.00355265
1.244e-007,-0.00355779
1.245e-007,-0.00352867
1.246e-007,-0.00352011
1.247e-007,-0.00349955
1.248e-007,-0.003479
1.249e-007,-0.00339163
1.25e-007,-0.00329571
1.251e-007,-0.00320664
1.252e-007,-0.00318266
1.253e-007,-0.00319293
1.254e-007,-0.00331284
1.255e-007,-0.00340876
1.256e-007,-0.00347214
1.257e-007,-0.00343788
1.258e-007,-0.00327515
1.259e-007,-0.0031227
1.26e-007,-0.00301307
1.261e-007,-0.00297196
1.262e-007,-0.00304391
1.263e-007,-0.00313127
1.264e-007,-0.00321006
1.265e-007,-0.00325631
1.266e-007,-0.00320492
1.267e-007,-0.00308844
1.268e-007,-0.00295655
1.269e-007,-0.0028709
1.27e-007,-0.00282122
1.271e-007,-0.00284692
1.272e-007,-0.00288974
1.273e-007,-0.002924
1.274e-007,-0.00290344
1.275e-007,-0.00286576
1.276e-007,-0.00283835
1.277e-007,-0.00280923
1.278e-007,-0.0028315
1.279e-007,-0.00288289
1.28e-007,-0.00292057
1.281e-007,-0.00294456
1.282e-007,-0.00292057
1.283e-007,-0.00292914
1.284e-007,-0.00293599
1.285e-007,-0.00297539
1.286e-007,-0.00303192
1.287e-007,-0.00308502
1.288e-007,-0.00311585
1.289e-007,-0.00310215
1.29e-007,-0.00298395
1.291e-007,-0.00284007
1.292e-007,-0.00267048
1.293e-007,-0.00254373
1.294e-007,-0.00250604
1.295e-007,-0.00254201
1.296e-007,-0.00261396
1.297e-007,-0.00268761
1.298e-007,-0.00272701
1.299e-007,-0.0027253
1.3e-007,-0.00269789
1.301e-007,-0.00267734
1.302e-007,-0.00268076
1.303e-007,-0.0027253
1.304e-007,-0.00282122
1.305e-007,-0.00293428
1.306e-007,-0.00301479
1.307e-007,-0.00307474
1.308e-007,-0.00307817
1.309e-007,-0.00304562
1.31e-007,-0.0030165
1.311e-007,-0.0030028
1.312e-007,-0.00304391
1.313e-007,-0.00307817
1.314e-007,-0.00312099
1.315e-007,-0.00315011
1.316e-007,-0.00316381
1.317e-007,-0.00311071
1.318e-007,-0.00300451
1.319e-007,-0.00289317
1.32e-007,-0.00283321
1.321e-007,-0.00279039
1.322e-007,-0.0027647
1.323e-007,-0.0027921
1.324e-007,-0.00288803
1.325e-007,-0.00297368
1.326e-007,-0.00305418
1.327e-007,-0.00309358
1.328e-007,-0.00307474
1.329e-007,-0.00301479
1.33e-007,-0.00293942
1.331e-007,-0.00290687
1.332e-007,-0.0029103
1.333e-007,-0.00297539
1.334e-007,-0.00307303
1.335e-007,-0.00319122
1.336e-007,-0.00329571
1.337e-007,-0.00334196
1.338e-007,-0.00337793
1.339e-007,-0.00334367
1.34e-007,-0.00331455
1.341e-007,-0.00323062
1.342e-007,-0.00319122
1.343e-007,-0.00315011
1.344e-007,-0.00312442
1.345e-007,-0.00316381
1.346e-007,-0.00319122
1.347e-007,-0.00323576
1.348e-007,-0.00328029
1.349e-007,-0.0033608
1.35e-007,-0.00344645
1.351e-007,-0.0035321
1.352e-007,-0.00357663
1.353e-007,-0.00357321
1.354e-007,-0.00352182
1.355e-007,-0.00345673
1.356e-007,-0.00340876
1.357e-007,-0.00338821
1.358e-007,-0.00342418
1.359e-007,-0.0035321
1.36e-007,-0.00367427
1.361e-007,-0.00383529
1.362e-007,-0.00399973
1.363e-007,-0.00410251
1.364e-007,-0.00412135
1.365e-007,-0.00405455
1.366e-007,-0.00391066
1.367e-007,-0.00374279
1.368e-007,-0.0036777
1.369e-007,-0.00370168
1.37e-007,-0.00383186
1.371e-007,-0.00399973
1.372e-007,-0.00419158
1.373e-007,-0.0043132
1.374e-007,-0.00433889
1.375e-007,-0.00431663
1.376e-007,-0.00424982
1.377e-007,-0.0042464
1.378e-007,-0.00426181
1.379e-007,-0.00429607
1.38e-007,-0.0043663
1.381e-007,-0.00438857
1.382e-007,-0.00438001
1.383e-007,-0.00433204
1.384e-007,-0.00427552
1.385e-007,-0.00430635
1.386e-007,-0.00433718
1.387e-007,-0.0043663
1.388e-007,-0.00436459
1.389e-007,-0.0043269
1.39e-007,-0.00433718
1.391e-007,-0.00433204
1.392e-007,-0.00436116
1.393e-007,-0.004392
1.394e-007,-0.00442797
1.395e-007,-0.004392
1.396e-007,-0.00431491
1.397e-007,-0.00424126
1.398e-007,-0.00419158
1.399e-007,-0.00421042
1.4e-007,-0.00428065
1.401e-007,-0.00440741
1.402e-007,-0.00455301
1.403e-007,-0.00467292
1.404e-007,-0.00475
1.405e-007,-0.00475343
1.406e-007,-0.00475
1.407e-007,-0.00468834
1.408e-007,-0.0046181
1.409e-007,-0.00456672
1.41e-007,-0.00455301
1.411e-007,-0.00456672
1.412e-007,-0.00456329
1.413e-007,-0.0046044
1.414e-007,-0.00463695
1.415e-007,-0.00467806
1.416e-007,-0.00471917
1.417e-007,-0.00475
1.418e-007,-0.00478769
1.419e-007,-0.00478769
1.42e-007,-0.00471574
1.421e-007,-0.00464551
1.422e-007,-0.00455473
1.423e-007,-0.00454959
1.424e-007,-0.00456158
1.425e-007,-0.0046181
1.426e-007,-0.00470718
1.427e-007,-0.00476371
1.428e-007,-0.00478769
1.429e-007,-0.00473116
1.43e-007,-0.00462153
1.431e-007,-0.00451875
1.432e-007,-0.0044451
1.433e-007,-0.00443996
1.434e-007,-0.00447422
1.435e-007,-0.00448963
1.436e-007,-0.00449991
1.437e-007,-0.00443996
1.438e-007,-0.00434917
1.439e-007,-0.00422927
1.44e-007,-0.00415218
1.441e-007,-0.00412649
1.442e-007,-0.00417616
1.443e-007,-0.00421385
1.444e-007,-0.00422241
1.445e-007,-0.00417274
1.446e-007,-0.00402885
1.447e-007,-0.00384214
1.448e-007,-0.00365714
1.449e-007,-0.00352696
1.45e-007,-0.00352182
1.451e-007,-0.00359548
1.452e-007,-0.00373765
1.453e-007,-0.00383871
1.454e-007,-0.00390381
1.455e-007,-0.00387297
1.456e-007,-0.00375992
1.457e-007,-0.00361774
1.458e-007,-0.00347043
1.459e-007,-0.00332312
1.46e-007,-0.0032289
1.461e-007,-0.00315525
1.462e-007,-0.00313641
1.463e-007,-0.00316381
1.464e-007,-0.00322205
1.465e-007,-0.00325289
1.466e-007,-0.00323233
1.467e-007,-0.00311585
1.468e-007,-0.00298909
1.469e-007,-0.00282808
1.47e-007,-0.00274585
1.471e-007,-0.00271331
1.472e-007,-0.00276127
1.473e-007,-0.00285206
1.474e-007,-0.0029771
1.475e-007,-0.00306104
1.476e-007,-0.00308844
1.477e-007,-0.0030559
1.478e-007,-0.00295826
1.479e-007,-0.00280581
1.48e-007,-0.00263623
1.481e-007,-0.00248377
1.482e-007,-0.00241012
1.483e-007,-0.00239641
1.484e-007,-0.00241526
1.485e-007,-0.00243067
1.486e-007,-0.00241354
1.487e-007,-0.00236558
1.488e-007,-0.00228165
1.489e-007,-0.00220628
1.49e-007,-0.00218915
1.491e-007,-0.00221655
1.492e-007,-0.00226623
1.493e-007,-0.00230391
1.494e-007,-0.00229535
1.495e-007,-0.00224225
1.496e-007,-0.00213776
1.497e-007,-0.002011
1.498e-007,-0.0019048
1.499e-007,-0.00184313
1.5e-007,-0.00180716
1.501e-007,-0.00180545
1.502e-007,-0.00176605
1.503e-007,-0.0017335
1.504e-007,-0.00164614
1.505e-007,-0.00152966
1.506e-007,-0.00139434
1.507e-007,-0.00128814
1.508e-007,-0.00121105
1.509e-007,-0.00117851
1.51e-007,-0.00113568
1.511e-007,-0.00112198
1.512e-007,-0.00108087
1.513e-007,-0.0010586
1.514e-007,-0.00104318
1.515e-007,-0.00102263
1.516e-007,-0.0010192
1.517e-007,-0.000971241
1.518e-007,-0.000921565
1.519e-007,-0.000830779
1.52e-007,-0.000726289
1.521e-007,-0.000637216
1.522e-007,-0.000532726
1.523e-007,-0.000436801
1.524e-007,-0.000282636
1.525e-007,-0.000107916
1.526e-007,4.45366e-005
1.527e-007,0.000154165
1.528e-007,0.000173008
1.529e-007,0.000121619
1.53e-007,4.45366e-005
1.531e-007,-1.37036e-005
1.532e-007,-2.39813e-005
1.533e-007,-2.56942e-005
1.534e-007,1.37036e-005
1.535e-007,5.13884e-005
1.536e-007,9.7638e-005
1.537e-007,0.000169582
1.538e-007,0.000272359
1.539e-007,0.000363145
1.54e-007,0.000424811
1.541e-007,0.00048819
1.542e-007,0.000577263
1.543e-007,0.000647494
1.544e-007,0.000733141
1.545e-007,0.000798233
1.546e-007,0.000829066
1.547e-007,0.000806798
1.548e-007,0.000753697
1.549e-007,0.000746845
1.55e-007,0.000818789
1.551e-007,0.000972954
1.552e-007,0.00114939
1.553e-007,0.00130355
1.554e-007,0.00136179
1.555e-007,0.00136864
1.556e-007,0.00131897
1.557e-007,0.00124703
1.558e-007,0.00122304
1.559e-007,0.0012573
1.56e-007,0.00129841
1.561e-007,0.00134124
1.562e-007,0.0013755
1.563e-007,0.00142517
1.564e-007,0.00151596
1.565e-007,0.00165813
1.566e-007,0.00180716
1.567e-007,0.00196818
1.568e-007,0.00209836
1.569e-007,0.00216003
1.57e-007,0.00219086
1.571e-007,0.00218058
1.572e-007,0.00220456
1.573e-007,0.00224739
1.574e-007,0.0023022
1.575e-007,0.00232104
1.576e-007,0.00231077
1.577e-007,0.00229192
1.578e-007,0.00228336
1.579e-007,0.00232276
1.58e-007,0.00236387
1.581e-007,0.00245123
1.582e-007,0.0025266
1.583e-007,0.00258998
1.584e-007,0.00262595
1.585e-007,0.00263965
1.586e-007,0.00265507
1.587e-007,0.00267048
1.588e-007,0.0026722
1.589e-007,0.0026996
1.59e-007,0.00272701
1.591e-007,0.00276298
1.592e-007,0.00283321
1.593e-007,0.00287775
1.594e-007,0.00293257
1.595e-007,0.00293599
1.596e-007,0.00292914
1.597e-007,0.00291715
1.598e-007,0.00290173
1.599e-007,0.00289317
1.6e-007,0.00287261
1.601e-007,0.00284863
1.602e-007,0.00281095
1.603e-007,0.00280752
1.604e-007,0.0028452
1.605e-007,0.00295141
1.606e-007,0.0030833
1.607e-007,0.0032015
1.608e-007,0.00326316
1.609e-007,0.00328715
1.61e-007,0.00327002
1.611e-007,0.00324432
1.612e-007,0.00328201
1.613e-007,0.0034002
1.614e-007,0.00355608
1.615e-007,0.00367941
1.616e-007,0.0036914
1.617e-007,0.00358691
1.618e-007,0.00337793
1.619e-007,0.00317923
1.62e-007,0.00303877
1.621e-007,0.0030165
1.622e-007,0.003109
1.623e-007,0.00328543
1.624e-007,0.00345673
1.625e-007,0.0035852
1.626e-007,0.00362802
1.627e-007,0.00358691
1.628e-007,0.00352524
1.629e-007,0.00343103
1.63e-007,0.00334196
1.631e-007,0.00325289
1.632e-007,0.00321349
1.633e-007,0.00322034
1.634e-007,0.00324261
1.635e-007,0.00331284
1.636e-007,0.00337964
1.637e-007,0.00345501
1.638e-007,0.00351839
1.639e-007,0.0035595
1.64e-007,0.00350812
1.641e-007,0.00341904
1.642e-007,0.00329571
1.643e-007,0.00313812
1.644e-007,0.00307645
1.645e-007,0.00306446
1.646e-007,0.00318951
1.647e-007,0.00335909
1.648e-007,0.00351154
1.649e-007,0.00360404
1.65e-007,0.00361774
1.651e-007,0.00353038
1.652e-007,0.00342761
1.653e-007,0.00335909
1.654e-007,0.00336423
1.655e-007,0.00338478
1.656e-007,0.00350469
1.657e-007,0.00363145
1.658e-007,0.00374279
1.659e-007,0.00385756
1.66e-007,0.00389524
1.661e-007,0.00389524
1.662e-007,0.00380617
1.663e-007,0.00370682
1.664e-007,0.00363487
1.665e-007,0.0036246
1.666e-007,0.00364515
1.667e-007,0.00368455
1.668e-007,0.00370339
1.669e-007,0.0036777
1.67e-007,0.00359034
1.671e-007,0.00344474
1.672e-007,0.00334881
1.673e-007,0.00336423
1.674e-007,0.00345501
1.675e-007,0.00354923
1.676e-007,0.00360061
1.677e-007,0.00359376
1.678e-007,0.00357492
1.679e-007,0.0035595
1.68e-007,0.00358348
1.681e-007,0.00363316
1.682e-007,0.00367941
1.683e-007,0.00367427
1.684e-007,0.00358177
1.685e-007,0.00350983
1.686e-007,0.00342247
1.687e-007,0.00334367
1.688e-007,0.00333511
1.689e-007,0.00333853
1.69e-007,0.00333511
1.691e-007,0.00327687
1.692e-007,0.00322205
1.693e-007,0.00319293
1.694e-007,0.00318094
1.695e-007,0.00318608
1.696e-007,0.00319636
1.697e-007,0.00316381
1.698e-007,0.00310729
1.699e-007,0.00306104
1.7e-007,0.00308844
1.701e-007,0.00311928
1.702e-007,0.00319978
1.703e-007,0.00324261
1.704e-007,0.00322034
1.705e-007,0.00314668
1.706e-007,0.0030696
1.707e-007,0.00298395
1.708e-007,0.00294969
1.709e-007,0.00290858
1.71e-007,0.00288974
1.711e-007,0.00282465
1.712e-007,0.002739
1.713e-007,0.00263965
1.714e-007,0.00261738
1.715e-007,0.00267562
1.716e-007,0.00275784
1.717e-007,0.00287775
1.718e-007,0.00295141
1.719e-007,0.00294969
1.72e-007,0.00285206
1.721e-007,0.00273729
1.722e-007,0.00261396
1.723e-007,0.00251289
1.724e-007,0.00244095
1.725e-007,0.00242725
1.726e-007,0.00242896
1.727e-007,0.0023947
1.728e-007,0.00236215
1.729e-007,0.00230563
1.73e-007,0.00224739
1.731e-007,0.00225595
1.732e-007,0.00224053
1.733e-007,0.0022097
1.734e-007,0.00220285
1.735e-007,0.002196
1.736e-007,0.00213947
1.737e-007,0.0020641
1.738e-007,0.00196132
1.739e-007,0.00189109
1.74e-007,0.00185855
1.741e-007,0.00183457
1.742e-007,0.00185855
1.743e-007,0.00188767
1.744e-007,0.0018791
1.745e-007,0.00185512
1.746e-007,0.00184484
1.747e-007,0.00185341
1.748e-007,0.0018397
1.749e-007,0.00184827
1.75e-007,0.00182086
1.751e-007,0.0017866
1.752e-007,0.00170438
1.753e-007,0.00159133
1.754e-007,0.00151767
1.755e-007,0.00143545
1.756e-007,0.0013755
