LECROYWM8500,500500138,Waveform
Segments,1,SegmentSize,2002
Segment,TrigTime,TimeSinceSegment1
#1,21-Mar-2024 16:36:02,0                 
Time,Ampl
-2.45e-008,0.000253516
-2.44e-008,0.000366571
-2.43e-008,0.000433376
-2.42e-008,0.000423098
-2.41e-008,0.000356293
-2.4e-008,0.000265507
-2.39e-008,0.000184998
-2.38e-008,0.00013361
-2.37e-008,0.000121619
-2.36e-008,0.000130184
-2.35e-008,0.000167869
-2.34e-008,0.00019185
-2.33e-008,0.000226109
-2.32e-008,0.000270646
-2.31e-008,0.000361432
-2.3e-008,0.00041282
-2.29e-008,0.000445366
-2.28e-008,0.000445366
-2.27e-008,0.000392265
-2.26e-008,0.000311756
-2.25e-008,0.000227822
-2.24e-008,0.000150739
-2.23e-008,0.000138749
-2.22e-008,0.000167869
-2.21e-008,0.000212405
-2.2e-008,0.000272359
-2.19e-008,0.000275784
-2.18e-008,0.00027921
-2.17e-008,0.00026722
-2.16e-008,0.000282636
-2.15e-008,0.000322034
-2.14e-008,0.000371709
-2.13e-008,0.000423098
-2.12e-008,0.000433376
-2.11e-008,0.000411107
-2.1e-008,0.000361432
-2.09e-008,0.000323747
-2.08e-008,0.000304905
-2.07e-008,0.000320321
-2.06e-008,0.000349441
-2.05e-008,0.000349441
-2.04e-008,0.000330599
-2.03e-008,0.00027921
-2.02e-008,0.000212405
-2.01e-008,0.000179859
-2e-008,0.000171295
-1.99e-008,0.000190137
-1.98e-008,0.000212405
-1.97e-008,0.000280923
-1.96e-008,0.00026722
-1.95e-008,0.000255229
-1.94e-008,0.000224396
-1.93e-008,0.000214118
-1.92e-008,0.000203841
-1.91e-008,0.000241526
-1.9e-008,0.000268933
-1.89e-008,0.00030833
-1.88e-008,0.00029634
-1.87e-008,0.000284349
-1.86e-008,0.000248377
-1.85e-008,0.00020898
-1.84e-008,0.000193563
-1.83e-008,0.000202128
-1.82e-008,0.000226109
-1.81e-008,0.000232961
-1.8e-008,0.000241526
-1.79e-008,0.000255229
-1.78e-008,0.000289488
-1.77e-008,0.000358006
-1.76e-008,0.000397404
-1.75e-008,0.000385413
-1.74e-008,0.00029634
-1.73e-008,0.000166156
-1.72e-008,1.02777e-005
-1.71e-008,-0.000101064
-1.7e-008,-0.000142175
-1.69e-008,-7.19438e-005
-1.68e-008,7.19438e-005
-1.67e-008,0.000246664
-1.66e-008,0.000378561
-1.65e-008,0.000479625
-1.64e-008,0.000498468
-1.63e-008,0.000474486
-1.62e-008,0.000426524
-1.61e-008,0.000371709
-1.6e-008,0.00035458
-1.59e-008,0.000352867
-1.58e-008,0.000373422
-1.57e-008,0.000366571
-1.56e-008,0.000352867
-1.55e-008,0.000286062
-1.54e-008,0.000205554
-1.53e-008,0.000138749
-1.52e-008,9.93509e-005
-1.51e-008,9.42121e-005
-1.5e-008,0.000109629
-1.49e-008,0.00010449
-1.48e-008,0.000114767
-1.47e-008,0.000131897
-1.46e-008,0.00013361
-1.45e-008,0.000193563
-1.44e-008,0.000255229
-1.43e-008,0.000306617
-1.42e-008,0.00035458
-1.41e-008,0.000363145
-1.4e-008,0.000337451
-1.39e-008,0.00032546
-1.38e-008,0.000334025
-1.37e-008,0.000340876
-1.36e-008,0.000375135
-1.35e-008,0.000388839
-1.34e-008,0.000405968
-1.33e-008,0.000402543
-1.32e-008,0.000376848
-1.31e-008,0.000340876
-1.3e-008,0.00029634
-1.29e-008,0.000255229
-1.28e-008,0.000217544
-1.27e-008,0.000181572
-1.26e-008,0.000183285
-1.25e-008,0.000231248
-1.24e-008,0.000277497
-1.23e-008,0.000344302
-1.22e-008,0.000366571
-1.21e-008,0.000361432
-1.2e-008,0.000335738
-1.19e-008,0.000306617
-1.18e-008,0.000284349
-1.17e-008,0.000361432
-1.16e-008,0.000428237
-1.15e-008,0.000496755
-1.14e-008,0.000512171
-1.13e-008,0.000477912
-1.12e-008,0.000407681
-1.11e-008,0.000344302
-1.1e-008,0.000306617
-1.09e-008,0.000363145
-1.08e-008,0.000453931
-1.07e-008,0.000596106
-1.06e-008,0.000692031
-1.05e-008,0.00075541
-1.04e-008,0.000753697
-1.03e-008,0.000705734
-1.02e-008,0.000623513
-1.01e-008,0.000582402
-1e-008,0.000585828
-9.9e-009,0.00066291
-9.8e-009,0.00075541
-9.7e-009,0.00085476
-9.6e-009,0.000913001
-9.5e-009,0.000943834
-9.4e-009,0.000948973
-9.3e-009,0.00095925
-9.2e-009,0.000995222
-9.1e-009,0.00100893
-9e-009,0.0010192
-8.9e-009,0.000991796
-8.8e-009,0.000957537
-8.7e-009,0.000880455
-8.6e-009,0.000829066
-8.5e-009,0.000777678
-8.4e-009,0.000739993
-8.3e-009,0.000688605
-8.2e-009,0.00068004
-8.1e-009,0.000705734
-8e-009,0.000770826
-7.9e-009,0.000868464
-7.8e-009,0.000978093
-7.7e-009,0.00103805
-7.6e-009,0.000998648
-7.5e-009,0.000902723
-7.4e-009,0.000692031
-7.3e-009,0.000460783
-7.2e-009,0.000234674
-7.1e-009,6.3379e-005
-7e-009,-1.54165e-005
-6.9e-009,3.76848e-005
-6.8e-009,0.000193563
-6.7e-009,0.00042995
-6.6e-009,0.000630364
-6.5e-009,0.000772539
-6.4e-009,0.000799946
-6.3e-009,0.000719438
-6.2e-009,0.000513884
-6.1e-009,0.00030833
-6e-009,0.000159304
-5.9e-009,5.99531e-005
-5.8e-009,4.11107e-005
-5.7e-009,6.16661e-005
-5.6e-009,0.000102777
-5.5e-009,0.000121619
-5.4e-009,8.39344e-005
-5.3e-009,3.42589e-006
-5.2e-009,-9.07862e-005
-5.1e-009,-0.00011648
-5e-009,-9.93509e-005
-4.9e-009,-1.71295e-006
-4.8e-009,0.000176434
-4.7e-009,0.00035458
-4.6e-009,0.000536152
-4.5e-009,0.000611522
-4.4e-009,0.000589254
-4.3e-009,0.000512171
-4.2e-009,0.000409394
-4.1e-009,0.000332312
-4e-009,0.000322034
-3.9e-009,0.000342589
-3.8e-009,0.000363145
-3.7e-009,0.000356293
-3.6e-009,0.000349441
-3.5e-009,0.000299766
-3.4e-009,0.000226109
-3.3e-009,0.000184998
-3.2e-009,0.000154165
-3.1e-009,0.000161017
-3e-009,0.000219257
-2.9e-009,0.000320321
-2.8e-009,0.00044194
-2.7e-009,0.000554995
-2.6e-009,0.000601244
-2.5e-009,0.00056356
-2.4e-009,0.000460783
-2.3e-009,0.000280923
-2.2e-009,7.36567e-005
-2.1e-009,-0.000138749
-2e-009,-0.000316895
-1.9e-009,-0.00041282
-1.8e-009,-0.000435089
-1.7e-009,-0.000423098
-1.6e-009,-0.000322034
-1.5e-009,-0.000243238
-1.4e-009,-0.000149026
-1.3e-009,-8.56473e-005
-1.2e-009,-3.76848e-005
-1.1e-009,-3.42589e-005
-1e-009,-5.13884e-006
-9e-010,5.82402e-005
-8e-010,0.000113054
-7e-010,0.000184998
-6e-010,0.000256942
-5e-010,0.000268933
-4e-010,0.000179859
-3e-010,1.19906e-005
-2e-010,-0.000226109
-1e-010,-0.00045907
4.138488e-023,-0.000630364
1e-010,-0.000676614
2e-010,-0.00060467
3e-010,-0.000436801
4e-010,-0.0002381
5e-010,-7.19438e-005
6e-010,8.90732e-005
7e-010,0.000169582
8e-010,0.000193563
9e-010,9.42121e-005
1e-009,-4.11107e-005
1.1e-009,-0.000222683
1.2e-009,-0.000417959
1.3e-009,-0.000554995
1.4e-009,-0.000606383
1.5e-009,-0.00056356
1.6e-009,-0.000486477
1.7e-009,-0.00041282
1.8e-009,-0.000363145
1.9e-009,-0.000351154
2e-009,-0.000371709
2.1e-009,-0.000366571
2.2e-009,-0.000327173
2.3e-009,-0.000262081
2.4e-009,-0.000173008
2.5e-009,-0.000154165
2.6e-009,-0.000164443
2.7e-009,-0.000241526
2.8e-009,-0.000361432
2.9e-009,-0.000551569
3e-009,-0.000753697
3.1e-009,-0.000979806
3.2e-009,-0.0011374
3.3e-009,-0.00122818
3.4e-009,-0.00125902
3.5e-009,-0.00121619
3.6e-009,-0.00114939
3.7e-009,-0.00109629
3.8e-009,-0.00110828
3.9e-009,-0.00112712
4e-009,-0.00117508
4.1e-009,-0.0012436
4.2e-009,-0.00125902
4.3e-009,-0.00128471
4.4e-009,-0.00126758
4.5e-009,-0.00121791
4.6e-009,-0.00121791
4.7e-009,-0.00119221
4.8e-009,-0.00121619
4.9e-009,-0.00123332
5e-009,-0.001283
5.1e-009,-0.00133952
5.2e-009,-0.00139434
5.3e-009,-0.00141832
5.4e-009,-0.00141147
5.5e-009,-0.00136351
5.6e-009,-0.00133439
5.7e-009,-0.00131554
5.8e-009,-0.00133439
5.9e-009,-0.00140462
6e-009,-0.0015211
6.1e-009,-0.00165985
6.2e-009,-0.00177119
6.3e-009,-0.00176262
6.4e-009,-0.00167869
6.5e-009,-0.00151082
6.6e-009,-0.00132239
6.7e-009,-0.00114596
6.8e-009,-0.00105689
6.9e-009,-0.00102263
7e-009,-0.00104661
7.1e-009,-0.00109286
7.2e-009,-0.00110656
7.3e-009,-0.00112369
7.4e-009,-0.00111684
7.5e-009,-0.00111513
7.6e-009,-0.00116994
7.7e-009,-0.0012299
7.8e-009,-0.00127786
7.9e-009,-0.00131554
8e-009,-0.0013498
8.1e-009,-0.00140462
8.2e-009,-0.00149369
8.3e-009,-0.00162387
8.4e-009,-0.00176434
8.5e-009,-0.00188595
8.6e-009,-0.00191679
8.7e-009,-0.00188767
8.8e-009,-0.00182771
8.9e-009,-0.00175406
9e-009,-0.00168211
9.1e-009,-0.00164272
9.2e-009,-0.00160332
9.3e-009,-0.00156735
9.4e-009,-0.00149712
9.5e-009,-0.00145258
9.6e-009,-0.00145087
9.7e-009,-0.00149198
9.8e-009,-0.00156735
9.9e-009,-0.00167184
1e-008,-0.00175748
1.01e-008,-0.0018517
1.02e-008,-0.0019579
1.03e-008,-0.00207267
1.04e-008,-0.00221655
1.05e-008,-0.00233989
1.06e-008,-0.00242553
1.07e-008,-0.00242553
1.08e-008,-0.00229192
1.09e-008,-0.00212748
1.1e-008,-0.0019185
1.11e-008,-0.00175234
1.12e-008,-0.00165642
1.13e-008,-0.00160674
1.14e-008,-0.00157591
1.15e-008,-0.0015485
1.16e-008,-0.00154165
1.17e-008,-0.0015348
1.18e-008,-0.00158961
1.19e-008,-0.0016273
1.2e-008,-0.0017335
1.21e-008,-0.00182943
1.22e-008,-0.00192021
1.23e-008,-0.00193906
1.24e-008,-0.00192021
1.25e-008,-0.00184313
1.26e-008,-0.00169068
1.27e-008,-0.00152966
1.28e-008,-0.00133096
1.29e-008,-0.00113397
1.3e-008,-0.00095925
1.31e-008,-0.000832492
1.32e-008,-0.0007674
1.33e-008,-0.000774252
1.34e-008,-0.000859899
1.35e-008,-0.0010055
1.36e-008,-0.0011648
1.37e-008,-0.00128128
1.38e-008,-0.00133096
1.39e-008,-0.00136351
1.4e-008,-0.00133952
1.41e-008,-0.00128128
1.42e-008,-0.00124703
1.43e-008,-0.00123161
1.44e-008,-0.00121962
1.45e-008,-0.00119735
1.46e-008,-0.00114596
1.47e-008,-0.00106031
1.48e-008,-0.000948973
1.49e-008,-0.000858186
1.5e-008,-0.000806798
1.51e-008,-0.000823927
1.52e-008,-0.000858186
1.53e-008,-0.000899297
1.54e-008,-0.000933556
1.55e-008,-0.000904436
1.56e-008,-0.000822214
1.57e-008,-0.00068004
1.58e-008,-0.000561847
1.59e-008,-0.00044194
1.6e-008,-0.000393978
1.61e-008,-0.000399117
1.62e-008,-0.000465922
1.63e-008,-0.000554995
1.64e-008,-0.000620087
1.65e-008,-0.000668049
1.66e-008,-0.000652633
1.67e-008,-0.000606383
1.68e-008,-0.000527588
1.69e-008,-0.000445366
1.7e-008,-0.000423098
1.71e-008,-0.000385413
1.72e-008,-0.000387126
1.73e-008,-0.000375135
1.74e-008,-0.000378561
1.75e-008,-0.000393978
1.76e-008,-0.000404255
1.77e-008,-0.000416246
1.78e-008,-0.000440227
1.79e-008,-0.000447079
1.8e-008,-0.000395691
1.81e-008,-0.000320321
1.82e-008,-0.000212405
1.83e-008,-0.000125045
1.84e-008,-5.13884e-005
1.85e-008,-3.76848e-005
1.86e-008,-3.76848e-005
1.87e-008,-6.16661e-005
1.88e-008,-6.5092e-005
1.89e-008,-6.68049e-005
1.9e-008,-6.68049e-005
1.91e-008,-8.56473e-005
1.92e-008,-0.000128471
1.93e-008,-0.000190137
1.94e-008,-0.000263794
1.95e-008,-0.000335738
1.96e-008,-0.000385413
1.97e-008,-0.000385413
1.98e-008,-0.000340876
1.99e-008,-0.000282636
2e-008,-0.000219257
2.01e-008,-0.000166156
2.02e-008,-0.0001456
2.03e-008,-0.000140462
2.04e-008,-0.000161017
2.05e-008,-0.0001456
2.06e-008,-0.000123332
2.07e-008,-7.87956e-005
2.08e-008,-3.76848e-005
2.09e-008,-1.37036e-005
2.1e-008,-2.22683e-005
2.11e-008,-6.68049e-005
2.12e-008,-0.000135323
2.13e-008,-0.000202128
2.14e-008,-0.000246664
2.15e-008,-0.000301479
2.16e-008,-0.000347728
2.17e-008,-0.000381987
2.18e-008,-0.000431663
2.19e-008,-0.000421385
2.2e-008,-0.000375135
2.21e-008,-0.000270646
2.22e-008,-0.000107916
2.23e-008,3.93978e-005
2.24e-008,0.000161017
2.25e-008,0.000243238
2.26e-008,0.000263794
2.27e-008,0.000203841
2.28e-008,0.000149026
2.29e-008,7.36567e-005
2.3e-008,4.11107e-005
2.31e-008,4.62496e-005
2.32e-008,8.05085e-005
2.33e-008,0.000123332
2.34e-008,0.000164443
2.35e-008,0.000152452
2.36e-008,0.000114767
2.37e-008,9.07862e-005
2.38e-008,5.65272e-005
2.39e-008,6.68049e-005
2.4e-008,0.000111342
2.41e-008,0.00016273
2.42e-008,0.000232961
2.43e-008,0.000315182
2.44e-008,0.000392265
2.45e-008,0.000448792
2.46e-008,0.000513884
2.47e-008,0.000544717
2.48e-008,0.000544717
2.49e-008,0.000519023
2.5e-008,0.000503606
2.51e-008,0.000491616
2.52e-008,0.000513884
2.53e-008,0.000525875
2.54e-008,0.000554995
2.55e-008,0.000578976
2.56e-008,0.00057555
2.57e-008,0.000599531
2.58e-008,0.000628652
2.59e-008,0.000656059
2.6e-008,0.000716012
2.61e-008,0.000786243
2.62e-008,0.000801659
2.63e-008,0.000793094
2.64e-008,0.000753697
2.65e-008,0.000698882
2.66e-008,0.000652633
2.67e-008,0.000628652
2.68e-008,0.000616661
2.69e-008,0.000620087
2.7e-008,0.000637216
2.71e-008,0.000611522
2.72e-008,0.000544717
2.73e-008,0.000450505
2.74e-008,0.000335738
2.75e-008,0.000272359
2.76e-008,0.000205554
2.77e-008,0.00020898
2.78e-008,0.000227822
2.79e-008,0.000289488
2.8e-008,0.000272359
2.81e-008,0.000234674
2.82e-008,0.000157591
2.83e-008,5.13884e-005
2.84e-008,-4.62496e-005
2.85e-008,-0.000101064
2.86e-008,-9.5925e-005
2.87e-008,-5.13884e-005
2.88e-008,-8.56473e-006
2.89e-008,1.71295e-006
2.9e-008,-2.74071e-005
2.91e-008,-0.000109629
2.92e-008,-0.000155878
2.93e-008,-0.000181572
2.94e-008,-0.000179859
2.95e-008,-0.000178146
2.96e-008,-0.000231248
2.97e-008,-0.000335738
2.98e-008,-0.000493329
2.99e-008,-0.000623513
3e-008,-0.000692031
3.01e-008,-0.000685179
3.02e-008,-0.0006218
3.03e-008,-0.000525875
3.04e-008,-0.000452218
3.05e-008,-0.000457357
3.06e-008,-0.00048819
3.07e-008,-0.000561847
3.08e-008,-0.000606383
3.09e-008,-0.00063379
3.1e-008,-0.000640642
3.11e-008,-0.000632077
3.12e-008,-0.000620087
3.13e-008,-0.000642355
3.14e-008,-0.000690318
3.15e-008,-0.000728002
3.16e-008,-0.00078453
3.17e-008,-0.000820502
3.18e-008,-0.000832492
3.19e-008,-0.000820502
3.2e-008,-0.000817076
3.21e-008,-0.000835918
3.22e-008,-0.000873603
3.23e-008,-0.000938695
3.24e-008,-0.00103633
3.25e-008,-0.00109971
3.26e-008,-0.00115624
3.27e-008,-0.00118193
3.28e-008,-0.00118022
3.29e-008,-0.00114254
3.3e-008,-0.00110828
3.31e-008,-0.00106203
3.32e-008,-0.00105004
3.33e-008,-0.00105518
3.34e-008,-0.00108772
3.35e-008,-0.00115453
3.36e-008,-0.00121277
3.37e-008,-0.0012436
3.38e-008,-0.00124703
3.39e-008,-0.00120078
3.4e-008,-0.00117166
3.41e-008,-0.00118022
3.42e-008,-0.0011905
3.43e-008,-0.00126929
3.44e-008,-0.00136864
3.45e-008,-0.00144915
3.46e-008,-0.00149026
3.47e-008,-0.00154337
3.48e-008,-0.0015348
3.49e-008,-0.00154508
3.5e-008,-0.00156563
3.51e-008,-0.00161017
3.52e-008,-0.00167869
3.53e-008,-0.00173864
3.54e-008,-0.00177975
3.55e-008,-0.00182943
3.56e-008,-0.0018791
3.57e-008,-0.00190994
3.58e-008,-0.00195619
3.59e-008,-0.00197503
3.6e-008,-0.00195961
3.61e-008,-0.00193906
3.62e-008,-0.00190822
3.63e-008,-0.00186711
3.64e-008,-0.00189281
3.65e-008,-0.00195447
3.66e-008,-0.00201271
3.67e-008,-0.00207952
3.68e-008,-0.00211892
3.69e-008,-0.00213433
3.7e-008,-0.00216688
3.71e-008,-0.00220285
3.72e-008,-0.00229535
3.73e-008,-0.00242553
3.74e-008,-0.00253345
3.75e-008,-0.0026191
3.76e-008,-0.00263623
3.77e-008,-0.00261738
3.78e-008,-0.00251118
3.79e-008,-0.00242211
3.8e-008,-0.00237243
3.81e-008,-0.00237243
3.82e-008,-0.00244266
3.83e-008,-0.00252488
3.84e-008,-0.00259854
3.85e-008,-0.00266877
3.86e-008,-0.00270988
3.87e-008,-0.00270817
3.88e-008,-0.00271331
3.89e-008,-0.00269618
3.9e-008,-0.00269104
3.91e-008,-0.00269104
3.92e-008,-0.00274071
3.93e-008,-0.00280238
3.94e-008,-0.00288632
3.95e-008,-0.00294798
3.96e-008,-0.0029771
3.97e-008,-0.00295655
3.98e-008,-0.00291886
3.99e-008,-0.00287604
4e-008,-0.00290173
4.01e-008,-0.00296682
4.02e-008,-0.00304733
4.03e-008,-0.00310386
4.04e-008,-0.00315525
4.05e-008,-0.00316381
4.06e-008,-0.0031484
4.07e-008,-0.00312442
4.08e-008,-0.00308502
4.09e-008,-0.00306275
4.1e-008,-0.00306104
4.11e-008,-0.00303534
4.12e-008,-0.00303534
4.13e-008,-0.00307474
4.14e-008,-0.00310043
4.15e-008,-0.00309016
4.16e-008,-0.00303534
4.17e-008,-0.00294798
4.18e-008,-0.00286233
4.19e-008,-0.00279039
4.2e-008,-0.00276641
4.21e-008,-0.00282122
4.22e-008,-0.0029103
4.23e-008,-0.00298567
4.24e-008,-0.00305761
4.25e-008,-0.00309701
4.26e-008,-0.00309016
4.27e-008,-0.00308673
4.28e-008,-0.00309872
4.29e-008,-0.00310729
4.3e-008,-0.00314326
4.31e-008,-0.00318266
4.32e-008,-0.00319978
4.33e-008,-0.00319293
4.34e-008,-0.00317238
4.35e-008,-0.00315354
4.36e-008,-0.00313812
4.37e-008,-0.00314326
4.38e-008,-0.00317238
4.39e-008,-0.00320664
4.4e-008,-0.0032289
4.41e-008,-0.00325802
4.42e-008,-0.00328543
4.43e-008,-0.00331455
4.44e-008,-0.00334881
4.45e-008,-0.0033471
4.46e-008,-0.00332654
4.47e-008,-0.00329228
4.48e-008,-0.00328715
4.49e-008,-0.00330941
4.5e-008,-0.0033214
4.51e-008,-0.00336765
4.52e-008,-0.00339163
4.53e-008,-0.00339163
4.54e-008,-0.00341219
4.55e-008,-0.0034139
4.56e-008,-0.00342075
4.57e-008,-0.00344302
4.58e-008,-0.00346015
4.59e-008,-0.003467
4.6e-008,-0.00346872
4.61e-008,-0.00346529
4.62e-008,-0.00345501
4.63e-008,-0.00341904
4.64e-008,-0.00334881
4.65e-008,-0.00328029
4.66e-008,-0.00325289
4.67e-008,-0.00323576
4.68e-008,-0.0032546
4.69e-008,-0.00329228
4.7e-008,-0.00331969
4.71e-008,-0.00329742
4.72e-008,-0.00324603
4.73e-008,-0.00314154
4.74e-008,-0.00307131
4.75e-008,-0.00305761
4.76e-008,-0.00308159
4.77e-008,-0.0031227
4.78e-008,-0.00318094
4.79e-008,-0.00319465
4.8e-008,-0.00316039
4.81e-008,-0.00308673
4.82e-008,-0.00297539
4.83e-008,-0.00287604
4.84e-008,-0.00281095
4.85e-008,-0.00278868
4.86e-008,-0.00278696
4.87e-008,-0.00280067
4.88e-008,-0.00279724
4.89e-008,-0.00277497
4.9e-008,-0.00276298
4.91e-008,-0.00274243
4.92e-008,-0.00272359
4.93e-008,-0.00270303
4.94e-008,-0.00266192
4.95e-008,-0.00260197
4.96e-008,-0.00251974
4.97e-008,-0.00243752
4.98e-008,-0.00238442
4.99e-008,-0.00237928
5e-008,-0.00242039
5.01e-008,-0.00242896
5.02e-008,-0.00248035
5.03e-008,-0.00247521
5.04e-008,-0.00238271
5.05e-008,-0.00225424
5.06e-008,-0.00213776
5.07e-008,-0.00200929
5.08e-008,-0.00189452
5.09e-008,-0.00184484
5.1e-008,-0.00182771
5.11e-008,-0.00179688
5.12e-008,-0.00179174
5.13e-008,-0.00174892
5.14e-008,-0.00171123
5.15e-008,-0.00164443
5.16e-008,-0.00159133
5.17e-008,-0.00155193
5.18e-008,-0.00151082
5.19e-008,-0.00147142
5.2e-008,-0.0014286
5.21e-008,-0.00140804
5.22e-008,-0.00138749
5.23e-008,-0.00137036
5.24e-008,-0.00133952
5.25e-008,-0.00128128
5.26e-008,-0.00121105
5.27e-008,-0.0011117
5.28e-008,-0.00102777
5.29e-008,-0.000967815
5.3e-008,-0.000955824
5.31e-008,-0.000954111
5.32e-008,-0.000966102
5.33e-008,-0.00097638
5.34e-008,-0.000948973
5.35e-008,-0.00090101
5.36e-008,-0.000806798
5.37e-008,-0.000716012
5.38e-008,-0.000661197
5.39e-008,-0.000637216
5.4e-008,-0.000645781
5.41e-008,-0.000637216
5.42e-008,-0.000577263
5.43e-008,-0.000507032
5.44e-008,-0.000416246
5.45e-008,-0.000340876
5.46e-008,-0.000313469
5.47e-008,-0.000320321
5.48e-008,-0.000344302
5.49e-008,-0.0003837
5.5e-008,-0.000378561
5.51e-008,-0.000337451
5.52e-008,-0.00025009
5.53e-008,-0.000167869
5.54e-008,-6.68049e-005
5.55e-008,2.74071e-005
5.56e-008,0.000107916
5.57e-008,0.000176434
5.58e-008,0.000193563
5.59e-008,0.000174721
5.6e-008,0.000142175
5.61e-008,0.000113054
5.62e-008,0.000135323
5.63e-008,0.00019185
5.64e-008,0.000310043
5.65e-008,0.00041282
5.66e-008,0.00050018
5.67e-008,0.000524162
5.68e-008,0.000465922
5.69e-008,0.000369997
5.7e-008,0.000303192
5.71e-008,0.000318608
5.72e-008,0.000435089
5.73e-008,0.000628652
5.74e-008,0.000830779
5.75e-008,0.000979806
5.76e-008,0.00106545
5.77e-008,0.00103805
5.78e-008,0.00101235
5.79e-008,0.00102092
5.8e-008,0.00109971
5.81e-008,0.00127615
5.82e-008,0.00145429
5.83e-008,0.00157934
5.84e-008,0.0016273
5.85e-008,0.00164785
5.86e-008,0.00160674
5.87e-008,0.00162045
5.88e-008,0.00167869
5.89e-008,0.00175406
5.9e-008,0.00183114
5.91e-008,0.00189281
5.92e-008,0.00193392
5.93e-008,0.0019716
5.94e-008,0.00202984
5.95e-008,0.00209322
5.96e-008,0.00214632
5.97e-008,0.00221313
5.98e-008,0.00225081
5.99e-008,0.00225424
6e-008,0.0022628
6.01e-008,0.00224396
6.02e-008,0.00222512
6.03e-008,0.00221827
6.04e-008,0.00221141
6.05e-008,0.00225081
6.06e-008,0.00231933
6.07e-008,0.00238271
6.08e-008,0.00249919
6.09e-008,0.00257799
6.1e-008,0.00262766
6.11e-008,0.00260025
6.12e-008,0.00254544
6.13e-008,0.00250604
6.14e-008,0.00250775
6.15e-008,0.00253345
6.16e-008,0.00260368
6.17e-008,0.00265507
6.18e-008,0.00268933
6.19e-008,0.00264993
6.2e-008,0.00257285
6.21e-008,0.00249062
6.22e-008,0.00244609
6.23e-008,0.0024615
6.24e-008,0.00252831
6.25e-008,0.00262252
6.26e-008,0.00273558
6.27e-008,0.00281095
6.28e-008,0.00284178
6.29e-008,0.0028572
6.3e-008,0.00283835
6.31e-008,0.00278011
6.32e-008,0.00270303
6.33e-008,0.00265164
6.34e-008,0.00260025
6.35e-008,0.00256428
6.36e-008,0.00254544
6.37e-008,0.00253174
6.38e-008,0.00252488
6.39e-008,0.00249748
6.4e-008,0.00242211
6.41e-008,0.00234502
6.42e-008,0.0023022
6.43e-008,0.00229877
6.44e-008,0.00232789
6.45e-008,0.00241868
6.46e-008,0.00250433
6.47e-008,0.00252831
6.48e-008,0.00249919
6.49e-008,0.00244095
6.5e-008,0.00235873
6.51e-008,0.00232789
6.52e-008,0.00231762
6.53e-008,0.00235359
6.54e-008,0.00239127
6.55e-008,0.00241354
6.56e-008,0.00237243
6.57e-008,0.00231762
6.58e-008,0.00222169
6.59e-008,0.00217887
6.6e-008,0.00215489
6.61e-008,0.00218401
6.62e-008,0.00220285
6.63e-008,0.00220456
6.64e-008,0.00219771
6.65e-008,0.00214118
6.66e-008,0.00213433
6.67e-008,0.00214804
6.68e-008,0.00222169
6.69e-008,0.00231419
6.7e-008,0.00235701
6.71e-008,0.0023416
6.72e-008,0.00227137
6.73e-008,0.00216688
6.74e-008,0.00207609
6.75e-008,0.00200757
6.76e-008,0.00198873
6.77e-008,0.00197674
6.78e-008,0.00195276
6.79e-008,0.00189623
6.8e-008,0.00183457
6.81e-008,0.00176091
6.82e-008,0.00170438
6.83e-008,0.00164272
6.84e-008,0.00162387
6.85e-008,0.00161873
6.86e-008,0.00160332
6.87e-008,0.00157591
6.88e-008,0.00148341
6.89e-008,0.00139605
6.9e-008,0.00133096
6.91e-008,0.0012967
6.92e-008,0.00129841
6.93e-008,0.0013104
6.94e-008,0.00130527
6.95e-008,0.00124531
6.96e-008,0.00114767
6.97e-008,0.00103462
6.98e-008,0.000933556
6.99e-008,0.000894158
7e-008,0.000894158
7.01e-008,0.000935269
7.02e-008,0.000954111
7.03e-008,0.000887306
7.04e-008,0.000798233
7.05e-008,0.000681753
7.06e-008,0.000594393
7.07e-008,0.000556708
7.08e-008,0.000561847
7.09e-008,0.000596106
7.1e-008,0.000587541
7.11e-008,0.000561847
7.12e-008,0.000484764
7.13e-008,0.000417959
7.14e-008,0.000397404
7.15e-008,0.000352867
7.16e-008,0.000322034
7.17e-008,0.000268933
7.18e-008,0.000161017
7.19e-008,-6.85179e-006
7.2e-008,-0.000161017
7.21e-008,-0.000289488
7.22e-008,-0.000332312
7.23e-008,-0.000316895
7.24e-008,-0.000272359
7.25e-008,-0.000212405
7.26e-008,-0.000159304
7.27e-008,-0.000143888
7.28e-008,-0.0001456
7.29e-008,-0.000178146
7.3e-008,-0.00020898
7.31e-008,-0.000277497
7.32e-008,-0.000373422
7.33e-008,-0.00047106
7.34e-008,-0.000568698
7.35e-008,-0.000613235
7.36e-008,-0.000626939
7.37e-008,-0.000584115
7.38e-008,-0.000527588
7.39e-008,-0.000467634
7.4e-008,-0.00045907
7.41e-008,-0.000498468
7.42e-008,-0.000582402
7.43e-008,-0.000700595
7.44e-008,-0.000851335
7.45e-008,-0.00095925
7.46e-008,-0.00100207
7.47e-008,-0.000983232
7.48e-008,-0.000906149
7.49e-008,-0.00078453
7.5e-008,-0.000683466
7.51e-008,-0.000656059
7.52e-008,-0.000673188
7.53e-008,-0.000726289
7.54e-008,-0.000772539
7.55e-008,-0.000818789
7.56e-008,-0.000820502
7.57e-008,-0.000779391
7.58e-008,-0.000728002
7.59e-008,-0.000683466
7.6e-008,-0.000668049
7.61e-008,-0.000678327
7.62e-008,-0.000685179
7.63e-008,-0.000702308
7.64e-008,-0.000671475
7.65e-008,-0.000601244
7.66e-008,-0.000525875
7.67e-008,-0.000462496
7.68e-008,-0.000464209
7.69e-008,-0.000483051
7.7e-008,-0.000536152
7.71e-008,-0.000590967
7.72e-008,-0.000620087
7.73e-008,-0.000577263
7.74e-008,-0.000536152
7.75e-008,-0.000483051
7.76e-008,-0.000450505
7.77e-008,-0.000399117
7.78e-008,-0.000347728
7.79e-008,-0.000248377
7.8e-008,-0.000176434
7.81e-008,-0.00013361
7.82e-008,-0.000126758
7.83e-008,-0.000157591
7.84e-008,-0.000226109
7.85e-008,-0.000318608
7.86e-008,-0.000358006
7.87e-008,-0.000380274
7.88e-008,-0.000346015
7.89e-008,-0.000291201
7.9e-008,-0.000231248
7.91e-008,-0.000164443
7.92e-008,-0.000102777
7.93e-008,-8.56473e-005
7.94e-008,-0.000121619
7.95e-008,-0.000193563
7.96e-008,-0.000277497
7.97e-008,-0.000301479
7.98e-008,-0.000255229
7.99e-008,-0.000171295
8e-008,-3.59719e-005
8.01e-008,0.000106203
8.02e-008,0.000226109
8.03e-008,0.000298053
8.04e-008,0.000337451
8.05e-008,0.000356293
8.06e-008,0.000369997
8.07e-008,0.000380274
8.08e-008,0.000381987
8.09e-008,0.000407681
8.1e-008,0.000467634
8.11e-008,0.000551569
8.12e-008,0.000668049
8.13e-008,0.000763974
8.14e-008,0.000818789
8.15e-008,0.000817076
8.16e-008,0.00078453
8.17e-008,0.000722864
8.18e-008,0.000688605
8.19e-008,0.000685179
8.2e-008,0.000743419
8.21e-008,0.000870177
8.22e-008,0.000993509
8.23e-008,0.0011117
8.24e-008,0.00120249
8.25e-008,0.00123675
8.26e-008,0.00125559
8.27e-008,0.0012436
8.28e-008,0.00127101
8.29e-008,0.00132582
8.3e-008,0.00139948
8.31e-008,0.00148855
8.32e-008,0.00155022
8.33e-008,0.00157077
8.34e-008,0.00155878
8.35e-008,0.00155364
8.36e-008,0.00158448
8.37e-008,0.00170952
8.38e-008,0.00184484
8.39e-008,0.00201443
8.4e-008,0.00214118
8.41e-008,0.0022354
8.42e-008,0.00225938
8.43e-008,0.00230734
8.44e-008,0.00232447
8.45e-008,0.00233989
8.46e-008,0.00238785
8.47e-008,0.00245465
8.48e-008,0.00250775
8.49e-008,0.00260711
8.5e-008,0.00271673
8.51e-008,0.00283493
8.52e-008,0.00295141
8.53e-008,0.00299594
8.54e-008,0.00301993
8.55e-008,0.00301307
8.56e-008,0.00297368
8.57e-008,0.00295483
8.58e-008,0.00295141
8.59e-008,0.00299252
8.6e-008,0.00306789
8.61e-008,0.00319122
8.62e-008,0.00332997
8.63e-008,0.0034396
8.64e-008,0.00353724
8.65e-008,0.00355779
8.66e-008,0.0035064
8.67e-008,0.0034396
8.68e-008,0.0034002
8.69e-008,0.00343275
8.7e-008,0.00356464
8.71e-008,0.0037702
8.72e-008,0.00397061
8.73e-008,0.00413334
8.74e-008,0.00421556
8.75e-008,0.0042344
8.76e-008,0.00421728
8.77e-008,0.00422241
8.78e-008,0.00423612
8.79e-008,0.00429093
8.8e-008,0.00433376
8.81e-008,0.00438172
8.82e-008,0.00443653
8.83e-008,0.00450848
8.84e-008,0.00458898
8.85e-008,0.00471746
8.86e-008,0.00481852
8.87e-008,0.00487162
8.88e-008,0.0048956
8.89e-008,0.00488532
8.9e-008,0.00486648
8.91e-008,0.00487676
8.92e-008,0.00487505
8.93e-008,0.0049213
8.94e-008,0.0050018
8.95e-008,0.00507889
8.96e-008,0.00516111
8.97e-008,0.00523134
8.98e-008,0.00531527
8.99e-008,0.00536838
9e-008,0.00540606
9.01e-008,0.00543689
9.02e-008,0.00544546
9.03e-008,0.00546259
9.04e-008,0.00550712
9.05e-008,0.00558078
9.06e-008,0.00566814
9.07e-008,0.00574008
9.08e-008,0.00579147
9.09e-008,0.00580518
9.1e-008,0.00579319
9.11e-008,0.00580689
9.12e-008,0.005848
9.13e-008,0.00589768
9.14e-008,0.00598161
9.15e-008,0.00605355
9.16e-008,0.00609638
9.17e-008,0.00608953
9.18e-008,0.00607068
9.19e-008,0.00603642
9.2e-008,0.00601416
9.21e-008,0.00605184
9.22e-008,0.00609466
9.23e-008,0.00616832
9.24e-008,0.00626596
9.25e-008,0.00630707
9.26e-008,0.00636017
9.27e-008,0.00637901
9.28e-008,0.00638415
9.29e-008,0.006391
9.3e-008,0.00639786
9.31e-008,0.00641841
9.32e-008,0.0064167
9.33e-008,0.00644068
9.34e-008,0.00644239
9.35e-008,0.00642869
9.36e-008,0.00638758
9.37e-008,0.00637388
9.38e-008,0.00635675
9.39e-008,0.00635161
9.4e-008,0.00641841
9.41e-008,0.00647494
9.42e-008,0.00656744
9.43e-008,0.00663938
9.44e-008,0.00667878
9.45e-008,0.00668563
9.46e-008,0.0066685
9.47e-008,0.00667878
9.48e-008,0.00670961
9.49e-008,0.00677813
9.5e-008,0.00687234
9.51e-008,0.00692716
9.52e-008,0.00693401
9.53e-008,0.00689119
9.54e-008,0.00682267
9.55e-008,0.00674901
9.56e-008,0.00666508
9.57e-008,0.00666165
9.58e-008,0.00664795
9.59e-008,0.00663424
9.6e-008,0.00662739
9.61e-008,0.00658457
9.62e-008,0.00653489
9.63e-008,0.00648522
9.64e-008,0.00644411
9.65e-008,0.00642355
9.66e-008,0.00640985
9.67e-008,0.00644582
9.68e-008,0.00649036
9.69e-008,0.00651262
9.7e-008,0.00650235
9.71e-008,0.00648864
9.72e-008,0.00644239
9.73e-008,0.006403
9.74e-008,0.00635846
9.75e-008,0.00635675
9.76e-008,0.0063773
9.77e-008,0.00638244
9.78e-008,0.00636531
9.79e-008,0.00631392
9.8e-008,0.00626253
9.81e-008,0.00621115
9.82e-008,0.00618716
9.83e-008,0.00616832
9.84e-008,0.00617175
9.85e-008,0.00615462
9.86e-008,0.00615804
9.87e-008,0.00618203
9.88e-008,0.00620772
9.89e-008,0.00622656
9.9e-008,0.00622999
9.91e-008,0.00617346
9.92e-008,0.00610494
9.93e-008,0.00603642
9.94e-008,0.00598675
9.95e-008,0.00594906
9.96e-008,0.00596962
9.97e-008,0.00602101
9.98e-008,0.00605184
9.99e-008,0.00608439
1e-007,0.00607925
1.001e-007,0.00604842
1.002e-007,0.006033
1.003e-007,0.00599703
1.004e-007,0.00595592
1.005e-007,0.0059268
1.006e-007,0.00590281
1.007e-007,0.0058874
1.008e-007,0.00587027
1.009e-007,0.00587541
1.01e-007,0.00585999
1.011e-007,0.0058874
1.012e-007,0.00589596
1.013e-007,0.00593707
1.014e-007,0.00594735
1.015e-007,0.00592337
1.016e-007,0.00590453
1.017e-007,0.0058617
1.018e-007,0.00582745
1.019e-007,0.00577263
1.02e-007,0.00575208
1.021e-007,0.0057024
1.022e-007,0.0056236
1.023e-007,0.00557564
1.024e-007,0.00552597
1.025e-007,0.00551911
1.026e-007,0.00552425
1.027e-007,0.0055568
1.028e-007,0.00558763
1.029e-007,0.00557393
1.03e-007,0.00552425
1.031e-007,0.00543004
1.032e-007,0.00532898
1.033e-007,0.00521592
1.034e-007,0.00513028
1.035e-007,0.00508745
1.036e-007,0.00510116
1.037e-007,0.0051337
1.038e-007,0.00518509
1.039e-007,0.00522791
1.04e-007,0.00524162
1.041e-007,0.00522449
1.042e-007,0.00512514
1.043e-007,0.00500009
1.044e-007,0.00488875
1.045e-007,0.00476713
1.046e-007,0.00467634
1.047e-007,0.00461297
1.048e-007,0.00457699
1.049e-007,0.00454445
1.05e-007,0.00452047
1.051e-007,0.00449306
1.052e-007,0.00446223
1.053e-007,0.00441255
1.054e-007,0.00434403
1.055e-007,0.00426181
1.056e-007,0.00420357
1.057e-007,0.00416589
1.058e-007,0.00418987
1.059e-007,0.00420871
1.06e-007,0.0042207
1.061e-007,0.00419501
1.062e-007,0.00410422
1.063e-007,0.0039826
1.064e-007,0.00383529
1.065e-007,0.00372566
1.066e-007,0.0036777
1.067e-007,0.0036914
1.068e-007,0.00373422
1.069e-007,0.0037702
1.07e-007,0.0037445
1.071e-007,0.00369311
1.072e-007,0.00363145
1.073e-007,0.00356122
1.074e-007,0.00353381
1.075e-007,0.00349099
1.076e-007,0.003479
1.077e-007,0.00341904
1.078e-007,0.00337451
1.079e-007,0.00328029
1.08e-007,0.00317409
1.081e-007,0.00306104
1.082e-007,0.00295826
1.083e-007,0.00288803
1.084e-007,0.00280923
1.085e-007,0.00270646
1.086e-007,0.00260368
1.087e-007,0.00248549
1.088e-007,0.00239641
1.089e-007,0.00232276
1.09e-007,0.00228678
1.091e-007,0.00229192
1.092e-007,0.00232447
1.093e-007,0.00230563
1.094e-007,0.00227479
1.095e-007,0.00222854
1.096e-007,0.00215831
1.097e-007,0.0021172
1.098e-007,0.00205896
1.099e-007,0.00200586
1.1e-007,0.00193906
1.101e-007,0.0018517
1.102e-007,0.00171809
1.103e-007,0.00158276
1.104e-007,0.00147827
1.105e-007,0.00137378
1.106e-007,0.00127615
1.107e-007,0.00122304
1.108e-007,0.00117679
1.109e-007,0.00117166
1.11e-007,0.00117508
1.111e-007,0.00114767
1.112e-007,0.00110828
1.113e-007,0.00104147
1.114e-007,0.000952398
1.115e-007,0.000863325
1.116e-007,0.00082564
1.117e-007,0.000774252
1.118e-007,0.000806798
1.119e-007,0.000808511
1.12e-007,0.000774252
1.121e-007,0.000716012
1.122e-007,0.000608096
1.123e-007,0.000493329
1.124e-007,0.000349441
1.125e-007,0.000236387
1.126e-007,0.000123332
1.127e-007,2.39813e-005
1.128e-007,-2.05554e-005
1.129e-007,-5.31014e-005
1.13e-007,-3.76848e-005
1.131e-007,2.74071e-005
1.132e-007,0.00010449
1.133e-007,0.000166156
1.134e-007,0.000179859
1.135e-007,9.7638e-005
1.136e-007,-3.42589e-005
1.137e-007,-0.000203841
1.138e-007,-0.0003837
1.139e-007,-0.000534439
1.14e-007,-0.0006218
1.141e-007,-0.000659485
1.142e-007,-0.000637216
1.143e-007,-0.000618374
1.144e-007,-0.000626939
1.145e-007,-0.000668049
1.146e-007,-0.000700595
1.147e-007,-0.000743419
1.148e-007,-0.000757123
1.149e-007,-0.000739993
1.15e-007,-0.000746845
1.151e-007,-0.000799946
1.152e-007,-0.000882168
1.153e-007,-0.00101578
1.154e-007,-0.00116823
1.155e-007,-0.00127786
1.156e-007,-0.00131383
1.157e-007,-0.00128985
1.158e-007,-0.00121105
1.159e-007,-0.00117508
1.16e-007,-0.00116823
1.161e-007,-0.00121277
1.162e-007,-0.00130527
1.163e-007,-0.0013892
1.164e-007,-0.00146628
1.165e-007,-0.00149712
1.166e-007,-0.00148684
1.167e-007,-0.00145087
1.168e-007,-0.00147485
1.169e-007,-0.00150568
1.17e-007,-0.00163586
1.171e-007,-0.0017729
1.172e-007,-0.00188424
1.173e-007,-0.00196132
1.174e-007,-0.00199387
1.175e-007,-0.00197503
1.176e-007,-0.00198017
1.177e-007,-0.0019716
1.178e-007,-0.00200072
1.179e-007,-0.0020247
1.18e-007,-0.00205211
1.181e-007,-0.00204355
1.182e-007,-0.00205725
1.183e-007,-0.00206068
1.184e-007,-0.00205725
1.185e-007,-0.00207267
1.186e-007,-0.00208808
1.187e-007,-0.00205211
1.188e-007,-0.00200757
1.189e-007,-0.00194077
1.19e-007,-0.00189109
1.191e-007,-0.001826
1.192e-007,-0.0018123
1.193e-007,-0.00185341
1.194e-007,-0.00193049
1.195e-007,-0.00205896
1.196e-007,-0.00217716
1.197e-007,-0.0022628
1.198e-007,-0.0023022
1.199e-007,-0.00226965
1.2e-007,-0.00221655
1.201e-007,-0.00216003
1.202e-007,-0.00212919
1.203e-007,-0.00210864
1.204e-007,-0.00213947
1.205e-007,-0.00216859
1.206e-007,-0.0022354
1.207e-007,-0.00233132
1.208e-007,-0.00242211
1.209e-007,-0.00250947
1.21e-007,-0.00257456
1.211e-007,-0.00257799
1.212e-007,-0.00257113
1.213e-007,-0.00250947
1.214e-007,-0.00245123
1.215e-007,-0.00241183
1.216e-007,-0.00236215
1.217e-007,-0.00235188
1.218e-007,-0.00237072
1.219e-007,-0.00240498
1.22e-007,-0.00246322
1.221e-007,-0.00253687
1.222e-007,-0.0025934
1.223e-007,-0.00264308
1.224e-007,-0.00266535
1.225e-007,-0.00268076
1.226e-007,-0.00265849
1.227e-007,-0.00265164
1.228e-007,-0.00266363
1.229e-007,-0.00266535
1.23e-007,-0.00269618
1.231e-007,-0.00274585
1.232e-007,-0.0028178
1.233e-007,-0.00285891
1.234e-007,-0.00289145
1.235e-007,-0.00290516
1.236e-007,-0.0028846
1.237e-007,-0.00285548
1.238e-007,-0.00280752
1.239e-007,-0.00275784
1.24e-007,-0.00273558
1.241e-007,-0.00269789
1.242e-007,-0.00267734
1.243e-007,-0.00267734
1.244e-007,-0.00265507
1.245e-007,-0.00264479
1.246e-007,-0.00262937
1.247e-007,-0.00262423
1.248e-007,-0.00263794
1.249e-007,-0.00262081
1.25e-007,-0.00259683
1.251e-007,-0.00252317
1.252e-007,-0.00246664
1.253e-007,-0.00242553
1.254e-007,-0.00238956
1.255e-007,-0.00237414
1.256e-007,-0.00234674
1.257e-007,-0.00230734
1.258e-007,-0.00226623
1.259e-007,-0.00223197
1.26e-007,-0.00219257
1.261e-007,-0.00223368
1.262e-007,-0.00229192
1.263e-007,-0.00233132
1.264e-007,-0.00234331
1.265e-007,-0.00231933
1.266e-007,-0.00225424
1.267e-007,-0.00219428
1.268e-007,-0.00214461
1.269e-007,-0.00212234
1.27e-007,-0.0021429
1.271e-007,-0.0021703
1.272e-007,-0.00222683
1.273e-007,-0.00225766
1.274e-007,-0.0022885
1.275e-007,-0.00229706
1.276e-007,-0.00232789
1.277e-007,-0.00233303
1.278e-007,-0.00228678
1.279e-007,-0.00222854
1.28e-007,-0.00213091
1.281e-007,-0.00205382
1.282e-007,-0.00199901
1.283e-007,-0.00197503
1.284e-007,-0.00199387
1.285e-007,-0.00203327
1.286e-007,-0.00204868
1.287e-007,-0.00204868
1.288e-007,-0.00201785
1.289e-007,-0.00197674
1.29e-007,-0.00193563
1.291e-007,-0.00191507
1.292e-007,-0.00188938
1.293e-007,-0.00189452
1.294e-007,-0.00191679
1.295e-007,-0.00195276
1.296e-007,-0.00197674
1.297e-007,-0.00200072
1.298e-007,-0.00198188
1.299e-007,-0.00195961
1.3e-007,-0.00189966
1.301e-007,-0.00183799
1.302e-007,-0.00179859
1.303e-007,-0.00182429
1.304e-007,-0.00185341
1.305e-007,-0.00190994
1.306e-007,-0.00199044
1.307e-007,-0.00201785
1.308e-007,-0.00202813
1.309e-007,-0.00200929
1.31e-007,-0.00197674
1.311e-007,-0.00198702
1.312e-007,-0.00202984
1.313e-007,-0.00211206
1.314e-007,-0.00218401
1.315e-007,-0.00225595
1.316e-007,-0.00227993
1.317e-007,-0.00227651
1.318e-007,-0.00223197
1.319e-007,-0.00217887
1.32e-007,-0.0021429
1.321e-007,-0.00212405
1.322e-007,-0.00214118
1.323e-007,-0.00216688
1.324e-007,-0.00222512
1.325e-007,-0.0022885
1.326e-007,-0.00234331
1.327e-007,-0.00241526
1.328e-007,-0.0024084
1.329e-007,-0.00236729
1.33e-007,-0.0023159
1.331e-007,-0.00225424
1.332e-007,-0.00221484
1.333e-007,-0.00222169
1.334e-007,-0.00220799
1.335e-007,-0.00221655
1.336e-007,-0.00222512
1.337e-007,-0.00224567
1.338e-007,-0.00226794
1.339e-007,-0.00231933
1.34e-007,-0.00241012
1.341e-007,-0.00246836
1.342e-007,-0.00251118
1.343e-007,-0.00253859
1.344e-007,-0.00252488
1.345e-007,-0.00250262
1.346e-007,-0.00249234
1.347e-007,-0.00253002
1.348e-007,-0.00259683
1.349e-007,-0.00269618
1.35e-007,-0.00277669
1.351e-007,-0.00285034
1.352e-007,-0.00287432
1.353e-007,-0.00284692
1.354e-007,-0.00280409
1.355e-007,-0.00272872
1.356e-007,-0.00267562
1.357e-007,-0.00269104
1.358e-007,-0.0027253
1.359e-007,-0.00277326
1.36e-007,-0.00283493
1.361e-007,-0.00288632
1.362e-007,-0.00288118
1.363e-007,-0.00285891
1.364e-007,-0.00283664
1.365e-007,-0.00285891
1.366e-007,-0.00286405
1.367e-007,-0.00288974
1.368e-007,-0.00294798
1.369e-007,-0.00300793
1.37e-007,-0.0030696
1.371e-007,-0.00312099
1.372e-007,-0.00316553
1.373e-007,-0.00317923
1.374e-007,-0.00318094
1.375e-007,-0.00317238
1.376e-007,-0.00314668
1.377e-007,-0.00311756
1.378e-007,-0.0031227
1.379e-007,-0.00310729
1.38e-007,-0.00311756
1.381e-007,-0.00311242
1.382e-007,-0.00315525
1.383e-007,-0.00317923
1.384e-007,-0.00322034
1.385e-007,-0.00326316
1.386e-007,-0.00330256
1.387e-007,-0.00336594
1.388e-007,-0.00340363
1.389e-007,-0.00346529
1.39e-007,-0.00349955
1.391e-007,-0.00350983
1.392e-007,-0.00349612
1.393e-007,-0.00347386
1.394e-007,-0.00344474
1.395e-007,-0.0034533
1.396e-007,-0.00350298
1.397e-007,-0.00352867
1.398e-007,-0.0035595
1.399e-007,-0.00357492
1.4e-007,-0.00354066
1.401e-007,-0.00352353
1.402e-007,-0.0035064
1.403e-007,-0.00353038
1.404e-007,-0.00354751
1.405e-007,-0.00360061
1.406e-007,-0.003652
1.407e-007,-0.00369483
1.408e-007,-0.00373765
1.409e-007,-0.0037976
1.41e-007,-0.00384728
1.411e-007,-0.00387982
1.412e-007,-0.00387297
1.413e-007,-0.00385584
1.414e-007,-0.003837
1.415e-007,-0.00382672
1.416e-007,-0.00381645
1.417e-007,-0.00376848
1.418e-007,-0.00371709
1.419e-007,-0.003652
1.42e-007,-0.00361774
1.421e-007,-0.00359205
1.422e-007,-0.00362973
1.423e-007,-0.00366399
1.424e-007,-0.00370682
1.425e-007,-0.00372737
1.426e-007,-0.00371538
1.427e-007,-0.00369654
1.428e-007,-0.00369483
1.429e-007,-0.00368284
1.43e-007,-0.00366571
1.431e-007,-0.00362288
1.432e-007,-0.00357149
1.433e-007,-0.00349784
1.434e-007,-0.00343617
1.435e-007,-0.00337622
1.436e-007,-0.00335052
1.437e-007,-0.00332483
1.438e-007,-0.00330427
1.439e-007,-0.00329742
1.44e-007,-0.00328029
1.441e-007,-0.00330599
1.442e-007,-0.0033077
1.443e-007,-0.00329914
1.444e-007,-0.00325289
1.445e-007,-0.00322719
1.446e-007,-0.00318094
1.447e-007,-0.00318266
1.448e-007,-0.00320321
1.449e-007,-0.00319465
1.45e-007,-0.00319293
1.451e-007,-0.00311585
1.452e-007,-0.0030165
1.453e-007,-0.00292571
1.454e-007,-0.00288632
1.455e-007,-0.0028452
1.456e-007,-0.0028315
1.457e-007,-0.00281095
1.458e-007,-0.00274414
1.459e-007,-0.00266877
1.46e-007,-0.00259683
1.461e-007,-0.00254373
1.462e-007,-0.00250604
1.463e-007,-0.00249919
1.464e-007,-0.00244609
1.465e-007,-0.0024084
1.466e-007,-0.00237414
1.467e-007,-0.00236901
1.468e-007,-0.0024084
1.469e-007,-0.00245979
1.47e-007,-0.00248377
1.471e-007,-0.0024735
1.472e-007,-0.0024084
1.473e-007,-0.00231762
1.474e-007,-0.00222683
1.475e-007,-0.00214804
1.476e-007,-0.0021172
1.477e-007,-0.00213262
1.478e-007,-0.00217202
1.479e-007,-0.00220114
1.48e-007,-0.00222169
1.481e-007,-0.00222169
1.482e-007,-0.00218401
1.483e-007,-0.00212919
1.484e-007,-0.00207438
1.485e-007,-0.00201614
1.486e-007,-0.00201271
1.487e-007,-0.00199901
1.488e-007,-0.00196989
1.489e-007,-0.00190994
1.49e-007,-0.00183628
1.491e-007,-0.00173864
1.492e-007,-0.00167526
1.493e-007,-0.00167355
1.494e-007,-0.00168897
1.495e-007,-0.00174207
1.496e-007,-0.00174378
1.497e-007,-0.00169068
1.498e-007,-0.00158619
1.499e-007,-0.001468
1.5e-007,-0.00138749
1.501e-007,-0.00135152
1.502e-007,-0.00134295
1.503e-007,-0.00131897
1.504e-007,-0.0012436
1.505e-007,-0.001098
1.506e-007,-0.000924991
1.507e-007,-0.000799946
1.508e-007,-0.000750271
1.509e-007,-0.000758835
1.51e-007,-0.000837631
1.511e-007,-0.000859899
1.512e-007,-0.000832492
1.513e-007,-0.000757123
1.514e-007,-0.000664623
1.515e-007,-0.000590967
1.516e-007,-0.000597818
1.517e-007,-0.000640642
1.518e-007,-0.000707447
1.519e-007,-0.000728002
1.52e-007,-0.000688605
1.521e-007,-0.000561847
1.522e-007,-0.000393978
1.523e-007,-0.000239813
1.524e-007,-0.0001456
1.525e-007,-0.000109629
1.526e-007,-0.000123332
1.527e-007,-0.000154165
1.528e-007,-0.000181572
1.529e-007,-0.000176434
1.53e-007,-0.000138749
1.531e-007,-0.000102777
1.532e-007,-1.88424e-005
1.533e-007,5.31014e-005
1.534e-007,0.000118193
1.535e-007,0.000207267
1.536e-007,0.000265507
1.537e-007,0.000263794
1.538e-007,0.000256942
1.539e-007,0.000210692
1.54e-007,0.000181572
1.541e-007,0.000190137
1.542e-007,0.000248377
1.543e-007,0.000316895
1.544e-007,0.000416246
1.545e-007,0.000484764
1.546e-007,0.000556708
1.547e-007,0.000597818
1.548e-007,0.000671475
1.549e-007,0.000750271
1.55e-007,0.000853048
1.551e-007,0.000936982
1.552e-007,0.000991796
1.553e-007,0.00103462
1.554e-007,0.00107573
1.555e-007,0.00109457
1.556e-007,0.00111513
1.557e-007,0.00112712
1.558e-007,0.00113226
1.559e-007,0.00114596
1.56e-007,0.00118193
1.561e-007,0.00126244
1.562e-007,0.00135837
1.563e-007,0.00147827
1.564e-007,0.00155536
1.565e-007,0.00158619
1.566e-007,0.00154337
1.567e-007,0.001456
1.568e-007,0.00134638
1.569e-007,0.00127957
1.57e-007,0.00126758
1.571e-007,0.00133781
1.572e-007,0.00146628
1.573e-007,0.00157934
1.574e-007,0.00165985
1.575e-007,0.00170781
1.576e-007,0.00170438
1.577e-007,0.00167869
1.578e-007,0.00166498
1.579e-007,0.00161873
1.58e-007,0.00160503
1.581e-007,0.00162387
1.582e-007,0.001641
1.583e-007,0.00168725
1.584e-007,0.00178146
1.585e-007,0.00187739
1.586e-007,0.0019579
1.587e-007,0.00201785
1.588e-007,0.00204355
1.589e-007,0.00204355
1.59e-007,0.00204868
1.591e-007,0.00204355
1.592e-007,0.00211206
1.593e-007,0.00219086
1.594e-007,0.00224053
1.595e-007,0.00225424
1.596e-007,0.00219257
1.597e-007,0.00213776
1.598e-007,0.00208466
1.599e-007,0.00207267
1.6e-007,0.00211549
1.601e-007,0.00216859
1.602e-007,0.00222683
1.603e-007,0.00221998
1.604e-007,0.00220285
1.605e-007,0.00218572
1.606e-007,0.0022097
1.607e-007,0.00226794
1.608e-007,0.00236558
1.609e-007,0.00246322
1.61e-007,0.00252488
1.611e-007,0.00252488
1.612e-007,0.00245979
1.613e-007,0.00238956
1.614e-007,0.0023416
1.615e-007,0.00230049
1.616e-007,0.00233646
1.617e-007,0.00237757
1.618e-007,0.00241354
1.619e-007,0.00238613
1.62e-007,0.00236215
1.621e-007,0.00232618
1.622e-007,0.00232618
1.623e-007,0.00236387
1.624e-007,0.00242039
1.625e-007,0.00248891
1.626e-007,0.00252488
1.627e-007,0.00250947
1.628e-007,0.00246836
1.629e-007,0.00243581
1.63e-007,0.00239299
1.631e-007,0.00240326
1.632e-007,0.0024341
1.633e-007,0.00249234
1.634e-007,0.00255229
1.635e-007,0.00261738
1.636e-007,0.00263794
1.637e-007,0.00264479
1.638e-007,0.00259169
1.639e-007,0.00253174
1.64e-007,0.0024872
1.641e-007,0.00244951
1.642e-007,0.00245637
1.643e-007,0.00247007
1.644e-007,0.00247178
1.645e-007,0.00249062
1.646e-007,0.00249234
1.647e-007,0.00250775
1.648e-007,0.00254715
1.649e-007,0.00260197
1.65e-007,0.00266535
1.651e-007,0.00268761
1.652e-007,0.00267905
1.653e-007,0.00261396
1.654e-007,0.00254201
1.655e-007,0.0024872
1.656e-007,0.00247178
1.657e-007,0.00246664
1.658e-007,0.00248891
1.659e-007,0.00253859
1.66e-007,0.00256086
1.661e-007,0.00253687
1.662e-007,0.00252831
1.663e-007,0.00251461
1.664e-007,0.00253859
1.665e-007,0.00259683
1.666e-007,0.00264993
1.667e-007,0.00266535
1.668e-007,0.00263109
1.669e-007,0.00253859
1.67e-007,0.00245465
1.671e-007,0.00238271
1.672e-007,0.00233475
1.673e-007,0.00230734
1.674e-007,0.00229706
1.675e-007,0.00228165
1.676e-007,0.00225766
1.677e-007,0.00232104
1.678e-007,0.00237757
1.679e-007,0.00248377
1.68e-007,0.00258141
1.681e-007,0.00264479
1.682e-007,0.00264308
1.683e-007,0.00256942
1.684e-007,0.00244609
1.685e-007,0.0023553
1.686e-007,0.00228336
1.687e-007,0.00225595
1.688e-007,0.00226452
1.689e-007,0.00230391
1.69e-007,0.00233646
1.691e-007,0.00233475
1.692e-007,0.0023022
1.693e-007,0.00224739
1.694e-007,0.00220285
1.695e-007,0.00216688
1.696e-007,0.00213604
1.697e-007,0.00211549
1.698e-007,0.00209322
1.699e-007,0.00207267
1.7e-007,0.00205896
1.701e-007,0.00204868
1.702e-007,0.00205382
1.703e-007,0.00208294
1.704e-007,0.00211378
1.705e-007,0.00215831
1.706e-007,0.00216003
1.707e-007,0.00216174
1.708e-007,0.00213433
1.709e-007,0.00212577
1.71e-007,0.00213776
1.711e-007,0.00214804
1.712e-007,0.00212919
1.713e-007,0.00208637
1.714e-007,0.00200072
1.715e-007,0.00189966
1.716e-007,0.00180716
1.717e-007,0.00173008
1.718e-007,0.00171637
1.719e-007,0.00176262
1.72e-007,0.00183628
1.721e-007,0.00192878
1.722e-007,0.00201271
1.723e-007,0.00204183
1.724e-007,0.00203327
1.725e-007,0.00198531
1.726e-007,0.00186197
1.727e-007,0.00171637
1.728e-007,0.00158961
1.729e-007,0.00150397
1.73e-007,0.00147313
1.731e-007,0.00150739
1.732e-007,0.0015879
1.733e-007,0.00169239
1.734e-007,0.0017335
1.735e-007,0.0017198
1.736e-007,0.00166841
1.737e-007,0.00159989
1.738e-007,0.00149712
1.739e-007,0.00142003
1.74e-007,0.00135837
1.741e-007,0.00130184
1.742e-007,0.00124703
1.743e-007,0.00119221
1.744e-007,0.00114425
1.745e-007,0.00113397
1.746e-007,0.00111342
1.747e-007,0.0011117
1.748e-007,0.00112712
1.749e-007,0.00117508
1.75e-007,0.00118879
1.751e-007,0.00121277
1.752e-007,0.00122818
1.753e-007,0.00120249
1.754e-007,0.00113054
1.755e-007,0.00106374
1.756e-007,0.000964389
