LECROYWM8500,500500138,Waveform
Segments,1,SegmentSize,2002
Segment,TrigTime,TimeSinceSegment1
#1,21-Mar-2024 16:54:20,0                 
Time,Ampl
-2.45e-008,0.000301479
-2.44e-008,0.000202128
-2.43e-008,0.000118193
-2.42e-008,7.87956e-005
-2.41e-008,4.62496e-005
-2.4e-008,5.48143e-005
-2.39e-008,9.42121e-005
-2.38e-008,0.000107916
-2.37e-008,0.000111342
-2.36e-008,0.000128471
-2.35e-008,0.000147313
-2.34e-008,0.000179859
-2.33e-008,0.000214118
-2.32e-008,0.000229535
-2.31e-008,0.000248377
-2.3e-008,0.000227822
-2.29e-008,0.000215831
-2.28e-008,0.000193563
-2.27e-008,0.000214118
-2.26e-008,0.000239813
-2.25e-008,0.000284349
-2.24e-008,0.000301479
-2.23e-008,0.000298053
-2.22e-008,0.00025009
-2.21e-008,0.000193563
-2.2e-008,0.000123332
-2.19e-008,9.42121e-005
-2.18e-008,9.24991e-005
-2.17e-008,0.00011648
-2.16e-008,0.000140462
-2.15e-008,0.000190137
-2.14e-008,0.000236387
-2.13e-008,0.000251803
-2.12e-008,0.000236387
-2.11e-008,0.000232961
-2.1e-008,0.000232961
-2.09e-008,0.000214118
-2.08e-008,0.000219257
-2.07e-008,0.000215831
-2.06e-008,0.000232961
-2.05e-008,0.000246664
-2.04e-008,0.000232961
-2.03e-008,0.000212405
-2.02e-008,0.000200415
-2.01e-008,0.000196989
-2e-008,0.000229535
-1.99e-008,0.00026722
-1.98e-008,0.000344302
-1.97e-008,0.000421385
-1.96e-008,0.000464209
-1.95e-008,0.000460783
-1.94e-008,0.000402543
-1.93e-008,0.000286062
-1.92e-008,0.000167869
-1.91e-008,7.19438e-005
-1.9e-008,3.42589e-005
-1.89e-008,5.65272e-005
-1.88e-008,0.000131897
-1.87e-008,0.000224396
-1.86e-008,0.000294627
-1.85e-008,0.000335738
-1.84e-008,0.000323747
-1.83e-008,0.00030833
-1.82e-008,0.000303192
-1.81e-008,0.000299766
-1.8e-008,0.000291201
-1.79e-008,0.000299766
-1.78e-008,0.000277497
-1.77e-008,0.000255229
-1.76e-008,0.000202128
-1.75e-008,0.000169582
-1.74e-008,0.000154165
-1.73e-008,0.000167869
-1.72e-008,0.000196989
-1.71e-008,0.000253516
-1.7e-008,0.000330599
-1.69e-008,0.000352867
-1.68e-008,0.000368284
-1.67e-008,0.000342589
-1.66e-008,0.000284349
-1.65e-008,0.0002381
-1.64e-008,0.000195276
-1.63e-008,0.00016273
-1.62e-008,0.000140462
-1.61e-008,0.000173008
-1.6e-008,0.000181572
-1.59e-008,0.000200415
-1.58e-008,0.0002381
-1.57e-008,0.000268933
-1.56e-008,0.000303192
-1.55e-008,0.000356293
-1.54e-008,0.000366571
-1.53e-008,0.000380274
-1.52e-008,0.000352867
-1.51e-008,0.00035458
-1.5e-008,0.00032546
-1.49e-008,0.000328886
-1.48e-008,0.000346015
-1.47e-008,0.000339163
-1.46e-008,0.000328886
-1.45e-008,0.000301479
-1.44e-008,0.000229535
-1.43e-008,0.000159304
-1.42e-008,9.7638e-005
-1.41e-008,5.99531e-005
-1.4e-008,0.00011648
-1.39e-008,0.000186711
-1.38e-008,0.000270646
-1.37e-008,0.000316895
-1.36e-008,0.000310043
-1.35e-008,0.000256942
-1.34e-008,0.000147313
-1.33e-008,3.76848e-005
-1.32e-008,-1.02777e-005
-1.31e-008,3.2546e-005
-1.3e-008,0.000130184
-1.29e-008,0.000262081
-1.28e-008,0.000378561
-1.27e-008,0.000447079
-1.26e-008,0.00045907
-1.25e-008,0.000436801
-1.24e-008,0.000395691
-1.23e-008,0.000378561
-1.22e-008,0.000402543
-1.21e-008,0.000436801
-1.2e-008,0.000419672
-1.19e-008,0.000351154
-1.18e-008,0.00027921
-1.17e-008,0.000222683
-1.16e-008,0.00020898
-1.15e-008,0.00026722
-1.14e-008,0.0003837
-1.13e-008,0.000498468
-1.12e-008,0.000606383
-1.11e-008,0.000626939
-1.1e-008,0.000578976
-1.09e-008,0.000496755
-1.08e-008,0.000448792
-1.07e-008,0.000450505
-1.06e-008,0.000491616
-1.05e-008,0.000596106
-1.04e-008,0.000736567
-1.03e-008,0.000810224
-1.02e-008,0.000827353
-1.01e-008,0.000805085
-1e-008,0.00078453
-9.9e-009,0.000733141
-9.8e-009,0.000733141
-9.7e-009,0.000772539
-9.6e-009,0.000817076
-9.5e-009,0.000895871
-9.4e-009,0.000952398
-9.3e-009,0.0010055
-9.2e-009,0.00100721
-9.1e-009,0.000979806
-9e-009,0.000943834
-8.9e-009,0.000887306
-8.8e-009,0.000835918
-8.7e-009,0.000734854
-8.6e-009,0.000640642
-8.5e-009,0.000532726
-8.4e-009,0.000495042
-8.3e-009,0.000513884
-8.2e-009,0.000572124
-8.1e-009,0.000697169
-8e-009,0.000837631
-7.9e-009,0.000955824
-7.8e-009,0.00102434
-7.7e-009,0.000990083
-7.6e-009,0.000936982
-7.5e-009,0.000885594
-7.4e-009,0.000798233
-7.3e-009,0.000678327
-7.2e-009,0.000531014
-7.1e-009,0.000385413
-7e-009,0.00020898
-6.9e-009,9.93509e-005
-6.8e-009,9.7638e-005
-6.7e-009,0.0002381
-6.6e-009,0.000450505
-6.5e-009,0.000674901
-6.4e-009,0.000847909
-6.3e-009,0.000880455
-6.2e-009,0.000794807
-6.1e-009,0.000608096
-6e-009,0.000385413
-5.9e-009,0.000184998
-5.8e-009,5.13884e-006
-5.7e-009,-8.90732e-005
-5.6e-009,-0.000154165
-5.5e-009,-0.000128471
-5.4e-009,-9.7638e-005
-5.3e-009,-3.76848e-005
-5.2e-009,-4.11107e-005
-5.1e-009,-3.42589e-005
-5e-009,-4.96755e-005
-4.9e-009,-3.2546e-005
-4.8e-009,3.76848e-005
-4.7e-009,0.000166156
-4.6e-009,0.000303192
-4.5e-009,0.000421385
-4.4e-009,0.000508745
-4.3e-009,0.000508745
-4.2e-009,0.000457357
-4.1e-009,0.000381987
-4e-009,0.000306617
-3.9e-009,0.000255229
-3.8e-009,0.000265507
-3.7e-009,0.00030833
-3.6e-009,0.000342589
-3.5e-009,0.000352867
-3.4e-009,0.000328886
-3.3e-009,0.000262081
-3.2e-009,0.000186711
-3.1e-009,0.000131897
-3e-009,0.0001456
-2.9e-009,0.000183285
-2.8e-009,0.000255229
-2.7e-009,0.000390552
-2.6e-009,0.000491616
-2.5e-009,0.000532726
-2.4e-009,0.000534439
-2.3e-009,0.000450505
-2.2e-009,0.000280923
-2.1e-009,4.11107e-005
-2e-009,-0.000178146
-1.9e-009,-0.0003837
-1.8e-009,-0.000486477
-1.7e-009,-0.000495042
-1.6e-009,-0.000476199
-1.5e-009,-0.000352867
-1.4e-009,-0.000229535
-1.3e-009,-0.000123332
-1.2e-009,-2.56942e-005
-1.1e-009,9.93509e-005
-1e-009,0.000203841
-9e-010,0.000303192
-8e-010,0.000376848
-7e-010,0.000393978
-6e-010,0.000364858
-5e-010,0.000282636
-4e-010,0.000147313
-3e-010,-4.11107e-005
-2e-010,-0.000255229
-1e-010,-0.00044194
4.138488e-023,-0.000589254
1e-010,-0.000656059
2e-010,-0.000657772
3e-010,-0.000589254
4e-010,-0.000453931
5e-010,-0.000310043
6e-010,-0.00019185
7e-010,-8.22214e-005
8e-010,-4.28237e-005
9e-010,-5.99531e-005
1e-009,-0.000137036
1.1e-009,-0.000236387
1.2e-009,-0.000359719
1.3e-009,-0.000531014
1.4e-009,-0.000697169
1.5e-009,-0.000811937
1.6e-009,-0.000897584
1.7e-009,-0.000863325
1.8e-009,-0.000765687
1.9e-009,-0.000608096
2e-009,-0.000424811
2.1e-009,-0.000289488
2.2e-009,-0.000152452
2.3e-009,-0.000106203
2.4e-009,-6.68049e-005
2.5e-009,-9.42121e-005
2.6e-009,-0.000118193
2.7e-009,-0.000167869
2.8e-009,-0.000241526
2.9e-009,-0.000361432
3e-009,-0.00051731
3.1e-009,-0.000673188
3.2e-009,-0.000846196
3.3e-009,-0.000967815
3.4e-009,-0.00105175
3.5e-009,-0.00109971
3.6e-009,-0.00110314
3.7e-009,-0.00112027
3.8e-009,-0.00114082
3.9e-009,-0.00116652
4e-009,-0.0011905
4.1e-009,-0.00123161
4.2e-009,-0.00125559
4.3e-009,-0.00124017
4.4e-009,-0.00121962
4.5e-009,-0.0012299
4.6e-009,-0.0012573
4.7e-009,-0.00130527
4.8e-009,-0.00133952
4.9e-009,-0.00134466
5e-009,-0.00136693
5.1e-009,-0.00137378
5.2e-009,-0.00143374
5.3e-009,-0.00147313
5.4e-009,-0.00154165
5.5e-009,-0.00158448
5.6e-009,-0.00160332
5.7e-009,-0.00161188
5.8e-009,-0.00164272
5.9e-009,-0.00167355
6e-009,-0.00174207
6.1e-009,-0.00179346
6.2e-009,-0.00179517
6.3e-009,-0.00173693
6.4e-009,-0.0016136
6.5e-009,-0.00146114
6.6e-009,-0.00132411
6.7e-009,-0.00116309
6.8e-009,-0.00107916
6.9e-009,-0.00102263
7e-009,-0.00101406
7.1e-009,-0.00102606
7.2e-009,-0.00103633
7.3e-009,-0.00106717
7.4e-009,-0.00107916
7.5e-009,-0.00112027
7.6e-009,-0.00117166
7.7e-009,-0.0013104
7.8e-009,-0.00146971
7.9e-009,-0.00164272
8e-009,-0.00178489
8.1e-009,-0.00187739
8.2e-009,-0.00188082
8.3e-009,-0.00184827
8.4e-009,-0.00181058
8.5e-009,-0.00180545
8.6e-009,-0.00183457
8.7e-009,-0.0018397
8.8e-009,-0.00185512
8.9e-009,-0.00182429
9e-009,-0.00175577
9.1e-009,-0.00167355
9.2e-009,-0.00162559
9.3e-009,-0.0015742
9.4e-009,-0.00152795
9.5e-009,-0.00151082
9.6e-009,-0.00148855
9.7e-009,-0.00148341
9.8e-009,-0.00147656
9.9e-009,-0.00150911
1e-008,-0.00157077
1.01e-008,-0.00165299
1.02e-008,-0.00176434
1.03e-008,-0.00188767
1.04e-008,-0.00200929
1.05e-008,-0.00212234
1.06e-008,-0.00220114
1.07e-008,-0.00219942
1.08e-008,-0.00213776
1.09e-008,-0.00204012
1.1e-008,-0.00191679
1.11e-008,-0.00184142
1.12e-008,-0.00179517
1.13e-008,-0.0017866
1.14e-008,-0.00178489
1.15e-008,-0.00174892
1.16e-008,-0.00173179
1.17e-008,-0.00170781
1.18e-008,-0.00174035
1.19e-008,-0.00178146
1.2e-008,-0.00187225
1.21e-008,-0.00196989
1.22e-008,-0.00206239
1.23e-008,-0.00214461
1.24e-008,-0.0021703
1.25e-008,-0.00216516
1.26e-008,-0.00208808
1.27e-008,-0.00194591
1.28e-008,-0.00176947
1.29e-008,-0.00158619
1.3e-008,-0.00145258
1.31e-008,-0.00139263
1.32e-008,-0.00139605
1.33e-008,-0.00139434
1.34e-008,-0.0013892
1.35e-008,-0.00133781
1.36e-008,-0.00126758
1.37e-008,-0.00123675
1.38e-008,-0.00125045
1.39e-008,-0.00128642
1.4e-008,-0.00131212
1.41e-008,-0.00132753
1.42e-008,-0.00127786
1.43e-008,-0.00124017
1.44e-008,-0.00120078
1.45e-008,-0.00120249
1.46e-008,-0.00120591
1.47e-008,-0.00119392
1.48e-008,-0.0011511
1.49e-008,-0.0010449
1.5e-008,-0.000942121
1.51e-008,-0.000846196
1.52e-008,-0.000774252
1.53e-008,-0.000707447
1.54e-008,-0.000666336
1.55e-008,-0.000644068
1.56e-008,-0.000609809
1.57e-008,-0.000582402
1.58e-008,-0.000554995
1.59e-008,-0.000534439
1.6e-008,-0.000495042
1.61e-008,-0.000469347
1.62e-008,-0.000417959
1.63e-008,-0.000364858
1.64e-008,-0.000361432
1.65e-008,-0.000385413
1.66e-008,-0.000443653
1.67e-008,-0.000515597
1.68e-008,-0.000601244
1.69e-008,-0.000683466
1.7e-008,-0.000741706
1.71e-008,-0.000774252
1.72e-008,-0.000760548
1.73e-008,-0.000693743
1.74e-008,-0.0006218
1.75e-008,-0.000495042
1.76e-008,-0.000404255
1.77e-008,-0.000381987
1.78e-008,-0.000376848
1.79e-008,-0.000426524
1.8e-008,-0.000407681
1.81e-008,-0.000349441
1.82e-008,-0.000270646
1.83e-008,-0.000214118
1.84e-008,-0.000190137
1.85e-008,-0.000253516
1.86e-008,-0.000351154
1.87e-008,-0.000440227
1.88e-008,-0.000476199
1.89e-008,-0.000483051
1.9e-008,-0.000443653
1.91e-008,-0.00040083
1.92e-008,-0.000366571
1.93e-008,-0.000376848
1.94e-008,-0.000337451
1.95e-008,-0.000311756
1.96e-008,-0.00026722
1.97e-008,-0.00020898
1.98e-008,-0.000178146
1.99e-008,-0.000157591
2e-008,-0.000183285
2.01e-008,-0.000210692
2.02e-008,-0.000268933
2.03e-008,-0.000289488
2.04e-008,-0.000280923
2.05e-008,-0.000219257
2.06e-008,-0.000183285
2.07e-008,-0.000109629
2.08e-008,-6.85179e-005
2.09e-008,-5.13884e-005
2.1e-008,-4.11107e-005
2.11e-008,-4.62496e-005
2.12e-008,-5.82402e-005
2.13e-008,-6.16661e-005
2.14e-008,-4.96755e-005
2.15e-008,-5.65272e-005
2.16e-008,-7.53697e-005
2.17e-008,-0.000150739
2.18e-008,-0.000253516
2.19e-008,-0.000342589
2.2e-008,-0.000409394
2.21e-008,-0.000428237
2.22e-008,-0.000390552
2.23e-008,-0.000294627
2.24e-008,-0.000181572
2.25e-008,-5.99531e-005
2.26e-008,5.48143e-005
2.27e-008,0.000154165
2.28e-008,0.000202128
2.29e-008,0.000212405
2.3e-008,0.000164443
2.31e-008,0.000107916
2.32e-008,4.28237e-005
2.33e-008,4.28237e-005
2.34e-008,7.87956e-005
2.35e-008,0.000138749
2.36e-008,0.000176434
2.37e-008,0.000212405
2.38e-008,0.000239813
2.39e-008,0.000256942
2.4e-008,0.000303192
2.41e-008,0.000366571
2.42e-008,0.000426524
2.43e-008,0.000455644
2.44e-008,0.000467634
2.45e-008,0.000424811
2.46e-008,0.00042995
2.47e-008,0.000455644
2.48e-008,0.000541291
2.49e-008,0.00065092
2.5e-008,0.0007674
2.51e-008,0.000810224
2.52e-008,0.000798233
2.53e-008,0.000726289
2.54e-008,0.000609809
2.55e-008,0.000508745
2.56e-008,0.00047106
2.57e-008,0.000481338
2.58e-008,0.000566985
2.59e-008,0.000692031
2.6e-008,0.000748558
2.61e-008,0.000777678
2.62e-008,0.000724577
2.63e-008,0.000618374
2.64e-008,0.000536152
2.65e-008,0.000460783
2.66e-008,0.000457357
2.67e-008,0.000486477
2.68e-008,0.000534439
2.69e-008,0.000561847
2.7e-008,0.00051731
2.71e-008,0.000483051
2.72e-008,0.000390552
2.73e-008,0.000311756
2.74e-008,0.000265507
2.75e-008,0.000232961
2.76e-008,0.000207267
2.77e-008,0.000154165
2.78e-008,0.000113054
2.79e-008,7.02308e-005
2.8e-008,6.85179e-005
2.81e-008,6.68049e-005
2.82e-008,9.7638e-005
2.83e-008,0.000126758
2.84e-008,0.000121619
2.85e-008,8.05085e-005
2.86e-008,-5.13884e-006
2.87e-008,-0.000126758
2.88e-008,-0.000222683
2.89e-008,-0.000289488
2.9e-008,-0.00032546
2.91e-008,-0.000337451
2.92e-008,-0.000311756
2.93e-008,-0.000306617
2.94e-008,-0.000323747
2.95e-008,-0.000373422
2.96e-008,-0.000404255
2.97e-008,-0.000462496
2.98e-008,-0.000505319
2.99e-008,-0.00054643
3e-008,-0.000582402
3.01e-008,-0.00059268
3.02e-008,-0.000582402
3.03e-008,-0.000548143
3.04e-008,-0.000491616
3.05e-008,-0.000453931
3.06e-008,-0.000447079
3.07e-008,-0.000477912
3.08e-008,-0.00059268
3.09e-008,-0.000698882
3.1e-008,-0.000782817
3.11e-008,-0.000827353
3.12e-008,-0.000818789
3.13e-008,-0.000793094
3.14e-008,-0.000731428
3.15e-008,-0.00070916
3.16e-008,-0.000717725
3.17e-008,-0.000806798
3.18e-008,-0.000916427
3.19e-008,-0.00101064
3.2e-008,-0.00106545
3.21e-008,-0.00105004
3.22e-008,-0.00100893
3.23e-008,-0.000979806
3.24e-008,-0.000969528
3.25e-008,-0.00101064
3.26e-008,-0.00108087
3.27e-008,-0.00115453
3.28e-008,-0.00119221
3.29e-008,-0.00117166
3.3e-008,-0.00110485
3.31e-008,-0.00104661
3.32e-008,-0.00106374
3.33e-008,-0.00114425
3.34e-008,-0.00127786
3.35e-008,-0.00143374
3.36e-008,-0.00155536
3.37e-008,-0.00158961
3.38e-008,-0.0015348
3.39e-008,-0.00144401
3.4e-008,-0.00134295
3.41e-008,-0.00129841
3.42e-008,-0.00128985
3.43e-008,-0.00133096
3.44e-008,-0.00142175
3.45e-008,-0.00150225
3.46e-008,-0.00158619
3.47e-008,-0.00163073
3.48e-008,-0.00164785
3.49e-008,-0.00162216
3.5e-008,-0.00163758
3.51e-008,-0.00163415
3.52e-008,-0.00165471
3.53e-008,-0.0017061
3.54e-008,-0.00178318
3.55e-008,-0.00183285
3.56e-008,-0.0019048
3.57e-008,-0.00192193
3.58e-008,-0.00194762
3.59e-008,-0.0019579
3.6e-008,-0.00192878
3.61e-008,-0.00192364
3.62e-008,-0.00189795
3.63e-008,-0.00190137
3.64e-008,-0.00190651
3.65e-008,-0.00195276
3.66e-008,-0.002011
3.67e-008,-0.00208808
3.68e-008,-0.00217202
3.69e-008,-0.00223882
3.7e-008,-0.00228507
3.71e-008,-0.00232276
3.72e-008,-0.00229535
3.73e-008,-0.00226794
3.74e-008,-0.00222683
3.75e-008,-0.00222169
3.76e-008,-0.00228165
3.77e-008,-0.00237928
3.78e-008,-0.00248377
3.79e-008,-0.0025934
3.8e-008,-0.00266706
3.81e-008,-0.00271502
3.82e-008,-0.00273729
3.83e-008,-0.00275784
3.84e-008,-0.00274243
3.85e-008,-0.00270988
3.86e-008,-0.0026859
3.87e-008,-0.00269789
3.88e-008,-0.00275613
3.89e-008,-0.00283664
3.9e-008,-0.0029634
3.91e-008,-0.00306104
3.92e-008,-0.00307645
3.93e-008,-0.00305247
3.94e-008,-0.00302506
3.95e-008,-0.00304733
3.96e-008,-0.00307988
3.97e-008,-0.00315354
3.98e-008,-0.00320835
3.99e-008,-0.00321863
4e-008,-0.00314668
4.01e-008,-0.00305076
4.02e-008,-0.00298053
4.03e-008,-0.00297539
4.04e-008,-0.00304562
4.05e-008,-0.00313641
4.06e-008,-0.00325974
4.07e-008,-0.0033608
4.08e-008,-0.00342075
4.09e-008,-0.00342418
4.1e-008,-0.00341904
4.11e-008,-0.00338136
4.12e-008,-0.00333853
4.13e-008,-0.00330427
4.14e-008,-0.00331798
4.15e-008,-0.00330427
4.16e-008,-0.00331113
4.17e-008,-0.00330599
4.18e-008,-0.00327687
4.19e-008,-0.0032289
4.2e-008,-0.00315525
4.21e-008,-0.00312099
4.22e-008,-0.00313983
4.23e-008,-0.00316553
4.24e-008,-0.00323576
4.25e-008,-0.00327858
4.26e-008,-0.00329057
4.27e-008,-0.00324946
4.28e-008,-0.00320835
4.29e-008,-0.00315867
4.3e-008,-0.00313469
4.31e-008,-0.00316724
4.32e-008,-0.00318266
4.33e-008,-0.00320664
4.34e-008,-0.0032152
4.35e-008,-0.00320835
4.36e-008,-0.00321178
4.37e-008,-0.00317066
4.38e-008,-0.00318437
4.39e-008,-0.00323576
4.4e-008,-0.00333682
4.41e-008,-0.00345844
4.42e-008,-0.00357321
4.43e-008,-0.00365543
4.44e-008,-0.0036777
4.45e-008,-0.00364686
4.46e-008,-0.0036383
4.47e-008,-0.00361603
4.48e-008,-0.0035989
4.49e-008,-0.00362117
4.5e-008,-0.00360061
4.51e-008,-0.00358177
4.52e-008,-0.00356464
4.53e-008,-0.00355265
4.54e-008,-0.00357835
4.55e-008,-0.00360404
4.56e-008,-0.00363145
4.57e-008,-0.00363145
4.58e-008,-0.00358177
4.59e-008,-0.00353552
4.6e-008,-0.00351668
4.61e-008,-0.00353895
4.62e-008,-0.00359548
4.63e-008,-0.00367598
4.64e-008,-0.00376163
4.65e-008,-0.00378561
4.66e-008,-0.0037445
4.67e-008,-0.00369483
4.68e-008,-0.00363145
4.69e-008,-0.00355608
4.7e-008,-0.00353381
4.71e-008,-0.00352011
4.72e-008,-0.00352011
4.73e-008,-0.00349441
4.74e-008,-0.00343617
4.75e-008,-0.00335738
4.76e-008,-0.00327687
4.77e-008,-0.00322205
4.78e-008,-0.00317409
4.79e-008,-0.00316724
4.8e-008,-0.00314668
4.81e-008,-0.00314154
4.82e-008,-0.00311414
4.83e-008,-0.0030696
4.84e-008,-0.00301307
4.85e-008,-0.00299594
4.86e-008,-0.00295655
4.87e-008,-0.00295655
4.88e-008,-0.00299081
4.89e-008,-0.00298395
4.9e-008,-0.00298053
4.91e-008,-0.00294456
4.92e-008,-0.00288974
4.93e-008,-0.00282122
4.94e-008,-0.00274928
4.95e-008,-0.00266535
4.96e-008,-0.00259169
4.97e-008,-0.00252488
4.98e-008,-0.00247521
4.99e-008,-0.00240326
5e-008,-0.00235873
5.01e-008,-0.00230391
5.02e-008,-0.00226623
5.03e-008,-0.0022491
5.04e-008,-0.00226452
5.05e-008,-0.00226109
5.06e-008,-0.00224739
5.07e-008,-0.00219942
5.08e-008,-0.00218401
5.09e-008,-0.00216345
5.1e-008,-0.0021566
5.11e-008,-0.00214804
5.12e-008,-0.00209493
5.13e-008,-0.00205211
5.14e-008,-0.00194933
5.15e-008,-0.00186026
5.16e-008,-0.00179174
5.17e-008,-0.00171123
5.18e-008,-0.00166156
5.19e-008,-0.0016273
5.2e-008,-0.00159647
5.21e-008,-0.00156221
5.22e-008,-0.0015211
5.23e-008,-0.00146114
5.24e-008,-0.00139776
5.25e-008,-0.00130869
5.26e-008,-0.00119906
5.27e-008,-0.00113397
5.28e-008,-0.00110656
5.29e-008,-0.00110314
5.3e-008,-0.00116652
5.31e-008,-0.00117337
5.32e-008,-0.0011648
5.33e-008,-0.00109629
5.34e-008,-0.000986657
5.35e-008,-0.000880455
5.36e-008,-0.00078453
5.37e-008,-0.000734854
5.38e-008,-0.000716012
5.39e-008,-0.000726289
5.4e-008,-0.000746845
5.41e-008,-0.000717725
5.42e-008,-0.00066291
5.43e-008,-0.000587541
5.44e-008,-0.000531014
5.45e-008,-0.00045907
5.46e-008,-0.000450505
5.47e-008,-0.000438514
5.48e-008,-0.000417959
5.49e-008,-0.000359719
5.5e-008,-0.000256942
5.51e-008,-0.000143888
5.52e-008,-4.79625e-005
5.53e-008,2.22683e-005
5.54e-008,6.5092e-005
5.55e-008,0.000106203
5.56e-008,0.000119906
5.57e-008,0.00013361
5.58e-008,0.000111342
5.59e-008,0.000101064
5.6e-008,9.24991e-005
5.61e-008,7.53697e-005
5.62e-008,9.07862e-005
5.63e-008,0.00013361
5.64e-008,0.000202128
5.65e-008,0.000263794
5.66e-008,0.000299766
5.67e-008,0.00032546
5.68e-008,0.00035458
5.69e-008,0.000419672
5.7e-008,0.000519023
5.71e-008,0.00059268
5.72e-008,0.00068004
5.73e-008,0.000729715
5.74e-008,0.000769113
5.75e-008,0.000820502
5.76e-008,0.000861612
5.77e-008,0.000931843
5.78e-008,0.00102777
5.79e-008,0.00112541
5.8e-008,0.00122133
5.81e-008,0.00131897
5.82e-008,0.00141832
5.83e-008,0.0014954
5.84e-008,0.00151082
5.85e-008,0.00147485
5.86e-008,0.00141489
5.87e-008,0.00135665
5.88e-008,0.00131212
5.89e-008,0.00132068
5.9e-008,0.00135494
5.91e-008,0.00145772
5.92e-008,0.00161188
5.93e-008,0.00179859
5.94e-008,0.00198188
5.95e-008,0.00216345
5.96e-008,0.00224396
5.97e-008,0.00226794
5.98e-008,0.00222854
5.99e-008,0.00216859
6e-008,0.00215489
6.01e-008,0.00218401
6.02e-008,0.00226109
6.03e-008,0.00232961
6.04e-008,0.00237586
6.05e-008,0.002381
6.06e-008,0.00234331
6.07e-008,0.00228336
6.08e-008,0.00225081
6.09e-008,0.00222341
6.1e-008,0.00224225
6.11e-008,0.00228678
6.12e-008,0.00236387
6.13e-008,0.00245465
6.14e-008,0.002554
6.15e-008,0.00265507
6.16e-008,0.00277326
6.17e-008,0.00286747
6.18e-008,0.002924
6.19e-008,0.00293599
6.2e-008,0.00290687
6.21e-008,0.00284692
6.22e-008,0.00276298
6.23e-008,0.00268761
6.24e-008,0.00264822
6.25e-008,0.00266363
6.26e-008,0.00265335
6.27e-008,0.00267048
6.28e-008,0.00265678
6.29e-008,0.00262081
6.3e-008,0.00257627
6.31e-008,0.00257456
6.32e-008,0.00257456
6.33e-008,0.00262766
6.34e-008,0.00268761
6.35e-008,0.00270988
6.36e-008,0.00273386
6.37e-008,0.00270817
6.38e-008,0.00266877
6.39e-008,0.0025934
6.4e-008,0.0025266
6.41e-008,0.00251118
6.42e-008,0.00252317
6.43e-008,0.0025266
6.44e-008,0.00254715
6.45e-008,0.00255229
6.46e-008,0.00250775
6.47e-008,0.00241183
6.48e-008,0.00231248
6.49e-008,0.00217887
6.5e-008,0.0020898
6.51e-008,0.0020247
6.52e-008,0.00205382
6.53e-008,0.00213433
6.54e-008,0.00228165
6.55e-008,0.00242553
6.56e-008,0.00254715
6.57e-008,0.00259169
6.58e-008,0.0025934
6.59e-008,0.00253002
6.6e-008,0.00245123
6.61e-008,0.00233817
6.62e-008,0.00224225
6.63e-008,0.00218401
6.64e-008,0.00216174
6.65e-008,0.00217887
6.66e-008,0.00221827
6.67e-008,0.00223711
6.68e-008,0.00224396
6.69e-008,0.00218743
6.7e-008,0.00211549
6.71e-008,0.00204697
6.72e-008,0.0020247
6.73e-008,0.00204012
6.74e-008,0.00205382
6.75e-008,0.00206753
6.76e-008,0.00204526
6.77e-008,0.00198873
6.78e-008,0.00191336
6.79e-008,0.00186711
6.8e-008,0.00185341
6.81e-008,0.00185512
6.82e-008,0.00183799
6.83e-008,0.00181401
6.84e-008,0.00175577
6.85e-008,0.00167184
6.86e-008,0.00158961
6.87e-008,0.00148855
6.88e-008,0.00139091
6.89e-008,0.00132753
6.9e-008,0.00134638
6.91e-008,0.0013755
6.92e-008,0.00144573
6.93e-008,0.00151253
6.94e-008,0.00155022
6.95e-008,0.00154165
6.96e-008,0.00150397
6.97e-008,0.00143716
6.98e-008,0.00136864
6.99e-008,0.00126758
7e-008,0.00114254
7.01e-008,0.00102948
7.02e-008,0.000921565
7.03e-008,0.000861612
7.04e-008,0.000858186
7.05e-008,0.000897584
7.06e-008,0.000919852
7.07e-008,0.000926704
7.08e-008,0.000882168
7.09e-008,0.000818789
7.1e-008,0.000721151
7.11e-008,0.000656059
7.12e-008,0.00059268
7.13e-008,0.00051731
7.14e-008,0.000447079
7.15e-008,0.000378561
7.16e-008,0.000299766
7.17e-008,0.000265507
7.18e-008,0.00020898
7.19e-008,0.000161017
7.2e-008,0.000114767
7.21e-008,5.65272e-005
7.22e-008,-1.37036e-005
7.23e-008,-9.7638e-005
7.24e-008,-0.000159304
7.25e-008,-0.000203841
7.26e-008,-0.000265507
7.27e-008,-0.000292914
7.28e-008,-0.000311756
7.29e-008,-0.000323747
7.3e-008,-0.000356293
7.31e-008,-0.000411107
7.32e-008,-0.00048819
7.33e-008,-0.000524162
7.34e-008,-0.000565272
7.35e-008,-0.00054643
7.36e-008,-0.000548143
7.37e-008,-0.000549856
7.38e-008,-0.000577263
7.39e-008,-0.000608096
7.4e-008,-0.000656059
7.41e-008,-0.000688605
7.42e-008,-0.000671475
7.43e-008,-0.000635503
7.44e-008,-0.000601244
7.45e-008,-0.000609809
7.46e-008,-0.000649207
7.47e-008,-0.000726289
7.48e-008,-0.000793094
7.49e-008,-0.000856473
7.5e-008,-0.000870177
7.51e-008,-0.000817076
7.52e-008,-0.000724577
7.53e-008,-0.000656059
7.54e-008,-0.000626939
7.55e-008,-0.000638929
7.56e-008,-0.000674901
7.57e-008,-0.000719438
7.58e-008,-0.0007674
7.59e-008,-0.000777678
7.6e-008,-0.000746845
7.61e-008,-0.000704021
7.62e-008,-0.000652633
7.63e-008,-0.000597818
7.64e-008,-0.000553282
7.65e-008,-0.000549856
7.66e-008,-0.000561847
7.67e-008,-0.000611522
7.68e-008,-0.00066291
7.69e-008,-0.000685179
7.7e-008,-0.000661197
7.71e-008,-0.000602957
7.72e-008,-0.000534439
7.73e-008,-0.000477912
7.74e-008,-0.00042995
7.75e-008,-0.000385413
7.76e-008,-0.00040083
7.77e-008,-0.000373422
7.78e-008,-0.000351154
7.79e-008,-0.00032546
7.8e-008,-0.000301479
7.81e-008,-0.000263794
7.82e-008,-0.000239813
7.83e-008,-0.000239813
7.84e-008,-0.000224396
7.85e-008,-0.000243238
7.86e-008,-0.000263794
7.87e-008,-0.000294627
7.88e-008,-0.000318608
7.89e-008,-0.000268933
7.9e-008,-0.000196989
7.91e-008,-0.000102777
7.92e-008,1.71295e-006
7.93e-008,7.19438e-005
7.94e-008,0.000114767
7.95e-008,0.000126758
7.96e-008,0.000152452
7.97e-008,0.000164443
7.98e-008,0.000215831
7.99e-008,0.0002381
8e-008,0.00026722
8.01e-008,0.000234674
8.02e-008,0.000202128
8.03e-008,0.000167869
8.04e-008,0.000176434
8.05e-008,0.000234674
8.06e-008,0.000373422
8.07e-008,0.000508745
8.08e-008,0.000608096
8.09e-008,0.00066291
8.1e-008,0.000671475
8.11e-008,0.000681753
8.12e-008,0.000690318
8.13e-008,0.000745132
8.14e-008,0.000806798
8.15e-008,0.000861612
8.16e-008,0.000880455
8.17e-008,0.000846196
8.18e-008,0.000803372
8.19e-008,0.000757123
8.2e-008,0.000746845
8.21e-008,0.000789669
8.22e-008,0.000880455
8.23e-008,0.000984944
8.24e-008,0.00103976
8.25e-008,0.00107744
8.26e-008,0.001098
8.27e-008,0.00114425
8.28e-008,0.00124017
8.29e-008,0.00135665
8.3e-008,0.00149198
8.31e-008,0.0016136
8.32e-008,0.00166841
8.33e-008,0.00173179
8.34e-008,0.00172665
8.35e-008,0.00176947
8.36e-008,0.00181572
8.37e-008,0.00192878
8.38e-008,0.00202299
8.39e-008,0.0020898
8.4e-008,0.00214118
8.41e-008,0.00215146
8.42e-008,0.00214975
8.43e-008,0.00213262
8.44e-008,0.00216174
8.45e-008,0.00221998
8.46e-008,0.00233303
8.47e-008,0.00245294
8.48e-008,0.00254886
8.49e-008,0.0026465
8.5e-008,0.00269104
8.51e-008,0.00271845
8.52e-008,0.00271845
8.53e-008,0.00272872
8.54e-008,0.00280238
8.55e-008,0.00289317
8.56e-008,0.00301479
8.57e-008,0.00311585
8.58e-008,0.00320321
8.59e-008,0.0032546
8.6e-008,0.00325289
8.61e-008,0.00326488
8.62e-008,0.00325117
8.63e-008,0.00329914
8.64e-008,0.00335395
8.65e-008,0.00340876
8.66e-008,0.00343788
8.67e-008,0.00344816
8.68e-008,0.00344645
8.69e-008,0.00348413
8.7e-008,0.00354237
8.71e-008,0.00363145
8.72e-008,0.00372395
8.73e-008,0.00384214
8.74e-008,0.00392265
8.75e-008,0.00398603
8.76e-008,0.00408367
8.77e-008,0.00418816
8.78e-008,0.00427723
8.79e-008,0.00435431
8.8e-008,0.00437315
8.81e-008,0.00436288
8.82e-008,0.00435431
8.83e-008,0.00438001
8.84e-008,0.00442968
8.85e-008,0.00452047
8.86e-008,0.00461639
8.87e-008,0.00468662
8.88e-008,0.00474315
8.89e-008,0.00479454
8.9e-008,0.00485278
8.91e-008,0.00490931
8.92e-008,0.00501551
8.93e-008,0.00512514
8.94e-008,0.00519708
8.95e-008,0.00524504
8.96e-008,0.00529301
8.97e-008,0.00532898
8.98e-008,0.00538037
8.99e-008,0.00546601
9e-008,0.00552768
9.01e-008,0.00556023
9.02e-008,0.00552597
9.03e-008,0.00544888
9.04e-008,0.00540949
9.05e-008,0.00545231
9.06e-008,0.00553453
9.07e-008,0.00568527
9.08e-008,0.00582573
9.09e-008,0.00592337
9.1e-008,0.00593879
9.11e-008,0.00589425
9.12e-008,0.00585828
9.13e-008,0.00583772
9.14e-008,0.00585314
9.15e-008,0.00591823
9.16e-008,0.0060193
9.17e-008,0.00612721
9.18e-008,0.00621628
9.19e-008,0.00628823
9.2e-008,0.00629337
9.21e-008,0.0062711
9.22e-008,0.00625911
9.23e-008,0.00625568
9.24e-008,0.00629508
9.25e-008,0.00639443
9.26e-008,0.00649036
9.27e-008,0.00658971
9.28e-008,0.0066548
9.29e-008,0.00665822
9.3e-008,0.00665994
9.31e-008,0.00663596
9.32e-008,0.00661711
9.33e-008,0.00661711
9.34e-008,0.00662054
9.35e-008,0.00658114
9.36e-008,0.00655202
9.37e-008,0.00648522
9.38e-008,0.00642869
9.39e-008,0.00640128
9.4e-008,0.00642869
9.41e-008,0.00647665
9.42e-008,0.00654346
9.43e-008,0.00661711
9.44e-008,0.0066548
9.45e-008,0.00665137
9.46e-008,0.00665309
9.47e-008,0.00661197
9.48e-008,0.00656915
9.49e-008,0.0065092
9.5e-008,0.00650235
9.51e-008,0.00649721
9.52e-008,0.00653318
9.53e-008,0.00666336
9.54e-008,0.00676443
9.55e-008,0.00685179
9.56e-008,0.00690318
9.57e-008,0.00693058
9.58e-008,0.00690318
9.59e-008,0.00687919
9.6e-008,0.00681924
9.61e-008,0.00675415
9.62e-008,0.00667535
9.63e-008,0.00659656
9.64e-008,0.00652804
9.65e-008,0.00648179
9.66e-008,0.00648522
9.67e-008,0.00645781
9.68e-008,0.00644582
9.69e-008,0.00645781
9.7e-008,0.00647665
9.71e-008,0.00650235
9.72e-008,0.00655031
9.73e-008,0.00660341
9.74e-008,0.00662568
9.75e-008,0.00664795
9.76e-008,0.00662225
9.77e-008,0.00656401
9.78e-008,0.00651262
9.79e-008,0.00646466
9.8e-008,0.00641841
9.81e-008,0.00639786
9.82e-008,0.00637901
9.83e-008,0.00633448
9.84e-008,0.00631564
9.85e-008,0.00630707
9.86e-008,0.00633105
9.87e-008,0.00636531
9.88e-008,0.00640985
9.89e-008,0.00644068
9.9e-008,0.00647665
9.91e-008,0.00649549
9.92e-008,0.00646466
9.93e-008,0.00638929
9.94e-008,0.00631906
9.95e-008,0.00622485
9.96e-008,0.00614948
9.97e-008,0.00607925
9.98e-008,0.00607754
9.99e-008,0.00608953
1e-007,0.00614948
1.001e-007,0.00620772
1.002e-007,0.00627795
1.003e-007,0.00631392
1.004e-007,0.00629851
1.005e-007,0.00624883
1.006e-007,0.0061649
1.007e-007,0.00606212
1.008e-007,0.00598332
1.009e-007,0.00597305
1.01e-007,0.00595763
1.011e-007,0.00598675
1.012e-007,0.00600388
1.013e-007,0.00601758
1.014e-007,0.00599189
1.015e-007,0.00595934
1.016e-007,0.00591138
1.017e-007,0.00587883
1.018e-007,0.005848
1.019e-007,0.00586684
1.02e-007,0.00589082
1.021e-007,0.00594221
1.022e-007,0.00596619
1.023e-007,0.00596277
1.024e-007,0.00592851
1.025e-007,0.00583258
1.026e-007,0.0057418
1.027e-007,0.00568184
1.028e-007,0.00565444
1.029e-007,0.00569212
1.03e-007,0.00571439
1.031e-007,0.00575208
1.032e-007,0.00572809
1.033e-007,0.00568356
1.034e-007,0.00562189
1.035e-007,0.00555851
1.036e-007,0.0055037
1.037e-007,0.005478
1.038e-007,0.00545231
1.039e-007,0.00544375
1.04e-007,0.00544032
1.041e-007,0.00541976
1.042e-007,0.00536666
1.043e-007,0.0053187
1.044e-007,0.00524504
1.045e-007,0.0051731
1.046e-007,0.00510116
1.047e-007,0.00502407
1.048e-007,0.00495042
1.049e-007,0.00486991
1.05e-007,0.00479968
1.051e-007,0.00477398
1.052e-007,0.00474829
1.053e-007,0.00475
1.054e-007,0.00473116
1.055e-007,0.00471574
1.056e-007,0.00468662
1.057e-007,0.00462667
1.058e-007,0.00457699
1.059e-007,0.00452389
1.06e-007,0.00451361
1.061e-007,0.00446223
1.062e-007,0.00440227
1.063e-007,0.00434403
1.064e-007,0.00426866
1.065e-007,0.00417616
1.066e-007,0.00407167
1.067e-007,0.00398774
1.068e-007,0.00391922
1.069e-007,0.00386098
1.07e-007,0.00380103
1.071e-007,0.00377191
1.072e-007,0.00375992
1.073e-007,0.00374279
1.074e-007,0.0036777
1.075e-007,0.00359205
1.076e-007,0.00344987
1.077e-007,0.00329914
1.078e-007,0.00316381
1.079e-007,0.00305761
1.08e-007,0.00303705
1.081e-007,0.00300622
1.082e-007,0.00300965
1.083e-007,0.00302678
1.084e-007,0.00302335
1.085e-007,0.00300108
1.086e-007,0.00292229
1.087e-007,0.00288803
1.088e-007,0.00282122
1.089e-007,0.00273386
1.09e-007,0.00261053
1.091e-007,0.00250775
1.092e-007,0.00242553
1.093e-007,0.00236901
1.094e-007,0.00233303
1.095e-007,0.00229192
1.096e-007,0.00221827
1.097e-007,0.00210692
1.098e-007,0.00195447
1.099e-007,0.00181401
1.1e-007,0.00171809
1.101e-007,0.00167355
1.102e-007,0.00171295
1.103e-007,0.00175063
1.104e-007,0.00175234
1.105e-007,0.00172665
1.106e-007,0.00163758
1.107e-007,0.00151596
1.108e-007,0.00140633
1.109e-007,0.00129327
1.11e-007,0.00123161
1.111e-007,0.00118365
1.112e-007,0.00118193
1.113e-007,0.00117508
1.114e-007,0.00112541
1.115e-007,0.00104318
1.116e-007,0.00095925
1.117e-007,0.00081365
1.118e-007,0.000707447
1.119e-007,0.000625226
1.12e-007,0.000560134
1.121e-007,0.000515597
1.122e-007,0.000498468
1.123e-007,0.000484764
1.124e-007,0.000424811
1.125e-007,0.000385413
1.126e-007,0.000328886
1.127e-007,0.000260368
1.128e-007,0.000169582
1.129e-007,6.85179e-005
1.13e-007,6.85179e-006
1.131e-007,-8.90732e-005
1.132e-007,-0.000171295
1.133e-007,-0.00019185
1.134e-007,-0.000198702
1.135e-007,-0.000210692
1.136e-007,-0.000239813
1.137e-007,-0.000275784
1.138e-007,-0.00035458
1.139e-007,-0.000388839
1.14e-007,-0.000431663
1.141e-007,-0.000452218
1.142e-007,-0.000469347
1.143e-007,-0.000483051
1.144e-007,-0.000491616
1.145e-007,-0.000512171
1.146e-007,-0.000553282
1.147e-007,-0.000602957
1.148e-007,-0.00070916
1.149e-007,-0.000835918
1.15e-007,-0.00098837
1.151e-007,-0.00112027
1.152e-007,-0.00122476
1.153e-007,-0.00125216
1.154e-007,-0.00120078
1.155e-007,-0.00114767
1.156e-007,-0.00110656
1.157e-007,-0.00113911
1.158e-007,-0.00118365
1.159e-007,-0.00128985
1.16e-007,-0.0013892
1.161e-007,-0.00147656
1.162e-007,-0.00149026
1.163e-007,-0.00143888
1.164e-007,-0.00135152
1.165e-007,-0.00131212
1.166e-007,-0.00130184
1.167e-007,-0.00138235
1.168e-007,-0.00151082
1.169e-007,-0.00165985
1.17e-007,-0.00172836
1.171e-007,-0.00170781
1.172e-007,-0.00160846
1.173e-007,-0.00151938
1.174e-007,-0.00144915
1.175e-007,-0.00146457
1.176e-007,-0.0015348
1.177e-007,-0.00167526
1.178e-007,-0.00186197
1.179e-007,-0.00202984
1.18e-007,-0.00212919
1.181e-007,-0.00217373
1.182e-007,-0.00215489
1.183e-007,-0.00206581
1.184e-007,-0.00194077
1.185e-007,-0.00183628
1.186e-007,-0.00180545
1.187e-007,-0.0019048
1.188e-007,-0.00203498
1.189e-007,-0.00217373
1.19e-007,-0.00229021
1.191e-007,-0.00232104
1.192e-007,-0.00227308
1.193e-007,-0.00223711
1.194e-007,-0.0022097
1.195e-007,-0.00223368
1.196e-007,-0.00229535
1.197e-007,-0.00237928
1.198e-007,-0.00242382
1.199e-007,-0.00242553
1.2e-007,-0.0024084
1.201e-007,-0.00235188
1.202e-007,-0.00233303
1.203e-007,-0.0023022
1.204e-007,-0.00229192
1.205e-007,-0.0023159
1.206e-007,-0.00235701
1.207e-007,-0.0024084
1.208e-007,-0.00246493
1.209e-007,-0.00251803
1.21e-007,-0.00253687
1.211e-007,-0.00252317
1.212e-007,-0.00248549
1.213e-007,-0.0024478
1.214e-007,-0.00245637
1.215e-007,-0.00248549
1.216e-007,-0.00254544
1.217e-007,-0.00262595
1.218e-007,-0.00271331
1.219e-007,-0.00276984
1.22e-007,-0.0027921
1.221e-007,-0.00278525
1.222e-007,-0.00277155
1.223e-007,-0.00274757
1.224e-007,-0.00270303
1.225e-007,-0.00265849
1.226e-007,-0.00260882
1.227e-007,-0.00257285
1.228e-007,-0.00257113
1.229e-007,-0.00261738
1.23e-007,-0.0026859
1.231e-007,-0.00279896
1.232e-007,-0.00289659
1.233e-007,-0.0029634
1.234e-007,-0.00297539
1.235e-007,-0.00294798
1.236e-007,-0.00290516
1.237e-007,-0.00284692
1.238e-007,-0.00282294
1.239e-007,-0.00279896
1.24e-007,-0.00276984
1.241e-007,-0.00272359
1.242e-007,-0.00268933
1.243e-007,-0.00264822
1.244e-007,-0.00265678
1.245e-007,-0.0026996
1.246e-007,-0.00276641
1.247e-007,-0.00283321
1.248e-007,-0.00286919
1.249e-007,-0.00285206
1.25e-007,-0.00278868
1.251e-007,-0.00272187
1.252e-007,-0.00264308
1.253e-007,-0.00258998
1.254e-007,-0.00255229
1.255e-007,-0.00250775
1.256e-007,-0.00248035
1.257e-007,-0.00248891
1.258e-007,-0.00250433
1.259e-007,-0.00254715
1.26e-007,-0.00260539
1.261e-007,-0.00261738
1.262e-007,-0.00261053
1.263e-007,-0.00255743
1.264e-007,-0.00250947
1.265e-007,-0.00247863
1.266e-007,-0.00246493
1.267e-007,-0.00247178
1.268e-007,-0.0024735
1.269e-007,-0.00248035
1.27e-007,-0.00249919
1.271e-007,-0.00251803
1.272e-007,-0.00256257
1.273e-007,-0.00258141
1.274e-007,-0.00259511
1.275e-007,-0.002554
1.276e-007,-0.0024735
1.277e-007,-0.00235188
1.278e-007,-0.00225766
1.279e-007,-0.00219428
1.28e-007,-0.00217544
1.281e-007,-0.00219086
1.282e-007,-0.00220799
1.283e-007,-0.00221313
1.284e-007,-0.00218572
1.285e-007,-0.0021172
1.286e-007,-0.0020247
1.287e-007,-0.00194248
1.288e-007,-0.00189109
1.289e-007,-0.00186369
1.29e-007,-0.00190137
1.291e-007,-0.00193049
1.292e-007,-0.00199387
1.293e-007,-0.00201785
1.294e-007,-0.00204355
1.295e-007,-0.00206068
1.296e-007,-0.00205554
1.297e-007,-0.00205725
1.298e-007,-0.00201956
1.299e-007,-0.00199387
1.3e-007,-0.00194591
1.301e-007,-0.00187225
1.302e-007,-0.00184998
1.303e-007,-0.001826
1.304e-007,-0.00190137
1.305e-007,-0.00199901
1.306e-007,-0.0021035
1.307e-007,-0.00218229
1.308e-007,-0.00221998
1.309e-007,-0.002196
1.31e-007,-0.0021566
1.311e-007,-0.00215146
1.312e-007,-0.00218229
1.313e-007,-0.00224053
1.314e-007,-0.00230734
1.315e-007,-0.0023553
1.316e-007,-0.00237243
1.317e-007,-0.00235873
1.318e-007,-0.0023022
1.319e-007,-0.00223882
1.32e-007,-0.00216859
1.321e-007,-0.00213262
1.322e-007,-0.00212919
1.323e-007,-0.00214975
1.324e-007,-0.00222341
1.325e-007,-0.00229706
1.326e-007,-0.00233475
1.327e-007,-0.00232961
1.328e-007,-0.00228678
1.329e-007,-0.0022628
1.33e-007,-0.00227822
1.331e-007,-0.00234845
1.332e-007,-0.00242725
1.333e-007,-0.00249405
1.334e-007,-0.00253174
1.335e-007,-0.00253859
1.336e-007,-0.0025009
1.337e-007,-0.00250433
1.338e-007,-0.00250947
1.339e-007,-0.00253859
1.34e-007,-0.00255229
1.341e-007,-0.00255572
1.342e-007,-0.00256257
1.343e-007,-0.00258141
1.344e-007,-0.00260539
1.345e-007,-0.00265164
1.346e-007,-0.00269104
1.347e-007,-0.00270988
1.348e-007,-0.00271502
1.349e-007,-0.00270132
1.35e-007,-0.00271159
1.351e-007,-0.002739
1.352e-007,-0.00279724
1.353e-007,-0.0028709
1.354e-007,-0.00293085
1.355e-007,-0.00298053
1.356e-007,-0.00301993
1.357e-007,-0.00301479
1.358e-007,-0.00300108
1.359e-007,-0.00297539
1.36e-007,-0.00292571
1.361e-007,-0.00290687
1.362e-007,-0.00288632
1.363e-007,-0.00285377
1.364e-007,-0.00283321
1.365e-007,-0.00280923
1.366e-007,-0.00281437
1.367e-007,-0.00285891
1.368e-007,-0.00292743
1.369e-007,-0.00301136
1.37e-007,-0.00309187
1.371e-007,-0.00312613
1.372e-007,-0.00314154
1.373e-007,-0.00316724
1.374e-007,-0.00321349
1.375e-007,-0.00327858
1.376e-007,-0.00335738
1.377e-007,-0.00341904
1.378e-007,-0.00345844
1.379e-007,-0.00348071
1.38e-007,-0.00344987
1.381e-007,-0.00341562
1.382e-007,-0.0034002
1.383e-007,-0.00339335
1.384e-007,-0.0034139
1.385e-007,-0.00344645
1.386e-007,-0.0034533
1.387e-007,-0.00346187
1.388e-007,-0.00344474
1.389e-007,-0.00339677
1.39e-007,-0.0033608
1.391e-007,-0.00331627
1.392e-007,-0.00328715
1.393e-007,-0.00331627
1.394e-007,-0.0033471
1.395e-007,-0.00340191
1.396e-007,-0.00343788
1.397e-007,-0.00347043
1.398e-007,-0.00351325
1.399e-007,-0.00355094
1.4e-007,-0.00358691
1.401e-007,-0.00360747
1.402e-007,-0.00363316
1.403e-007,-0.00365714
1.404e-007,-0.00368797
1.405e-007,-0.00368969
1.406e-007,-0.00372909
1.407e-007,-0.00377533
1.408e-007,-0.00382158
1.409e-007,-0.00384043
1.41e-007,-0.00381131
1.411e-007,-0.00378219
1.412e-007,-0.00367085
1.413e-007,-0.00360747
1.414e-007,-0.00354237
1.415e-007,-0.00353381
1.416e-007,-0.00352353
1.417e-007,-0.00355779
1.418e-007,-0.0036383
1.419e-007,-0.00368797
1.42e-007,-0.00370339
1.421e-007,-0.00370168
1.422e-007,-0.00368797
1.423e-007,-0.00366057
1.424e-007,-0.00363316
1.425e-007,-0.00366057
1.426e-007,-0.00371881
1.427e-007,-0.00379932
1.428e-007,-0.00385584
1.429e-007,-0.00385584
1.43e-007,-0.00379418
1.431e-007,-0.00369483
1.432e-007,-0.00357321
1.433e-007,-0.00347557
1.434e-007,-0.00339506
1.435e-007,-0.00335566
1.436e-007,-0.0033471
1.437e-007,-0.00332654
1.438e-007,-0.00328715
1.439e-007,-0.00326488
1.44e-007,-0.00322377
1.441e-007,-0.00321178
1.442e-007,-0.00318951
1.443e-007,-0.00315354
1.444e-007,-0.00312955
1.445e-007,-0.00304562
1.446e-007,-0.00301307
1.447e-007,-0.00298395
1.448e-007,-0.00299252
1.449e-007,-0.00301821
1.45e-007,-0.00303877
1.451e-007,-0.00306275
1.452e-007,-0.00301821
1.453e-007,-0.00294113
1.454e-007,-0.00288118
1.455e-007,-0.00283493
1.456e-007,-0.00282122
1.457e-007,-0.00283664
1.458e-007,-0.00280238
1.459e-007,-0.00277669
1.46e-007,-0.00273729
1.461e-007,-0.00267048
1.462e-007,-0.00259854
1.463e-007,-0.0025266
1.464e-007,-0.00250775
1.465e-007,-0.00251118
1.466e-007,-0.00252146
1.467e-007,-0.00254715
1.468e-007,-0.0025403
1.469e-007,-0.00247692
1.47e-007,-0.00239984
1.471e-007,-0.00228507
1.472e-007,-0.00217202
1.473e-007,-0.00212063
1.474e-007,-0.00207952
1.475e-007,-0.0021035
1.476e-007,-0.00211549
1.477e-007,-0.00212577
1.478e-007,-0.00213947
1.479e-007,-0.00216688
1.48e-007,-0.00219257
1.481e-007,-0.00217544
1.482e-007,-0.00211892
1.483e-007,-0.00201785
1.484e-007,-0.00189452
1.485e-007,-0.00177975
1.486e-007,-0.00171809
1.487e-007,-0.00173179
1.488e-007,-0.00176091
1.489e-007,-0.00180887
1.49e-007,-0.00176434
1.491e-007,-0.00170438
1.492e-007,-0.00159475
1.493e-007,-0.0014817
1.494e-007,-0.00137721
1.495e-007,-0.0013104
1.496e-007,-0.00130698
1.497e-007,-0.00130698
1.498e-007,-0.0013361
1.499e-007,-0.00133781
1.5e-007,-0.00130355
1.501e-007,-0.00121791
1.502e-007,-0.00110828
1.503e-007,-0.000990083
1.504e-007,-0.000907862
1.505e-007,-0.000861612
1.506e-007,-0.000870177
1.507e-007,-0.00093013
1.508e-007,-0.00097638
1.509e-007,-0.000974667
1.51e-007,-0.000897584
1.511e-007,-0.000772539
1.512e-007,-0.000606383
1.513e-007,-0.000476199
1.514e-007,-0.000373422
1.515e-007,-0.00030833
1.516e-007,-0.000310043
1.517e-007,-0.00032546
1.518e-007,-0.00032546
1.519e-007,-0.000282636
1.52e-007,-0.000239813
1.521e-007,-0.000202128
1.522e-007,-0.000154165
1.523e-007,-0.000128471
1.524e-007,-0.000135323
1.525e-007,-0.00013361
1.526e-007,-0.000159304
1.527e-007,-0.00016273
1.528e-007,-0.00013361
1.529e-007,-8.39344e-005
1.53e-007,-1.71295e-006
1.531e-007,8.05085e-005
1.532e-007,0.000161017
1.533e-007,0.00025009
1.534e-007,0.000327173
1.535e-007,0.000376848
1.536e-007,0.000404255
1.537e-007,0.000421385
1.538e-007,0.000402543
1.539e-007,0.000411107
1.54e-007,0.000460783
1.541e-007,0.000537865
1.542e-007,0.000654346
1.543e-007,0.000815363
1.544e-007,0.000895871
1.545e-007,0.000906149
1.546e-007,0.000863325
1.547e-007,0.000762261
1.548e-007,0.000705734
1.549e-007,0.00068004
1.55e-007,0.000712586
1.551e-007,0.000835918
1.552e-007,0.000945547
1.553e-007,0.00106717
1.554e-007,0.00117851
1.555e-007,0.0012967
1.556e-007,0.00137378
1.557e-007,0.00142346
1.558e-007,0.00145258
1.559e-007,0.00145943
1.56e-007,0.00143888
1.561e-007,0.0014423
1.562e-007,0.00144744
1.563e-007,0.001456
1.564e-007,0.00151082
1.565e-007,0.00154337
1.566e-007,0.00158961
1.567e-007,0.00163244
1.568e-007,0.00169753
1.569e-007,0.00176091
1.57e-007,0.0018654
1.571e-007,0.00194077
1.572e-007,0.00196818
1.573e-007,0.00196989
1.574e-007,0.00193049
1.575e-007,0.00188767
1.576e-007,0.0018654
1.577e-007,0.00185341
1.578e-007,0.00187396
1.579e-007,0.00193734
1.58e-007,0.0019973
1.581e-007,0.0020778
1.582e-007,0.00213262
1.583e-007,0.00215831
1.584e-007,0.0021703
1.585e-007,0.00214461
1.586e-007,0.00211206
1.587e-007,0.00206924
1.588e-007,0.00207609
1.589e-007,0.00211378
1.59e-007,0.00216516
1.591e-007,0.00224567
1.592e-007,0.00230563
1.593e-007,0.00232961
1.594e-007,0.00232789
1.595e-007,0.00231762
1.596e-007,0.00229021
1.597e-007,0.00227479
1.598e-007,0.00227308
1.599e-007,0.00226109
1.6e-007,0.00226452
1.601e-007,0.00227651
1.602e-007,0.00232618
1.603e-007,0.00237414
1.604e-007,0.00246664
1.605e-007,0.00253345
1.606e-007,0.00257285
1.607e-007,0.00254715
1.608e-007,0.0025009
1.609e-007,0.00245808
1.61e-007,0.00243581
1.611e-007,0.00245294
1.612e-007,0.0024735
1.613e-007,0.00245808
1.614e-007,0.00243238
1.615e-007,0.00238613
1.616e-007,0.00234845
1.617e-007,0.00235873
1.618e-007,0.00239813
1.619e-007,0.00251461
1.62e-007,0.00262252
1.621e-007,0.00266363
1.622e-007,0.00263794
1.623e-007,0.00257113
1.624e-007,0.0024872
1.625e-007,0.00242896
1.626e-007,0.00240155
1.627e-007,0.00244266
1.628e-007,0.00249919
1.629e-007,0.00258826
1.63e-007,0.00266192
1.631e-007,0.0026996
1.632e-007,0.00270817
1.633e-007,0.00266706
1.634e-007,0.0026328
1.635e-007,0.00259854
1.636e-007,0.00259854
1.637e-007,0.00257285
1.638e-007,0.00258312
1.639e-007,0.00259511
1.64e-007,0.00261053
1.641e-007,0.0026328
1.642e-007,0.00264822
1.643e-007,0.00267048
1.644e-007,0.0026859
1.645e-007,0.0026859
1.646e-007,0.00269104
1.647e-007,0.00267048
1.648e-007,0.00267391
1.649e-007,0.00269104
1.65e-007,0.0027253
1.651e-007,0.00277497
1.652e-007,0.00279724
1.653e-007,0.0027921
1.654e-007,0.00275784
1.655e-007,0.00269789
1.656e-007,0.00268076
1.657e-007,0.00265164
1.658e-007,0.00263794
1.659e-007,0.0026722
1.66e-007,0.00268933
1.661e-007,0.00269275
1.662e-007,0.00265849
1.663e-007,0.00261567
1.664e-007,0.00256086
1.665e-007,0.00250947
1.666e-007,0.0024478
1.667e-007,0.00244438
1.668e-007,0.00247692
1.669e-007,0.00253687
1.67e-007,0.00258312
1.671e-007,0.00260025
1.672e-007,0.00253345
1.673e-007,0.00244266
1.674e-007,0.00235016
1.675e-007,0.00229877
1.676e-007,0.00232789
1.677e-007,0.00240669
1.678e-007,0.00253687
1.679e-007,0.00264822
1.68e-007,0.00271502
1.681e-007,0.00269275
1.682e-007,0.00262252
1.683e-007,0.00253345
1.684e-007,0.00247692
1.685e-007,0.00240498
1.686e-007,0.00241183
1.687e-007,0.00246322
1.688e-007,0.00249062
1.689e-007,0.00254373
1.69e-007,0.00257456
1.691e-007,0.00258998
1.692e-007,0.00260368
1.693e-007,0.00256599
1.694e-007,0.00253002
1.695e-007,0.00243752
1.696e-007,0.00235359
1.697e-007,0.0022628
1.698e-007,0.00217544
1.699e-007,0.00210521
1.7e-007,0.0020504
1.701e-007,0.00207095
1.702e-007,0.00209322
1.703e-007,0.00214975
1.704e-007,0.0022354
1.705e-007,0.00229535
1.706e-007,0.00230049
1.707e-007,0.00223711
1.708e-007,0.00212234
1.709e-007,0.00196132
1.71e-007,0.00184484
1.711e-007,0.00180887
1.712e-007,0.00184656
1.713e-007,0.00192364
1.714e-007,0.00200586
1.715e-007,0.00204868
1.716e-007,0.00200586
1.717e-007,0.00192535
1.718e-007,0.0018517
1.719e-007,0.00176605
1.72e-007,0.00169753
1.721e-007,0.00165985
1.722e-007,0.00162387
1.723e-007,0.00158276
1.724e-007,0.00155193
1.725e-007,0.00154165
1.726e-007,0.00154337
1.727e-007,0.00154508
1.728e-007,0.00157077
1.729e-007,0.0015742
1.73e-007,0.00154337
1.731e-007,0.00151767
1.732e-007,0.00151596
1.733e-007,0.00147485
1.734e-007,0.00145087
1.735e-007,0.00144915
1.736e-007,0.0014286
1.737e-007,0.00142003
1.738e-007,0.00138749
1.739e-007,0.0013361
1.74e-007,0.00129499
1.741e-007,0.00129499
1.742e-007,0.00130869
1.743e-007,0.00132753
1.744e-007,0.00135494
1.745e-007,0.00134809
1.746e-007,0.00132582
1.747e-007,0.00129156
1.748e-007,0.00124703
1.749e-007,0.00122133
1.75e-007,0.00122133
1.751e-007,0.00120078
1.752e-007,0.00118193
1.753e-007,0.00115281
1.754e-007,0.00110828
1.755e-007,0.001098
1.756e-007,0.00111855
