LECROYWM8500,500500138,Waveform
Segments,1,SegmentSize,2002
Segment,TrigTime,TimeSinceSegment1
#1,21-Mar-2024 17:23:00,0                 
Time,Ampl
-2.45e-008,0.000282636
-2.44e-008,0.000270646
-2.43e-008,0.0002381
-2.42e-008,0.000226109
-2.41e-008,0.0002381
-2.4e-008,0.000246664
-2.39e-008,0.000262081
-2.38e-008,0.000277497
-2.37e-008,0.000265507
-2.36e-008,0.000286062
-2.35e-008,0.00026722
-2.34e-008,0.000298053
-2.33e-008,0.000349441
-2.32e-008,0.000397404
-2.31e-008,0.000431663
-2.3e-008,0.000399117
-2.29e-008,0.000327173
-2.28e-008,0.00022097
-2.27e-008,0.000142175
-2.26e-008,9.93509e-005
-2.25e-008,0.000118193
-2.24e-008,0.000149026
-2.23e-008,0.000179859
-2.22e-008,0.000188424
-2.21e-008,0.000155878
-2.2e-008,0.000155878
-2.19e-008,0.000155878
-2.18e-008,0.000164443
-2.17e-008,0.000210692
-2.16e-008,0.000265507
-2.15e-008,0.000299766
-2.14e-008,0.000294627
-2.13e-008,0.000277497
-2.12e-008,0.000272359
-2.11e-008,0.00022097
-2.1e-008,0.000212405
-2.09e-008,0.000198702
-2.08e-008,0.000202128
-2.07e-008,0.000193563
-2.06e-008,0.00019185
-2.05e-008,0.000190137
-2.04e-008,0.000200415
-2.03e-008,0.000227822
-2.02e-008,0.000226109
-2.01e-008,0.000231248
-2e-008,0.000217544
-1.99e-008,0.000183285
-1.98e-008,0.000143888
-1.97e-008,0.000106203
-1.96e-008,0.000102777
-1.95e-008,0.000130184
-1.94e-008,0.00019185
-1.93e-008,0.000236387
-1.92e-008,0.000298053
-1.91e-008,0.000334025
-1.9e-008,0.000322034
-1.89e-008,0.00030833
-1.88e-008,0.000263794
-1.87e-008,0.000231248
-1.86e-008,0.000202128
-1.85e-008,0.000161017
-1.84e-008,0.000143888
-1.83e-008,0.000140462
-1.82e-008,0.000152452
-1.81e-008,0.000167869
-1.8e-008,0.000188424
-1.79e-008,0.000222683
-1.78e-008,0.000231248
-1.77e-008,0.000226109
-1.76e-008,0.000186711
-1.75e-008,0.000150739
-1.74e-008,0.000114767
-1.73e-008,9.7638e-005
-1.72e-008,0.000125045
-1.71e-008,0.000203841
-1.7e-008,0.000270646
-1.69e-008,0.000334025
-1.68e-008,0.000368284
-1.67e-008,0.000361432
-1.66e-008,0.000311756
-1.65e-008,0.000243238
-1.64e-008,0.000188424
-1.63e-008,0.0001456
-1.62e-008,0.000155878
-1.61e-008,0.000169582
-1.6e-008,0.000203841
-1.59e-008,0.000222683
-1.58e-008,0.000239813
-1.57e-008,0.000243238
-1.56e-008,0.000270646
-1.55e-008,0.000274071
-1.54e-008,0.000291201
-1.53e-008,0.00030833
-1.52e-008,0.00032546
-1.51e-008,0.000318608
-1.5e-008,0.000303192
-1.49e-008,0.000275784
-1.48e-008,0.000268933
-1.47e-008,0.00029634
-1.46e-008,0.000304905
-1.45e-008,0.000316895
-1.44e-008,0.000306617
-1.43e-008,0.000299766
-1.42e-008,0.000256942
-1.41e-008,0.000232961
-1.4e-008,0.000214118
-1.39e-008,0.000207267
-1.38e-008,0.0002381
-1.37e-008,0.000248377
-1.36e-008,0.000258655
-1.35e-008,0.000282636
-1.34e-008,0.000292914
-1.33e-008,0.000289488
-1.32e-008,0.000277497
-1.31e-008,0.00025009
-1.3e-008,0.000181572
-1.29e-008,0.000118193
-1.28e-008,6.16661e-005
-1.27e-008,3.93978e-005
-1.26e-008,5.82402e-005
-1.25e-008,0.000125045
-1.24e-008,0.000227822
-1.23e-008,0.000310043
-1.22e-008,0.000359719
-1.21e-008,0.000364858
-1.2e-008,0.000356293
-1.19e-008,0.000315182
-1.18e-008,0.000316895
-1.17e-008,0.000294627
-1.16e-008,0.000304905
-1.15e-008,0.000322034
-1.14e-008,0.000330599
-1.13e-008,0.000340876
-1.12e-008,0.000364858
-1.11e-008,0.000388839
-1.1e-008,0.000421385
-1.09e-008,0.000421385
-1.08e-008,0.000436801
-1.07e-008,0.000452218
-1.06e-008,0.000496755
-1.05e-008,0.000570411
-1.04e-008,0.000669762
-1.03e-008,0.000748558
-1.02e-008,0.000823927
-1.01e-008,0.000892445
-1e-008,0.000933556
-9.9e-009,0.000923278
-9.8e-009,0.000916427
-9.7e-009,0.000875316
-9.6e-009,0.000851335
-9.5e-009,0.000853048
-9.4e-009,0.000846196
-9.3e-009,0.000841057
-9.2e-009,0.000853048
-9.1e-009,0.000868464
-9e-009,0.000902723
-8.9e-009,0.000936982
-8.8e-009,0.000983232
-8.7e-009,0.00102092
-8.6e-009,0.00102777
-8.5e-009,0.000986657
-8.4e-009,0.000897584
-8.3e-009,0.000794807
-8.2e-009,0.000714299
-8.1e-009,0.000685179
-8e-009,0.000690318
-7.9e-009,0.000770826
-7.8e-009,0.00087189
-7.7e-009,0.00095925
-7.6e-009,0.000995222
-7.5e-009,0.000990083
-7.4e-009,0.000870177
-7.3e-009,0.000671475
-7.2e-009,0.000453931
-7.1e-009,0.000224396
-7e-009,0.000102777
-6.9e-009,6.5092e-005
-6.8e-009,0.000179859
-6.7e-009,0.000359719
-6.6e-009,0.000549856
-6.5e-009,0.00068004
-6.4e-009,0.000668049
-6.3e-009,0.000570411
-6.2e-009,0.000381987
-6.1e-009,0.000178146
-6e-009,6.85179e-005
-5.9e-009,3.59719e-005
-5.8e-009,4.45366e-005
-5.7e-009,6.85179e-005
-5.6e-009,9.42121e-005
-5.5e-009,9.5925e-005
-5.4e-009,7.19438e-005
-5.3e-009,2.05554e-005
-5.2e-009,-5.48143e-005
-5.1e-009,-0.000118193
-5e-009,-0.00016273
-4.9e-009,-0.000173008
-4.8e-009,-0.000130184
-4.7e-009,-3.42589e-005
-4.6e-009,0.000135323
-4.5e-009,0.000289488
-4.4e-009,0.000409394
-4.3e-009,0.000477912
-4.2e-009,0.000512171
-4.1e-009,0.00051731
-4e-009,0.000513884
-3.9e-009,0.000541291
-3.8e-009,0.000532726
-3.7e-009,0.000522449
-3.6e-009,0.000474486
-3.5e-009,0.000385413
-3.4e-009,0.000311756
-3.3e-009,0.000210692
-3.2e-009,0.000109629
-3.1e-009,6.85179e-006
-3e-009,-4.28237e-005
-2.9e-009,-9.5925e-005
-2.8e-009,-7.19438e-005
-2.7e-009,5.13884e-005
-2.6e-009,0.000241526
-2.5e-009,0.00042995
-2.4e-009,0.000524162
-2.3e-009,0.000507032
-2.2e-009,0.000351154
-2.1e-009,8.05085e-005
-2e-009,-0.000226109
-1.9e-009,-0.000467634
-1.8e-009,-0.00057555
-1.7e-009,-0.000594393
-1.6e-009,-0.000484764
-1.5e-009,-0.000361432
-1.4e-009,-0.000258655
-1.3e-009,-0.000179859
-1.2e-009,-0.000166156
-1.1e-009,-0.000147313
-1e-009,-0.000118193
-9e-010,-4.62496e-005
-8e-010,3.59719e-005
-7e-010,0.00011648
-6e-010,0.000217544
-5e-010,0.000198702
-4e-010,0.000125045
-3e-010,-2.22683e-005
-2e-010,-0.000241526
-1e-010,-0.000486477
4.138488e-023,-0.000673188
1e-010,-0.000751984
2e-010,-0.000731428
3e-010,-0.000590967
4e-010,-0.000381987
5e-010,-0.000186711
6e-010,-3.42589e-006
7e-010,6.68049e-005
8e-010,3.93978e-005
9e-010,-5.99531e-005
1e-009,-0.000241526
1.1e-009,-0.000433376
1.2e-009,-0.000611522
1.3e-009,-0.000750271
1.4e-009,-0.00082564
1.5e-009,-0.000844483
1.6e-009,-0.000806798
1.7e-009,-0.0007674
1.8e-009,-0.000729715
1.9e-009,-0.000654346
2e-009,-0.000585828
2.1e-009,-0.000505319
2.2e-009,-0.000395691
2.3e-009,-0.000272359
2.4e-009,-0.000154165
2.5e-009,-0.000118193
2.6e-009,-0.000183285
2.7e-009,-0.000299766
2.8e-009,-0.000481338
2.9e-009,-0.000678327
3e-009,-0.000863325
3.1e-009,-0.000984944
3.2e-009,-0.00106888
3.3e-009,-0.00112712
3.4e-009,-0.00114939
3.5e-009,-0.00121105
3.6e-009,-0.00127101
3.7e-009,-0.0013104
3.8e-009,-0.00132925
3.9e-009,-0.00134466
4e-009,-0.00135494
4.1e-009,-0.00135152
4.2e-009,-0.00132239
4.3e-009,-0.00130527
4.4e-009,-0.00130184
4.5e-009,-0.00132239
4.6e-009,-0.00135494
4.7e-009,-0.00142003
4.8e-009,-0.00148684
4.9e-009,-0.0015211
5e-009,-0.00152624
5.1e-009,-0.00151082
5.2e-009,-0.00151425
5.3e-009,-0.00152795
5.4e-009,-0.00154508
5.5e-009,-0.00157077
5.6e-009,-0.00161188
5.7e-009,-0.00166327
5.8e-009,-0.00174721
5.9e-009,-0.00183114
6e-009,-0.0019185
6.1e-009,-0.00201785
6.2e-009,-0.00204526
6.3e-009,-0.00201271
6.4e-009,-0.00189109
6.5e-009,-0.0017335
6.6e-009,-0.00155022
6.7e-009,-0.00136693
6.8e-009,-0.00126073
6.9e-009,-0.00119221
7e-009,-0.00117166
7.1e-009,-0.00121105
7.2e-009,-0.0012436
7.3e-009,-0.00127786
7.4e-009,-0.00128128
7.5e-009,-0.00126244
7.6e-009,-0.00130698
7.7e-009,-0.0013755
7.8e-009,-0.00147313
7.9e-009,-0.00158961
8e-009,-0.00168383
8.1e-009,-0.00174378
8.2e-009,-0.00175577
8.3e-009,-0.00175234
8.4e-009,-0.00176776
8.5e-009,-0.00180373
8.6e-009,-0.00186197
8.7e-009,-0.00189452
8.8e-009,-0.00192878
8.9e-009,-0.00191507
9e-009,-0.00186197
9.1e-009,-0.00180202
9.2e-009,-0.00174549
9.3e-009,-0.00163929
9.4e-009,-0.00153137
9.5e-009,-0.00145429
9.6e-009,-0.00140119
9.7e-009,-0.00140462
9.8e-009,-0.00145429
9.9e-009,-0.00157249
1e-008,-0.00173693
1.01e-008,-0.0018791
1.02e-008,-0.00204012
1.03e-008,-0.00218915
1.04e-008,-0.00232447
1.05e-008,-0.00242553
1.06e-008,-0.0024615
1.07e-008,-0.00244266
1.08e-008,-0.0023553
1.09e-008,-0.00222341
1.1e-008,-0.00207609
1.11e-008,-0.00194077
1.12e-008,-0.00186026
1.13e-008,-0.00180373
1.14e-008,-0.00180887
1.15e-008,-0.00182086
1.16e-008,-0.00184656
1.17e-008,-0.00189281
1.18e-008,-0.00192707
1.19e-008,-0.00195961
1.2e-008,-0.0019973
1.21e-008,-0.00203155
1.22e-008,-0.00207952
1.23e-008,-0.00212063
1.24e-008,-0.00215489
1.25e-008,-0.00217373
1.26e-008,-0.00214804
1.27e-008,-0.00207267
1.28e-008,-0.00192364
1.29e-008,-0.00174378
1.3e-008,-0.0015742
1.31e-008,-0.00143716
1.32e-008,-0.00135837
1.33e-008,-0.00131554
1.34e-008,-0.00132582
1.35e-008,-0.00131554
1.36e-008,-0.00136693
1.37e-008,-0.00138749
1.38e-008,-0.00144573
1.39e-008,-0.00148855
1.4e-008,-0.00151938
1.41e-008,-0.00150225
1.42e-008,-0.00144573
1.43e-008,-0.00137378
1.44e-008,-0.00132582
1.45e-008,-0.00128814
1.46e-008,-0.0012299
1.47e-008,-0.00116823
1.48e-008,-0.00111513
1.49e-008,-0.00103291
1.5e-008,-0.000984944
1.51e-008,-0.000931843
1.52e-008,-0.000913001
1.53e-008,-0.000926704
1.54e-008,-0.000972954
1.55e-008,-0.000996935
1.56e-008,-0.000986657
1.57e-008,-0.000960963
1.58e-008,-0.000907862
1.59e-008,-0.000801659
1.6e-008,-0.000671475
1.61e-008,-0.000596106
1.62e-008,-0.000543004
1.63e-008,-0.000519023
1.64e-008,-0.000580689
1.65e-008,-0.00065092
1.66e-008,-0.000750271
1.67e-008,-0.000829066
1.68e-008,-0.000851335
1.69e-008,-0.000853048
1.7e-008,-0.000832492
1.71e-008,-0.000810224
1.72e-008,-0.0007674
1.73e-008,-0.000769113
1.74e-008,-0.000758835
1.75e-008,-0.000745132
1.76e-008,-0.00075541
1.77e-008,-0.000746845
1.78e-008,-0.000728002
1.79e-008,-0.000707447
1.8e-008,-0.00066291
1.81e-008,-0.000608096
1.82e-008,-0.000560134
1.83e-008,-0.00050018
1.84e-008,-0.000469347
1.85e-008,-0.000428237
1.86e-008,-0.000402543
1.87e-008,-0.000385413
1.88e-008,-0.000385413
1.89e-008,-0.00041282
1.9e-008,-0.00044194
1.91e-008,-0.000493329
1.92e-008,-0.000503606
1.93e-008,-0.000524162
1.94e-008,-0.000544717
1.95e-008,-0.000548143
1.96e-008,-0.000527588
1.97e-008,-0.000510458
1.98e-008,-0.000467634
1.99e-008,-0.000388839
2e-008,-0.000323747
2.01e-008,-0.000291201
2.02e-008,-0.000315182
2.03e-008,-0.000392265
2.04e-008,-0.000462496
2.05e-008,-0.00051731
2.06e-008,-0.000510458
2.07e-008,-0.000462496
2.08e-008,-0.00042995
2.09e-008,-0.00040083
2.1e-008,-0.0003837
2.11e-008,-0.000388839
2.12e-008,-0.000423098
2.13e-008,-0.000455644
2.14e-008,-0.000445366
2.15e-008,-0.000467634
2.16e-008,-0.000493329
2.17e-008,-0.000498468
2.18e-008,-0.000503606
2.19e-008,-0.00048819
2.2e-008,-0.000455644
2.21e-008,-0.000423098
2.22e-008,-0.000373422
2.23e-008,-0.000304905
2.24e-008,-0.000256942
2.25e-008,-0.000188424
2.26e-008,-0.000114767
2.27e-008,-5.31014e-005
2.28e-008,-1.88424e-005
2.29e-008,-1.37036e-005
2.3e-008,1.71295e-006
2.31e-008,1.71295e-005
2.32e-008,3.0833e-005
2.33e-008,3.2546e-005
2.34e-008,2.74071e-005
2.35e-008,-1.02777e-005
2.36e-008,-6.68049e-005
2.37e-008,-0.00011648
2.38e-008,-0.000149026
2.39e-008,-0.000123332
2.4e-008,-5.31014e-005
2.41e-008,1.71295e-005
2.42e-008,8.22214e-005
2.43e-008,0.000164443
2.44e-008,0.000232961
2.45e-008,0.000292914
2.46e-008,0.000369997
2.47e-008,0.00040083
2.48e-008,0.000417959
2.49e-008,0.000416246
2.5e-008,0.000364858
2.51e-008,0.000368284
2.52e-008,0.000363145
2.53e-008,0.000417959
2.54e-008,0.000484764
2.55e-008,0.000566985
2.56e-008,0.000609809
2.57e-008,0.00063379
2.58e-008,0.000649207
2.59e-008,0.000623513
2.6e-008,0.000599531
2.61e-008,0.000572124
2.62e-008,0.000558421
2.63e-008,0.000495042
2.64e-008,0.00047106
2.65e-008,0.000460783
2.66e-008,0.000436801
2.67e-008,0.000417959
2.68e-008,0.000426524
2.69e-008,0.000402543
2.7e-008,0.000411107
2.71e-008,0.000426524
2.72e-008,0.000443653
2.73e-008,0.000435089
2.74e-008,0.000404255
2.75e-008,0.000347728
2.76e-008,0.000246664
2.77e-008,0.000138749
2.78e-008,4.79625e-005
2.79e-008,-2.39813e-005
2.8e-008,-6.5092e-005
2.81e-008,-0.000119906
2.82e-008,-0.000167869
2.83e-008,-0.00016273
2.84e-008,-0.000150739
2.85e-008,-0.000130184
2.86e-008,-0.000118193
2.87e-008,-0.000149026
2.88e-008,-0.000176434
2.89e-008,-0.000234674
2.9e-008,-0.000286062
2.91e-008,-0.000291201
2.92e-008,-0.000270646
2.93e-008,-0.000229535
2.94e-008,-0.000224396
2.95e-008,-0.000251803
2.96e-008,-0.000311756
2.97e-008,-0.000419672
2.98e-008,-0.000531014
2.99e-008,-0.000642355
3e-008,-0.000726289
3.01e-008,-0.000777678
3.02e-008,-0.000810224
3.03e-008,-0.000801659
3.04e-008,-0.00075541
3.05e-008,-0.000719438
3.06e-008,-0.000674901
3.07e-008,-0.0006218
3.08e-008,-0.000616661
3.09e-008,-0.000640642
3.1e-008,-0.000647494
3.11e-008,-0.000707447
3.12e-008,-0.000719438
3.13e-008,-0.000697169
3.14e-008,-0.000688605
3.15e-008,-0.000671475
3.16e-008,-0.000678327
3.17e-008,-0.000734854
3.18e-008,-0.000793094
3.19e-008,-0.000889019
3.2e-008,-0.000972954
3.21e-008,-0.00103805
3.22e-008,-0.00109286
3.23e-008,-0.00113397
3.24e-008,-0.00115453
3.25e-008,-0.0011905
3.26e-008,-0.0011905
3.27e-008,-0.00117679
3.28e-008,-0.00117508
3.29e-008,-0.00122133
3.3e-008,-0.00127443
3.31e-008,-0.00135665
3.32e-008,-0.00139434
3.33e-008,-0.00139091
3.34e-008,-0.00137378
3.35e-008,-0.00134124
3.36e-008,-0.00133096
3.37e-008,-0.00138406
3.38e-008,-0.00144059
3.39e-008,-0.00150225
3.4e-008,-0.00157249
3.41e-008,-0.00156392
3.42e-008,-0.00154679
3.43e-008,-0.0015485
3.44e-008,-0.00158961
3.45e-008,-0.00162387
3.46e-008,-0.0016273
3.47e-008,-0.00160674
3.48e-008,-0.00157762
3.49e-008,-0.00153651
3.5e-008,-0.00154337
3.51e-008,-0.00160846
3.52e-008,-0.00171466
3.53e-008,-0.00187568
3.54e-008,-0.002011
3.55e-008,-0.00209665
3.56e-008,-0.00216688
3.57e-008,-0.00220114
3.58e-008,-0.00227479
3.59e-008,-0.00231248
3.6e-008,-0.00232104
3.61e-008,-0.0023022
3.62e-008,-0.00226794
3.63e-008,-0.00219257
3.64e-008,-0.00213262
3.65e-008,-0.00214461
3.66e-008,-0.00216345
3.67e-008,-0.00225938
3.68e-008,-0.00237928
3.69e-008,-0.00246664
3.7e-008,-0.00252831
3.71e-008,-0.0025934
3.72e-008,-0.00264136
3.73e-008,-0.00267562
3.74e-008,-0.00270988
3.75e-008,-0.00273386
3.76e-008,-0.00274757
3.77e-008,-0.00278183
3.78e-008,-0.00279382
3.79e-008,-0.00282979
3.8e-008,-0.00286576
3.81e-008,-0.00291201
3.82e-008,-0.00295312
3.83e-008,-0.00296854
3.84e-008,-0.00297025
3.85e-008,-0.00294798
3.86e-008,-0.00294969
3.87e-008,-0.0029771
3.88e-008,-0.0030165
3.89e-008,-0.0030833
3.9e-008,-0.00312955
3.91e-008,-0.00317752
3.92e-008,-0.00321006
3.93e-008,-0.00325117
3.94e-008,-0.00333853
3.95e-008,-0.00343788
3.96e-008,-0.0035321
3.97e-008,-0.0035852
3.98e-008,-0.00359376
3.99e-008,-0.00354751
4e-008,-0.00349955
4.01e-008,-0.00345501
4.02e-008,-0.00344474
4.03e-008,-0.00346187
4.04e-008,-0.00347557
4.05e-008,-0.00347043
4.06e-008,-0.003479
4.07e-008,-0.00349784
4.08e-008,-0.00348071
4.09e-008,-0.00350812
4.1e-008,-0.00350983
4.11e-008,-0.00348242
4.12e-008,-0.00347043
4.13e-008,-0.00346358
4.14e-008,-0.00346529
4.15e-008,-0.00346872
4.16e-008,-0.003479
4.17e-008,-0.00348585
4.18e-008,-0.00349612
4.19e-008,-0.0035064
4.2e-008,-0.00349955
4.21e-008,-0.00350469
4.22e-008,-0.00352182
4.23e-008,-0.0035458
4.24e-008,-0.00354409
4.25e-008,-0.00353724
4.26e-008,-0.00350469
4.27e-008,-0.003467
4.28e-008,-0.00343446
4.29e-008,-0.00342418
4.3e-008,-0.00348756
4.31e-008,-0.00356122
4.32e-008,-0.00365714
4.33e-008,-0.0037051
4.34e-008,-0.00371367
4.35e-008,-0.00370168
4.36e-008,-0.00366913
4.37e-008,-0.00363659
4.38e-008,-0.00364344
4.39e-008,-0.00364515
4.4e-008,-0.00368455
4.41e-008,-0.00369311
4.42e-008,-0.00367598
4.43e-008,-0.00367941
4.44e-008,-0.00366228
4.45e-008,-0.00364858
4.46e-008,-0.00366228
4.47e-008,-0.00366742
4.48e-008,-0.00371024
4.49e-008,-0.00374279
4.5e-008,-0.00376848
4.51e-008,-0.00382672
4.52e-008,-0.00389867
4.53e-008,-0.00393293
4.54e-008,-0.00394834
4.55e-008,-0.00392779
4.56e-008,-0.00388496
4.57e-008,-0.00383186
4.58e-008,-0.00380617
4.59e-008,-0.0037702
4.6e-008,-0.0037839
4.61e-008,-0.00383358
4.62e-008,-0.00388325
4.63e-008,-0.00390209
4.64e-008,-0.00389353
4.65e-008,-0.00384899
4.66e-008,-0.00378904
4.67e-008,-0.0037445
4.68e-008,-0.00370853
4.69e-008,-0.00372052
4.7e-008,-0.00374108
4.71e-008,-0.00374964
4.72e-008,-0.00373594
4.73e-008,-0.00371196
4.74e-008,-0.00369825
4.75e-008,-0.00366057
4.76e-008,-0.00364686
4.77e-008,-0.00361946
4.78e-008,-0.00361774
4.79e-008,-0.00360575
4.8e-008,-0.00359719
4.81e-008,-0.00358862
4.82e-008,-0.00358348
4.83e-008,-0.00356293
4.84e-008,-0.00354409
4.85e-008,-0.00347728
4.86e-008,-0.00340363
4.87e-008,-0.0033077
4.88e-008,-0.00323747
4.89e-008,-0.00319807
4.9e-008,-0.00318951
4.91e-008,-0.00321863
4.92e-008,-0.00326659
4.93e-008,-0.00328029
4.94e-008,-0.00325289
4.95e-008,-0.00313983
4.96e-008,-0.00302506
4.97e-008,-0.00289488
4.98e-008,-0.00278183
4.99e-008,-0.00270474
5e-008,-0.00265678
5.01e-008,-0.0026465
5.02e-008,-0.0026465
5.03e-008,-0.00265507
5.04e-008,-0.00262937
5.05e-008,-0.0025797
5.06e-008,-0.00254373
5.07e-008,-0.00251974
5.08e-008,-0.00251974
5.09e-008,-0.00253859
5.1e-008,-0.0025403
5.11e-008,-0.00251118
5.12e-008,-0.00248549
5.13e-008,-0.00240669
5.14e-008,-0.00230905
5.15e-008,-0.00222169
5.16e-008,-0.0021429
5.17e-008,-0.00210007
5.18e-008,-0.00205382
5.19e-008,-0.00200415
5.2e-008,-0.00196646
5.21e-008,-0.00193563
5.22e-008,-0.00186197
5.23e-008,-0.00181401
5.24e-008,-0.00180373
5.25e-008,-0.0017592
5.26e-008,-0.0017335
5.27e-008,-0.0016804
5.28e-008,-0.0016136
5.29e-008,-0.00156906
5.3e-008,-0.00150225
5.31e-008,-0.00144401
5.32e-008,-0.00143545
5.33e-008,-0.00143031
5.34e-008,-0.00140462
5.35e-008,-0.00134124
5.36e-008,-0.00127957
5.37e-008,-0.00120591
5.38e-008,-0.00115967
5.39e-008,-0.00108258
5.4e-008,-0.00104147
5.41e-008,-0.000996935
5.42e-008,-0.000955824
5.43e-008,-0.000895871
5.44e-008,-0.00081365
5.45e-008,-0.000763974
5.46e-008,-0.000710873
5.47e-008,-0.000659485
5.48e-008,-0.000599531
5.49e-008,-0.000536152
5.5e-008,-0.000503606
5.51e-008,-0.000467634
5.52e-008,-0.000465922
5.53e-008,-0.000465922
5.54e-008,-0.000484764
5.55e-008,-0.000464209
5.56e-008,-0.000417959
5.57e-008,-0.000356293
5.58e-008,-0.000298053
5.59e-008,-0.000292914
5.6e-008,-0.00026722
5.61e-008,-0.000232961
5.62e-008,-0.000190137
5.63e-008,-0.000128471
5.64e-008,-4.28237e-005
5.65e-008,2.56942e-005
5.66e-008,9.07862e-005
5.67e-008,0.000106203
5.68e-008,0.000102777
5.69e-008,0.000107916
5.7e-008,0.000155878
5.71e-008,0.000229535
5.72e-008,0.000316895
5.73e-008,0.000419672
5.74e-008,0.00050018
5.75e-008,0.00057555
5.76e-008,0.000642355
5.77e-008,0.000736567
5.78e-008,0.000805085
5.79e-008,0.000861612
5.8e-008,0.000892445
5.81e-008,0.000921565
5.82e-008,0.000935269
5.83e-008,0.000955824
5.84e-008,0.000971241
5.85e-008,0.00106717
5.86e-008,0.00113397
5.87e-008,0.00124531
5.88e-008,0.00134809
5.89e-008,0.0014423
5.9e-008,0.00155193
5.91e-008,0.00160332
5.92e-008,0.00164272
5.93e-008,0.00167355
5.94e-008,0.00169924
5.95e-008,0.00174378
5.96e-008,0.00182086
5.97e-008,0.00193563
5.98e-008,0.00200586
5.99e-008,0.00205211
6e-008,0.00204183
6.01e-008,0.00200929
6.02e-008,0.00197674
6.03e-008,0.00199387
6.04e-008,0.00203155
6.05e-008,0.00210692
6.06e-008,0.00219257
6.07e-008,0.00225081
6.08e-008,0.00227822
6.09e-008,0.0022885
6.1e-008,0.00232447
6.11e-008,0.00231419
6.12e-008,0.00233303
6.13e-008,0.00233646
6.14e-008,0.0023416
6.15e-008,0.00233989
6.16e-008,0.0023416
6.17e-008,0.00236558
6.18e-008,0.00241183
6.19e-008,0.00244951
6.2e-008,0.00250433
6.21e-008,0.0025403
6.22e-008,0.00253002
6.23e-008,0.00254886
6.24e-008,0.00254886
6.25e-008,0.00257627
6.26e-008,0.00257627
6.27e-008,0.00258655
6.28e-008,0.00257456
6.29e-008,0.00256942
6.3e-008,0.00255743
6.31e-008,0.00254544
6.32e-008,0.00254373
6.33e-008,0.00255743
6.34e-008,0.00257113
6.35e-008,0.00254886
6.36e-008,0.00254373
6.37e-008,0.00250775
6.38e-008,0.00249748
6.39e-008,0.0024615
6.4e-008,0.00242382
6.41e-008,0.00238956
6.42e-008,0.002381
6.43e-008,0.00240498
6.44e-008,0.00241868
6.45e-008,0.0024735
6.46e-008,0.00250775
6.47e-008,0.00251974
6.48e-008,0.00250262
6.49e-008,0.00245123
6.5e-008,0.0023947
6.51e-008,0.00233646
6.52e-008,0.00227308
6.53e-008,0.00223711
6.54e-008,0.00221313
6.55e-008,0.00221827
6.56e-008,0.00224739
6.57e-008,0.00229706
6.58e-008,0.00233817
6.59e-008,0.00235016
6.6e-008,0.00231077
6.61e-008,0.00225938
6.62e-008,0.00216516
6.63e-008,0.00211035
6.64e-008,0.00204868
6.65e-008,0.00200757
6.66e-008,0.00197845
6.67e-008,0.00196818
6.68e-008,0.00195961
6.69e-008,0.00197674
6.7e-008,0.00200586
6.71e-008,0.00205211
6.72e-008,0.00207267
6.73e-008,0.00210007
6.74e-008,0.00212919
6.75e-008,0.00212234
6.76e-008,0.00206068
6.77e-008,0.00197503
6.78e-008,0.00189109
6.79e-008,0.00184313
6.8e-008,0.0018123
6.81e-008,0.00176091
6.82e-008,0.00173179
6.83e-008,0.00170267
6.84e-008,0.00167012
6.85e-008,0.00158961
6.86e-008,0.00149883
6.87e-008,0.00142346
6.88e-008,0.00135494
6.89e-008,0.0012967
6.9e-008,0.00126415
6.91e-008,0.00126244
6.92e-008,0.00126244
6.93e-008,0.00128471
6.94e-008,0.00128471
6.95e-008,0.00126073
6.96e-008,0.00123332
6.97e-008,0.00117508
6.98e-008,0.00112541
6.99e-008,0.00103633
7e-008,0.000926704
7.01e-008,0.00084277
7.02e-008,0.000731428
7.03e-008,0.000664623
7.04e-008,0.000596106
7.05e-008,0.000572124
7.06e-008,0.000541291
7.07e-008,0.000532726
7.08e-008,0.000507032
7.09e-008,0.00044194
7.1e-008,0.000373422
7.11e-008,0.00027921
7.12e-008,0.000203841
7.13e-008,0.000126758
7.14e-008,9.07862e-005
7.15e-008,7.70826e-005
7.16e-008,5.13884e-005
7.17e-008,2.22683e-005
7.18e-008,-3.42589e-005
7.19e-008,-0.000107916
7.2e-008,-0.000167869
7.21e-008,-0.000234674
7.22e-008,-0.000280923
7.23e-008,-0.00027921
7.24e-008,-0.000244951
7.25e-008,-0.000202128
7.26e-008,-0.000171295
7.27e-008,-0.000205554
7.28e-008,-0.000286062
7.29e-008,-0.000393978
7.3e-008,-0.000491616
7.31e-008,-0.000539578
7.32e-008,-0.000587541
7.33e-008,-0.000585828
7.34e-008,-0.000616661
7.35e-008,-0.000669762
7.36e-008,-0.000719438
7.37e-008,-0.000779391
7.38e-008,-0.000844483
7.39e-008,-0.000861612
7.4e-008,-0.000835918
7.41e-008,-0.000846196
7.42e-008,-0.000835918
7.43e-008,-0.000856473
7.44e-008,-0.000856473
7.45e-008,-0.000841057
7.46e-008,-0.000846196
7.47e-008,-0.000801659
7.48e-008,-0.000786243
7.49e-008,-0.00075541
7.5e-008,-0.000741706
7.51e-008,-0.000760548
7.52e-008,-0.000758835
7.53e-008,-0.000789669
7.54e-008,-0.000805085
7.55e-008,-0.000832492
7.56e-008,-0.000861612
7.57e-008,-0.000890732
7.58e-008,-0.000919852
7.59e-008,-0.000935269
7.6e-008,-0.000919852
7.61e-008,-0.000883881
7.62e-008,-0.000856473
7.63e-008,-0.000849622
7.64e-008,-0.000863325
7.65e-008,-0.000870177
7.66e-008,-0.00087189
7.67e-008,-0.000827353
7.68e-008,-0.00075541
7.69e-008,-0.000669762
7.7e-008,-0.000630364
7.71e-008,-0.000587541
7.72e-008,-0.000578976
7.73e-008,-0.000626939
7.74e-008,-0.000690318
7.75e-008,-0.000745132
7.76e-008,-0.00078453
7.77e-008,-0.000791381
7.78e-008,-0.000770826
7.79e-008,-0.000734854
7.8e-008,-0.000661197
7.81e-008,-0.000554995
7.82e-008,-0.00048819
7.83e-008,-0.000402543
7.84e-008,-0.000339163
7.85e-008,-0.000286062
7.86e-008,-0.00026722
7.87e-008,-0.000255229
7.88e-008,-0.000256942
7.89e-008,-0.00025009
7.9e-008,-0.000236387
7.91e-008,-0.000181572
7.92e-008,-9.24991e-005
7.93e-008,-3.42589e-006
7.94e-008,7.36567e-005
7.95e-008,0.000143888
7.96e-008,0.000174721
7.97e-008,0.000169582
7.98e-008,0.00013361
7.99e-008,7.53697e-005
8e-008,2.91201e-005
8.01e-008,-1.02777e-005
8.02e-008,-8.56473e-006
8.03e-008,1.19906e-005
8.04e-008,6.68049e-005
8.05e-008,0.000126758
8.06e-008,0.000161017
8.07e-008,0.000186711
8.08e-008,0.000181572
8.09e-008,0.000200415
8.1e-008,0.000219257
8.11e-008,0.000270646
8.12e-008,0.000334025
8.13e-008,0.000423098
8.14e-008,0.000498468
8.15e-008,0.000536152
8.16e-008,0.000578976
8.17e-008,0.000611522
8.18e-008,0.000657772
8.19e-008,0.000731428
8.2e-008,0.000805085
8.21e-008,0.000880455
8.22e-008,0.000964389
8.23e-008,0.00100379
8.24e-008,0.00104318
8.25e-008,0.00107573
8.26e-008,0.00111855
8.27e-008,0.00117508
8.28e-008,0.00122476
8.29e-008,0.00129499
8.3e-008,0.00136351
8.31e-008,0.00143888
8.32e-008,0.00150568
8.33e-008,0.00159304
8.34e-008,0.00167869
8.35e-008,0.00174378
8.36e-008,0.00180887
8.37e-008,0.00185855
8.38e-008,0.00190994
8.39e-008,0.00195619
8.4e-008,0.0019716
8.41e-008,0.00200243
8.42e-008,0.00206239
8.43e-008,0.00212577
8.44e-008,0.00217887
8.45e-008,0.0022354
8.46e-008,0.00228336
8.47e-008,0.00234502
8.48e-008,0.00242211
8.49e-008,0.00251118
8.5e-008,0.00260539
8.51e-008,0.00264993
8.52e-008,0.00271502
8.53e-008,0.00275271
8.54e-008,0.00281608
8.55e-008,0.00290344
8.56e-008,0.00298395
8.57e-008,0.0030559
8.58e-008,0.00309358
8.59e-008,0.00314154
8.6e-008,0.00315867
8.61e-008,0.00314497
8.62e-008,0.00315867
8.63e-008,0.00320321
8.64e-008,0.00328372
8.65e-008,0.00337793
8.66e-008,0.00348413
8.67e-008,0.00361089
8.68e-008,0.00371024
8.69e-008,0.00378047
8.7e-008,0.0038507
8.71e-008,0.00390038
8.72e-008,0.00395691
8.73e-008,0.00404941
8.74e-008,0.00414362
8.75e-008,0.00421899
8.76e-008,0.00429093
8.77e-008,0.00436973
8.78e-008,0.00442625
8.79e-008,0.0044588
8.8e-008,0.00451704
8.81e-008,0.00455644
8.82e-008,0.00459584
8.83e-008,0.00464037
8.84e-008,0.00467977
8.85e-008,0.00474144
8.86e-008,0.00479968
8.87e-008,0.00487676
8.88e-008,0.00495556
8.89e-008,0.00503092
8.9e-008,0.00508574
8.91e-008,0.00513028
8.92e-008,0.00515768
8.93e-008,0.00520736
8.94e-008,0.00527416
8.95e-008,0.00538037
8.96e-008,0.00547458
8.97e-008,0.00560819
8.98e-008,0.00569897
8.99e-008,0.00576407
9e-008,0.00581545
9.01e-008,0.00580518
9.02e-008,0.00580689
9.03e-008,0.00578805
9.04e-008,0.00579833
9.05e-008,0.00579661
9.06e-008,0.0058343
9.07e-008,0.0059011
9.08e-008,0.00597133
9.09e-008,0.00604328
9.1e-008,0.00610666
9.11e-008,0.00614434
9.12e-008,0.00617003
9.13e-008,0.00616147
9.14e-008,0.00616661
9.15e-008,0.00618545
9.16e-008,0.00622142
9.17e-008,0.00632077
9.18e-008,0.00642698
9.19e-008,0.00651948
9.2e-008,0.00657943
9.21e-008,0.00657772
9.22e-008,0.00652461
9.23e-008,0.00644753
9.24e-008,0.00637216
9.25e-008,0.00634476
9.26e-008,0.00636702
9.27e-008,0.00643383
9.28e-008,0.00654003
9.29e-008,0.00664966
9.3e-008,0.006761
9.31e-008,0.0068398
9.32e-008,0.00687748
9.33e-008,0.00687919
9.34e-008,0.00685864
9.35e-008,0.00686549
9.36e-008,0.00689461
9.37e-008,0.00692716
9.38e-008,0.00698368
9.39e-008,0.00701966
9.4e-008,0.00703507
9.41e-008,0.00695628
9.42e-008,0.00686378
9.43e-008,0.00677813
9.44e-008,0.00670961
9.45e-008,0.00671304
9.46e-008,0.00677813
9.47e-008,0.00690318
9.48e-008,0.00705392
9.49e-008,0.00718067
9.5e-008,0.00724234
9.51e-008,0.00721836
9.52e-008,0.00717382
9.53e-008,0.00709503
9.54e-008,0.00703507
9.55e-008,0.00700253
9.56e-008,0.00703165
9.57e-008,0.00709503
9.58e-008,0.00716354
9.59e-008,0.00718753
9.6e-008,0.00720294
9.61e-008,0.0071704
9.62e-008,0.00714128
9.63e-008,0.00711729
9.64e-008,0.00711216
9.65e-008,0.00712243
9.66e-008,0.00715327
9.67e-008,0.0071584
9.68e-008,0.0071704
9.69e-008,0.00714813
9.7e-008,0.00712415
9.71e-008,0.00709674
9.72e-008,0.00702651
9.73e-008,0.00694771
9.74e-008,0.00689632
9.75e-008,0.00681753
9.76e-008,0.00679697
9.77e-008,0.00684151
9.78e-008,0.00688262
9.79e-008,0.00692887
9.8e-008,0.00697341
9.81e-008,0.00696655
9.82e-008,0.0069323
9.83e-008,0.00689119
9.84e-008,0.00684836
9.85e-008,0.00682609
9.86e-008,0.00683637
9.87e-008,0.0068535
9.88e-008,0.00686207
9.89e-008,0.00686892
9.9e-008,0.00685864
9.91e-008,0.00682095
9.92e-008,0.0067747
9.93e-008,0.00673017
9.94e-008,0.00667364
9.95e-008,0.00662397
9.96e-008,0.00657429
9.97e-008,0.00653147
9.98e-008,0.00650577
9.99e-008,0.00650577
1e-007,0.00651605
1.001e-007,0.0065486
1.002e-007,0.00658799
1.003e-007,0.00659485
1.004e-007,0.00659998
1.005e-007,0.0065623
1.006e-007,0.00651434
1.007e-007,0.00646124
1.008e-007,0.0064561
1.009e-007,0.00644924
1.01e-007,0.00649207
1.011e-007,0.00650577
1.012e-007,0.00649378
1.013e-007,0.00648864
1.014e-007,0.00643897
1.015e-007,0.00639443
1.016e-007,0.00639272
1.017e-007,0.00638073
1.018e-007,0.00638587
1.019e-007,0.00638587
1.02e-007,0.0063636
1.021e-007,0.00634989
1.022e-007,0.00634133
1.023e-007,0.00628994
1.024e-007,0.00624712
1.025e-007,0.00624883
1.026e-007,0.00623855
1.027e-007,0.00624712
1.028e-007,0.00622827
1.029e-007,0.00621628
1.03e-007,0.00619573
1.031e-007,0.00612207
1.032e-007,0.0060467
1.033e-007,0.00599189
1.034e-007,0.00594735
1.035e-007,0.00593536
1.036e-007,0.00593194
1.037e-007,0.00590795
1.038e-007,0.0059268
1.039e-007,0.00591138
1.04e-007,0.00590281
1.041e-007,0.00589596
1.042e-007,0.0058874
1.043e-007,0.00589082
1.044e-007,0.00585485
1.045e-007,0.00578976
1.046e-007,0.00568013
1.047e-007,0.00556023
1.048e-007,0.00546601
1.049e-007,0.00537351
1.05e-007,0.00532213
1.051e-007,0.005305
1.052e-007,0.00527245
1.053e-007,0.00520736
1.054e-007,0.00516111
1.055e-007,0.00511657
1.056e-007,0.00508231
1.057e-007,0.00506176
1.058e-007,0.00506518
1.059e-007,0.00502407
1.06e-007,0.00493671
1.061e-007,0.00483565
1.062e-007,0.00472773
1.063e-007,0.00464551
1.064e-007,0.00457871
1.065e-007,0.00455301
1.066e-007,0.00452389
1.067e-007,0.00450162
1.068e-007,0.0044451
1.069e-007,0.00438343
1.07e-007,0.00434917
1.071e-007,0.00430806
1.072e-007,0.00426352
1.073e-007,0.00421042
1.074e-007,0.00411621
1.075e-007,0.00399802
1.076e-007,0.0038764
1.077e-007,0.00373594
1.078e-007,0.00360404
1.079e-007,0.00349441
1.08e-007,0.0034396
1.081e-007,0.00337793
1.082e-007,0.00333682
1.083e-007,0.00325974
1.084e-007,0.00322377
1.085e-007,0.00314668
1.086e-007,0.00310557
1.087e-007,0.00307817
1.088e-007,0.00304562
1.089e-007,0.00301993
1.09e-007,0.00299766
1.091e-007,0.00293942
1.092e-007,0.00288803
1.093e-007,0.00280238
1.094e-007,0.00272359
1.095e-007,0.00266192
1.096e-007,0.00257799
1.097e-007,0.00246836
1.098e-007,0.00238271
1.099e-007,0.00232447
1.1e-007,0.00225253
1.101e-007,0.0022097
1.102e-007,0.00215831
1.103e-007,0.00207952
1.104e-007,0.00202299
1.105e-007,0.00194591
1.106e-007,0.0018397
1.107e-007,0.00172494
1.108e-007,0.00164443
1.109e-007,0.00155193
1.11e-007,0.00148341
1.111e-007,0.00143888
1.112e-007,0.00143202
1.113e-007,0.00143374
1.114e-007,0.00141147
1.115e-007,0.00134124
1.116e-007,0.00127786
1.117e-007,0.00118193
1.118e-007,0.00109457
1.119e-007,0.00103633
1.12e-007,0.00102092
1.121e-007,0.00100893
1.122e-007,0.00100207
1.123e-007,0.000957537
1.124e-007,0.000882168
1.125e-007,0.00078453
1.126e-007,0.000712586
1.127e-007,0.000635503
1.128e-007,0.000551569
1.129e-007,0.000481338
1.13e-007,0.0003837
1.131e-007,0.000270646
1.132e-007,0.000167869
1.133e-007,9.42121e-005
1.134e-007,6.85179e-005
1.135e-007,3.2546e-005
1.136e-007,5.13884e-006
1.137e-007,-3.76848e-005
1.138e-007,-0.00010449
1.139e-007,-0.000190137
1.14e-007,-0.000286062
1.141e-007,-0.00035458
1.142e-007,-0.000399117
1.143e-007,-0.000421385
1.144e-007,-0.000397404
1.145e-007,-0.00040083
1.146e-007,-0.000405968
1.147e-007,-0.000397404
1.148e-007,-0.000452218
1.149e-007,-0.000539578
1.15e-007,-0.000635503
1.151e-007,-0.000748558
1.152e-007,-0.000822214
1.153e-007,-0.000880455
1.154e-007,-0.000875316
1.155e-007,-0.000865038
1.156e-007,-0.000856473
1.157e-007,-0.000875316
1.158e-007,-0.000883881
1.159e-007,-0.000933556
1.16e-007,-0.00100379
1.161e-007,-0.00106545
1.162e-007,-0.00110485
1.163e-007,-0.00115281
1.164e-007,-0.00121962
1.165e-007,-0.0012967
1.166e-007,-0.00136864
1.167e-007,-0.00142688
1.168e-007,-0.00147999
1.169e-007,-0.00151596
1.17e-007,-0.00156392
1.171e-007,-0.00160332
1.172e-007,-0.00163244
1.173e-007,-0.00165813
1.174e-007,-0.00165128
1.175e-007,-0.00163244
1.176e-007,-0.00161702
1.177e-007,-0.0016136
1.178e-007,-0.001641
1.179e-007,-0.00170438
1.18e-007,-0.00179859
1.181e-007,-0.0018654
1.182e-007,-0.00195961
1.183e-007,-0.00204183
1.184e-007,-0.00211035
1.185e-007,-0.00213433
1.186e-007,-0.00216345
1.187e-007,-0.00215489
1.188e-007,-0.00212063
1.189e-007,-0.00207952
1.19e-007,-0.00204012
1.191e-007,-0.002011
1.192e-007,-0.00201614
1.193e-007,-0.00206753
1.194e-007,-0.00209665
1.195e-007,-0.00213947
1.196e-007,-0.00214632
1.197e-007,-0.00211549
1.198e-007,-0.00207267
1.199e-007,-0.00203669
1.2e-007,-0.00205211
1.201e-007,-0.00210007
1.202e-007,-0.00218229
1.203e-007,-0.00227137
1.204e-007,-0.00235016
1.205e-007,-0.00241697
1.206e-007,-0.00242553
1.207e-007,-0.00241012
1.208e-007,-0.00237928
1.209e-007,-0.00233132
1.21e-007,-0.00228678
1.211e-007,-0.00225253
1.212e-007,-0.00226965
1.213e-007,-0.00230905
1.214e-007,-0.00235188
1.215e-007,-0.00235359
1.216e-007,-0.00236558
1.217e-007,-0.00239813
1.218e-007,-0.00242553
1.219e-007,-0.00245637
1.22e-007,-0.0025009
1.221e-007,-0.002554
1.222e-007,-0.00257456
1.223e-007,-0.00257799
1.224e-007,-0.00259169
1.225e-007,-0.00263794
1.226e-007,-0.00270646
1.227e-007,-0.00276298
1.228e-007,-0.00279553
1.229e-007,-0.00283321
1.23e-007,-0.00283835
1.231e-007,-0.00279553
1.232e-007,-0.00272701
1.233e-007,-0.00267905
1.234e-007,-0.00265849
1.235e-007,-0.00265678
1.236e-007,-0.00268933
1.237e-007,-0.00276641
1.238e-007,-0.00281437
1.239e-007,-0.00282122
1.24e-007,-0.00284007
1.241e-007,-0.00283321
1.242e-007,-0.00285034
1.243e-007,-0.00290002
1.244e-007,-0.00294456
1.245e-007,-0.00298738
1.246e-007,-0.00299937
1.247e-007,-0.00294969
1.248e-007,-0.00286405
1.249e-007,-0.00275442
1.25e-007,-0.00269104
1.251e-007,-0.00265507
1.252e-007,-0.00266535
1.253e-007,-0.00270646
1.254e-007,-0.00273215
1.255e-007,-0.00274414
1.256e-007,-0.00273215
1.257e-007,-0.00270817
1.258e-007,-0.00270817
1.259e-007,-0.00270303
1.26e-007,-0.00266363
1.261e-007,-0.00264479
1.262e-007,-0.00261738
1.263e-007,-0.00257799
1.264e-007,-0.00255743
1.265e-007,-0.00257799
1.266e-007,-0.00257285
1.267e-007,-0.0025797
1.268e-007,-0.002554
1.269e-007,-0.00250775
1.27e-007,-0.00245294
1.271e-007,-0.00242039
1.272e-007,-0.00241526
1.273e-007,-0.00241012
1.274e-007,-0.00242725
1.275e-007,-0.0024341
1.276e-007,-0.00242725
1.277e-007,-0.00241012
1.278e-007,-0.00237928
1.279e-007,-0.00231762
1.28e-007,-0.00224396
1.281e-007,-0.00219771
1.282e-007,-0.00217202
1.283e-007,-0.0021703
1.284e-007,-0.00217887
1.285e-007,-0.00220456
1.286e-007,-0.00223711
1.287e-007,-0.00227137
1.288e-007,-0.00228678
1.289e-007,-0.00231419
1.29e-007,-0.00234845
1.291e-007,-0.00233475
1.292e-007,-0.00226623
1.293e-007,-0.00215831
1.294e-007,-0.00207952
1.295e-007,-0.0020247
1.296e-007,-0.00201614
1.297e-007,-0.00201956
1.298e-007,-0.00206581
1.299e-007,-0.00212234
1.3e-007,-0.00212063
1.301e-007,-0.00210179
1.302e-007,-0.0020778
1.303e-007,-0.00202128
1.304e-007,-0.00201443
1.305e-007,-0.00204868
1.306e-007,-0.00211035
1.307e-007,-0.00221313
1.308e-007,-0.00227651
1.309e-007,-0.00231419
1.31e-007,-0.00233132
1.311e-007,-0.00231248
1.312e-007,-0.00227993
1.313e-007,-0.00225766
1.314e-007,-0.00223711
1.315e-007,-0.00222854
1.316e-007,-0.00221827
1.317e-007,-0.00222683
1.318e-007,-0.00227308
1.319e-007,-0.00232104
1.32e-007,-0.00233475
1.321e-007,-0.00235873
1.322e-007,-0.00234502
1.323e-007,-0.00233646
1.324e-007,-0.00234502
1.325e-007,-0.00238613
1.326e-007,-0.0024478
1.327e-007,-0.00251461
1.328e-007,-0.00255743
1.329e-007,-0.00255572
1.33e-007,-0.00255914
1.331e-007,-0.00254715
1.332e-007,-0.00256086
1.333e-007,-0.00256086
1.334e-007,-0.00256599
1.335e-007,-0.00255229
1.336e-007,-0.00254201
1.337e-007,-0.00253174
1.338e-007,-0.00251803
1.339e-007,-0.00254373
1.34e-007,-0.00257285
1.341e-007,-0.00262937
1.342e-007,-0.00266192
1.343e-007,-0.00267905
1.344e-007,-0.00266021
1.345e-007,-0.00262595
1.346e-007,-0.00265507
1.347e-007,-0.00268247
1.348e-007,-0.00273044
1.349e-007,-0.00279724
1.35e-007,-0.0028709
1.351e-007,-0.00292229
1.352e-007,-0.00299423
1.353e-007,-0.00302164
1.354e-007,-0.00300622
1.355e-007,-0.00301821
1.356e-007,-0.00298567
1.357e-007,-0.00293428
1.358e-007,-0.00291544
1.359e-007,-0.00296511
1.36e-007,-0.00303192
1.361e-007,-0.0031484
1.362e-007,-0.00323062
1.363e-007,-0.00330085
1.364e-007,-0.00335052
1.365e-007,-0.00331969
1.366e-007,-0.00327858
1.367e-007,-0.00322377
1.368e-007,-0.00318951
1.369e-007,-0.00318437
1.37e-007,-0.00322034
1.371e-007,-0.00325117
1.372e-007,-0.00325117
1.373e-007,-0.00324603
1.374e-007,-0.00323747
1.375e-007,-0.00323576
1.376e-007,-0.00325631
1.377e-007,-0.00327344
1.378e-007,-0.00331113
1.379e-007,-0.00334539
1.38e-007,-0.0033471
1.381e-007,-0.00334539
1.382e-007,-0.00333682
1.383e-007,-0.00335909
1.384e-007,-0.00339849
1.385e-007,-0.00347214
1.386e-007,-0.00354751
1.387e-007,-0.0035989
1.388e-007,-0.00362802
1.389e-007,-0.00361946
1.39e-007,-0.0036126
1.391e-007,-0.00358691
1.392e-007,-0.00357321
1.393e-007,-0.00357835
1.394e-007,-0.00359548
1.395e-007,-0.00362973
1.396e-007,-0.00365714
1.397e-007,-0.00367941
1.398e-007,-0.00367598
1.399e-007,-0.00364515
1.4e-007,-0.0036246
1.401e-007,-0.00358862
1.402e-007,-0.00356636
1.403e-007,-0.00357663
1.404e-007,-0.00360747
1.405e-007,-0.00368455
1.406e-007,-0.00377362
1.407e-007,-0.00382158
1.408e-007,-0.00383529
1.409e-007,-0.00384728
1.41e-007,-0.00385584
1.411e-007,-0.00384557
1.412e-007,-0.00385242
1.413e-007,-0.00383358
1.414e-007,-0.00384385
1.415e-007,-0.00381473
1.416e-007,-0.00380788
1.417e-007,-0.00378219
1.418e-007,-0.00379075
1.419e-007,-0.0037702
1.42e-007,-0.00375307
1.421e-007,-0.00373422
1.422e-007,-0.00374621
1.423e-007,-0.00376163
1.424e-007,-0.00377362
1.425e-007,-0.00376163
1.426e-007,-0.00375478
1.427e-007,-0.00372395
1.428e-007,-0.00368797
1.429e-007,-0.00364858
1.43e-007,-0.00360233
1.431e-007,-0.0035989
1.432e-007,-0.00358177
1.433e-007,-0.00359548
1.434e-007,-0.00359034
1.435e-007,-0.00355608
1.436e-007,-0.00352011
1.437e-007,-0.00348242
1.438e-007,-0.00347214
1.439e-007,-0.00348756
1.44e-007,-0.00350298
1.441e-007,-0.00352353
1.442e-007,-0.00349955
1.443e-007,-0.00344645
1.444e-007,-0.0033608
1.445e-007,-0.00328029
1.446e-007,-0.00321863
1.447e-007,-0.00318266
1.448e-007,-0.00316553
1.449e-007,-0.00312099
1.45e-007,-0.003109
1.451e-007,-0.00308159
1.452e-007,-0.00305932
1.453e-007,-0.00303534
1.454e-007,-0.0030165
1.455e-007,-0.00300108
1.456e-007,-0.00297025
1.457e-007,-0.00298053
1.458e-007,-0.00295655
1.459e-007,-0.00294284
1.46e-007,-0.00288118
1.461e-007,-0.00283321
1.462e-007,-0.002739
1.463e-007,-0.00266706
1.464e-007,-0.00261224
1.465e-007,-0.002554
1.466e-007,-0.00249919
1.467e-007,-0.00243924
1.468e-007,-0.00241526
1.469e-007,-0.00240326
1.47e-007,-0.00237072
1.471e-007,-0.00234845
1.472e-007,-0.00232961
1.473e-007,-0.00228507
1.474e-007,-0.00221313
1.475e-007,-0.00217544
1.476e-007,-0.0021566
1.477e-007,-0.00213947
1.478e-007,-0.00214975
1.479e-007,-0.00214804
1.48e-007,-0.00213947
1.481e-007,-0.00209151
1.482e-007,-0.00204526
1.483e-007,-0.0019973
1.484e-007,-0.00195276
1.485e-007,-0.00192021
1.486e-007,-0.00193049
1.487e-007,-0.0019048
1.488e-007,-0.00188595
1.489e-007,-0.00182943
1.49e-007,-0.00173864
1.491e-007,-0.00163586
1.492e-007,-0.0015485
1.493e-007,-0.00147142
1.494e-007,-0.00143716
1.495e-007,-0.0014423
1.496e-007,-0.00145429
1.497e-007,-0.00144059
1.498e-007,-0.00140462
1.499e-007,-0.0013892
1.5e-007,-0.00131554
1.501e-007,-0.00125902
1.502e-007,-0.00119735
1.503e-007,-0.00116652
1.504e-007,-0.00111342
1.505e-007,-0.00107916
1.506e-007,-0.00102948
1.507e-007,-0.000981519
1.508e-007,-0.000895871
1.509e-007,-0.00084277
1.51e-007,-0.000787956
1.511e-007,-0.00075541
1.512e-007,-0.000710873
1.513e-007,-0.000673188
1.514e-007,-0.000637216
1.515e-007,-0.000572124
1.516e-007,-0.000483051
1.517e-007,-0.000390552
1.518e-007,-0.000318608
1.519e-007,-0.000274071
1.52e-007,-0.000239813
1.521e-007,-0.000244951
1.522e-007,-0.000243238
1.523e-007,-0.000232961
1.524e-007,-0.000188424
1.525e-007,-0.000111342
1.526e-007,-5.13884e-005
1.527e-007,6.85179e-006
1.528e-007,6.68049e-005
1.529e-007,9.24991e-005
1.53e-007,0.000135323
1.531e-007,0.000171295
1.532e-007,0.000202128
1.533e-007,0.000246664
1.534e-007,0.000286062
1.535e-007,0.000322034
1.536e-007,0.000361432
1.537e-007,0.000431663
1.538e-007,0.000507032
1.539e-007,0.000553282
1.54e-007,0.000618374
1.541e-007,0.000657772
1.542e-007,0.000705734
1.543e-007,0.000729715
1.544e-007,0.000748558
1.545e-007,0.000791381
1.546e-007,0.000822214
1.547e-007,0.000863325
1.548e-007,0.000907862
1.549e-007,0.000950686
1.55e-007,0.000971241
1.551e-007,0.0010192
1.552e-007,0.00108601
1.553e-007,0.00116652
1.554e-007,0.0012573
1.555e-007,0.00135665
1.556e-007,0.00140976
1.557e-007,0.0014423
1.558e-007,0.00143202
1.559e-007,0.00141489
1.56e-007,0.00140119
1.561e-007,0.00140804
1.562e-007,0.00146286
1.563e-007,0.00149883
1.564e-007,0.00155193
1.565e-007,0.00159989
1.566e-007,0.00162901
1.567e-007,0.00163415
1.568e-007,0.00165128
1.569e-007,0.00166841
1.57e-007,0.00168897
1.571e-007,0.00172494
1.572e-007,0.00179346
1.573e-007,0.00185341
1.574e-007,0.00195619
1.575e-007,0.00204183
1.576e-007,0.00210179
1.577e-007,0.00210521
1.578e-007,0.00211206
1.579e-007,0.00210179
1.58e-007,0.00210864
1.581e-007,0.00212577
1.582e-007,0.00215489
1.583e-007,0.00220628
1.584e-007,0.0022354
1.585e-007,0.00226452
1.586e-007,0.00226965
1.587e-007,0.00227822
1.588e-007,0.00226965
1.589e-007,0.00226794
1.59e-007,0.00224567
1.591e-007,0.00222854
1.592e-007,0.00223026
1.593e-007,0.00225253
1.594e-007,0.00230734
1.595e-007,0.00235701
1.596e-007,0.00242039
1.597e-007,0.0024735
1.598e-007,0.00251461
1.599e-007,0.00249062
1.6e-007,0.00251289
1.601e-007,0.00251632
1.602e-007,0.00251118
1.603e-007,0.00249919
1.604e-007,0.00250604
1.605e-007,0.00252146
1.606e-007,0.00254373
1.607e-007,0.00257627
1.608e-007,0.00260197
1.609e-007,0.00262937
1.61e-007,0.00266192
1.611e-007,0.00267391
1.612e-007,0.00268419
1.613e-007,0.00267734
1.614e-007,0.00265507
1.615e-007,0.00260711
1.616e-007,0.00257285
1.617e-007,0.00255229
1.618e-007,0.00253859
1.619e-007,0.002554
1.62e-007,0.00258141
1.621e-007,0.00260882
1.622e-007,0.00264136
1.623e-007,0.0026722
1.624e-007,0.00268933
1.625e-007,0.00270646
1.626e-007,0.00267734
1.627e-007,0.00264479
1.628e-007,0.00261224
1.629e-007,0.00257285
1.63e-007,0.00253859
1.631e-007,0.00253345
1.632e-007,0.00258655
1.633e-007,0.00265507
1.634e-007,0.002739
1.635e-007,0.00280067
1.636e-007,0.00278696
1.637e-007,0.00277497
1.638e-007,0.00274757
1.639e-007,0.00272701
1.64e-007,0.00273386
1.641e-007,0.00279382
1.642e-007,0.00286233
1.643e-007,0.00287432
1.644e-007,0.00288289
1.645e-007,0.0028452
1.646e-007,0.00283835
1.647e-007,0.00284863
1.648e-007,0.00285206
1.649e-007,0.0028452
1.65e-007,0.00280752
1.651e-007,0.00278183
1.652e-007,0.00271331
1.653e-007,0.00269618
1.654e-007,0.00271673
1.655e-007,0.0027647
1.656e-007,0.00284007
1.657e-007,0.00289317
1.658e-007,0.00289488
1.659e-007,0.00283835
1.66e-007,0.00278525
1.661e-007,0.00273215
1.662e-007,0.0026722
1.663e-007,0.00266363
1.664e-007,0.00265164
1.665e-007,0.00266021
1.666e-007,0.00263451
1.667e-007,0.00260539
1.668e-007,0.00258141
1.669e-007,0.00259683
1.67e-007,0.00260025
1.671e-007,0.00264822
1.672e-007,0.00269275
1.673e-007,0.00268076
1.674e-007,0.00268076
1.675e-007,0.0026722
1.676e-007,0.00263965
1.677e-007,0.00258998
1.678e-007,0.002554
1.679e-007,0.00253345
1.68e-007,0.00251461
1.681e-007,0.00253516
1.682e-007,0.00259683
1.683e-007,0.0026722
1.684e-007,0.00273386
1.685e-007,0.002739
1.686e-007,0.00274243
1.687e-007,0.00269618
1.688e-007,0.00264479
1.689e-007,0.00260025
1.69e-007,0.002554
1.691e-007,0.00249062
1.692e-007,0.00244095
1.693e-007,0.00241183
1.694e-007,0.00242039
1.695e-007,0.00241868
1.696e-007,0.00243581
1.697e-007,0.0024341
1.698e-007,0.00242039
1.699e-007,0.00238785
1.7e-007,0.00235701
1.701e-007,0.00232447
1.702e-007,0.00231248
1.703e-007,0.00232961
1.704e-007,0.0023553
1.705e-007,0.00235701
1.706e-007,0.00236215
1.707e-007,0.00234331
1.708e-007,0.00230905
1.709e-007,0.00223197
1.71e-007,0.00214632
1.711e-007,0.00209322
1.712e-007,0.00204183
1.713e-007,0.00200072
1.714e-007,0.00199044
1.715e-007,0.00198359
1.716e-007,0.00199901
1.717e-007,0.002011
1.718e-007,0.002011
1.719e-007,0.00199901
1.72e-007,0.00198017
1.721e-007,0.00196818
1.722e-007,0.00189623
1.723e-007,0.00183114
1.724e-007,0.00176262
1.725e-007,0.0016941
1.726e-007,0.00164614
1.727e-007,0.00162559
1.728e-007,0.00165813
1.729e-007,0.00171123
1.73e-007,0.00174892
1.731e-007,0.00175063
1.732e-007,0.00171295
1.733e-007,0.00165985
1.734e-007,0.00162387
1.735e-007,0.0015879
1.736e-007,0.00156221
1.737e-007,0.00155536
1.738e-007,0.00152281
1.739e-007,0.00152795
1.74e-007,0.00150568
1.741e-007,0.00147656
1.742e-007,0.00142003
1.743e-007,0.00138749
1.744e-007,0.0013104
1.745e-007,0.00125216
1.746e-007,0.00121791
1.747e-007,0.00122818
1.748e-007,0.00125559
1.749e-007,0.00126758
1.75e-007,0.00125045
1.751e-007,0.00120591
1.752e-007,0.00110999
1.753e-007,0.00103633
1.754e-007,0.000984944
1.755e-007,0.000940408
1.756e-007,0.000942121
