LECROYWM8500,500500138,Waveform
Segments,1,SegmentSize,2002
Segment,TrigTime,TimeSinceSegment1
#1,21-Mar-2024 16:02:07,0                 
Time,Ampl
-2.45e-008,0.000303192
-2.44e-008,0.000330599
-2.43e-008,0.00032546
-2.42e-008,0.000256942
-2.41e-008,0.00016273
-2.4e-008,7.70826e-005
-2.39e-008,3.93978e-005
-2.38e-008,3.42589e-005
-2.37e-008,9.5925e-005
-2.36e-008,0.00019185
-2.35e-008,0.000263794
-2.34e-008,0.000294627
-2.33e-008,0.00029634
-2.32e-008,0.000277497
-2.31e-008,0.00025009
-2.3e-008,0.000196989
-2.29e-008,0.000190137
-2.28e-008,0.00020898
-2.27e-008,0.000248377
-2.26e-008,0.00027921
-2.25e-008,0.000316895
-2.24e-008,0.000351154
-2.23e-008,0.00035458
-2.22e-008,0.000335738
-2.21e-008,0.000318608
-2.2e-008,0.000294627
-2.19e-008,0.000275784
-2.18e-008,0.000270646
-2.17e-008,0.000301479
-2.16e-008,0.000330599
-2.15e-008,0.000368284
-2.14e-008,0.000368284
-2.13e-008,0.000337451
-2.12e-008,0.000316895
-2.11e-008,0.000260368
-2.1e-008,0.000217544
-2.09e-008,0.000184998
-2.08e-008,0.000193563
-2.07e-008,0.000253516
-2.06e-008,0.000287775
-2.05e-008,0.000339163
-2.04e-008,0.0003837
-2.03e-008,0.000392265
-2.02e-008,0.000366571
-2.01e-008,0.000313469
-2e-008,0.000251803
-1.99e-008,0.000196989
-1.98e-008,0.000157591
-1.97e-008,0.000149026
-1.96e-008,0.000181572
-1.95e-008,0.000248377
-1.94e-008,0.000299766
-1.93e-008,0.000315182
-1.92e-008,0.00029634
-1.91e-008,0.000226109
-1.9e-008,0.0001456
-1.89e-008,8.73603e-005
-1.88e-008,6.68049e-005
-1.87e-008,0.000114767
-1.86e-008,0.000205554
-1.85e-008,0.000303192
-1.84e-008,0.000409394
-1.83e-008,0.000443653
-1.82e-008,0.00044194
-1.81e-008,0.000395691
-1.8e-008,0.000364858
-1.79e-008,0.000363145
-1.78e-008,0.000369997
-1.77e-008,0.000378561
-1.76e-008,0.000375135
-1.75e-008,0.000339163
-1.74e-008,0.000272359
-1.73e-008,0.000198702
-1.72e-008,0.000205554
-1.71e-008,0.00025009
-1.7e-008,0.000327173
-1.69e-008,0.000380274
-1.68e-008,0.000426524
-1.67e-008,0.000405968
-1.66e-008,0.000359719
-1.65e-008,0.000315182
-1.64e-008,0.000294627
-1.63e-008,0.000328886
-1.62e-008,0.00035458
-1.61e-008,0.000346015
-1.6e-008,0.000310043
-1.59e-008,0.000226109
-1.58e-008,0.000164443
-1.57e-008,0.000107916
-1.56e-008,0.00011648
-1.55e-008,0.000174721
-1.54e-008,0.000243238
-1.53e-008,0.000298053
-1.52e-008,0.000316895
-1.51e-008,0.000301479
-1.5e-008,0.000268933
-1.49e-008,0.000246664
-1.48e-008,0.000232961
-1.47e-008,0.000275784
-1.46e-008,0.000287775
-1.45e-008,0.000301479
-1.44e-008,0.000315182
-1.43e-008,0.000306617
-1.42e-008,0.000289488
-1.41e-008,0.000275784
-1.4e-008,0.000294627
-1.39e-008,0.000323747
-1.38e-008,0.000346015
-1.37e-008,0.000344302
-1.36e-008,0.000332312
-1.35e-008,0.000322034
-1.34e-008,0.000303192
-1.33e-008,0.000294627
-1.32e-008,0.000299766
-1.31e-008,0.000347728
-1.3e-008,0.000399117
-1.29e-008,0.000436801
-1.28e-008,0.000450505
-1.27e-008,0.000452218
-1.26e-008,0.000431663
-1.25e-008,0.000405968
-1.24e-008,0.000363145
-1.23e-008,0.000351154
-1.22e-008,0.000358006
-1.21e-008,0.000378561
-1.2e-008,0.000368284
-1.19e-008,0.000359719
-1.18e-008,0.000322034
-1.17e-008,0.000280923
-1.16e-008,0.000262081
-1.15e-008,0.000258655
-1.14e-008,0.00029634
-1.13e-008,0.000327173
-1.12e-008,0.000361432
-1.11e-008,0.000368284
-1.1e-008,0.000352867
-1.09e-008,0.000352867
-1.08e-008,0.000388839
-1.07e-008,0.000483051
-1.06e-008,0.000620087
-1.05e-008,0.000791381
-1.04e-008,0.000938695
-1.03e-008,0.00101235
-1.02e-008,0.00102948
-1.01e-008,0.000967815
-1e-008,0.000897584
-9.9e-009,0.000866751
-9.8e-009,0.000847909
-9.7e-009,0.000899297
-9.6e-009,0.000957537
-9.5e-009,0.00103976
-9.4e-009,0.00110485
-9.3e-009,0.00110656
-9.2e-009,0.00109286
-9.1e-009,0.00107059
-9e-009,0.00102092
-8.9e-009,0.000984944
-8.8e-009,0.000960963
-8.7e-009,0.000962676
-8.6e-009,0.00093013
-8.5e-009,0.000866751
-8.4e-009,0.000786243
-8.3e-009,0.000700595
-8.2e-009,0.000671475
-8.1e-009,0.000681753
-8e-009,0.000733141
-7.9e-009,0.000830779
-7.8e-009,0.000919852
-7.7e-009,0.000955824
-7.6e-009,0.000907862
-7.5e-009,0.000818789
-7.4e-009,0.000652633
-7.3e-009,0.000443653
-7.2e-009,0.00025009
-7.1e-009,0.000111342
-7e-009,7.19438e-005
-6.9e-009,0.000113054
-6.8e-009,0.000212405
-6.7e-009,0.000358006
-6.6e-009,0.000519023
-6.5e-009,0.000625226
-6.4e-009,0.000661197
-6.3e-009,0.000647494
-6.2e-009,0.000570411
-6.1e-009,0.000431663
-6e-009,0.000277497
-5.9e-009,0.000128471
-5.8e-009,5.31014e-005
-5.7e-009,8.56473e-006
-5.6e-009,3.42589e-006
-5.5e-009,5.13884e-005
-5.4e-009,9.42121e-005
-5.3e-009,0.000109629
-5.2e-009,9.07862e-005
-5.1e-009,5.65272e-005
-5e-009,4.62496e-005
-4.9e-009,5.99531e-005
-4.8e-009,0.00013361
-4.7e-009,0.000251803
-4.6e-009,0.000402543
-4.5e-009,0.000531014
-4.4e-009,0.000626939
-4.3e-009,0.000649207
-4.2e-009,0.000644068
-4.1e-009,0.000573837
-4e-009,0.000498468
-3.9e-009,0.000435089
-3.8e-009,0.00040083
-3.7e-009,0.000361432
-3.6e-009,0.000340876
-3.5e-009,0.00032546
-3.4e-009,0.000303192
-3.3e-009,0.00029634
-3.2e-009,0.000268933
-3.1e-009,0.000280923
-3e-009,0.00032546
-2.9e-009,0.000388839
-2.8e-009,0.000481338
-2.7e-009,0.000587541
-2.6e-009,0.000685179
-2.5e-009,0.000721151
-2.4e-009,0.000661197
-2.3e-009,0.000476199
-2.2e-009,0.000214118
-2.1e-009,-6.85179e-005
-2e-009,-0.000310043
-1.9e-009,-0.000476199
-1.8e-009,-0.000539578
-1.7e-009,-0.000532726
-1.6e-009,-0.000479625
-1.5e-009,-0.000387126
-1.4e-009,-0.000299766
-1.3e-009,-0.000196989
-1.2e-009,-9.7638e-005
-1.1e-009,-1.71295e-006
-1e-009,9.42121e-005
-9e-010,0.00019185
-8e-010,0.000286062
-7e-010,0.000359719
-6e-010,0.000385413
-5e-010,0.000347728
-4e-010,0.000210692
-3e-010,-3.2546e-005
-2e-010,-0.000340876
-1e-010,-0.000657772
4.138488e-023,-0.000892445
1e-010,-0.00103119
2e-010,-0.00101749
3e-010,-0.000878742
4e-010,-0.000676614
5e-010,-0.000440227
6e-010,-0.000232961
7e-010,-0.000111342
8e-010,-8.05085e-005
9e-010,-0.000125045
1e-009,-0.0002381
1.1e-009,-0.000399117
1.2e-009,-0.000551569
1.3e-009,-0.000690318
1.4e-009,-0.000763974
1.5e-009,-0.000815363
1.6e-009,-0.00082564
1.7e-009,-0.000799946
1.8e-009,-0.000726289
1.9e-009,-0.000654346
2e-009,-0.000578976
2.1e-009,-0.000534439
2.2e-009,-0.000501893
2.3e-009,-0.000489903
2.4e-009,-0.000512171
2.5e-009,-0.000537865
2.6e-009,-0.000584115
2.7e-009,-0.000623513
2.8e-009,-0.000698882
2.9e-009,-0.000770826
3e-009,-0.000889019
3.1e-009,-0.0010192
3.2e-009,-0.00115281
3.3e-009,-0.00127615
3.4e-009,-0.0013755
3.5e-009,-0.00143374
3.6e-009,-0.00146114
3.7e-009,-0.00149712
3.8e-009,-0.00152624
3.9e-009,-0.00157934
4e-009,-0.00164785
4.1e-009,-0.00173008
4.2e-009,-0.00173864
4.3e-009,-0.0017335
4.4e-009,-0.00165128
4.5e-009,-0.00155193
4.6e-009,-0.00152281
4.7e-009,-0.00149712
4.8e-009,-0.00155707
4.9e-009,-0.0016136
5e-009,-0.00165985
5.1e-009,-0.00166327
5.2e-009,-0.00167012
5.3e-009,-0.0016804
5.4e-009,-0.00169753
5.5e-009,-0.00174721
5.6e-009,-0.0018654
5.7e-009,-0.00198188
5.8e-009,-0.0020778
5.9e-009,-0.00212748
6e-009,-0.00213262
6.1e-009,-0.00206753
6.2e-009,-0.00198531
6.3e-009,-0.00188253
6.4e-009,-0.00181058
6.5e-009,-0.00175748
6.6e-009,-0.00167869
6.7e-009,-0.00159647
6.8e-009,-0.00149883
6.9e-009,-0.0014286
7e-009,-0.00139605
7.1e-009,-0.00142688
7.2e-009,-0.00148341
7.3e-009,-0.00156563
7.4e-009,-0.0016273
7.5e-009,-0.00168383
7.6e-009,-0.00170267
7.7e-009,-0.00175577
7.8e-009,-0.0017866
7.9e-009,-0.00180545
8e-009,-0.00181915
8.1e-009,-0.00181744
8.2e-009,-0.00181058
8.3e-009,-0.00183285
8.4e-009,-0.00190822
8.5e-009,-0.00205382
8.6e-009,-0.00221827
8.7e-009,-0.0023553
8.8e-009,-0.00243581
8.9e-009,-0.00243924
9e-009,-0.00234674
9.1e-009,-0.00222512
9.2e-009,-0.00210179
9.3e-009,-0.00198188
9.4e-009,-0.00189281
9.5e-009,-0.00184484
9.6e-009,-0.00183799
9.7e-009,-0.00190822
9.8e-009,-0.00197845
9.9e-009,-0.00209322
1e-008,-0.00217544
1.01e-008,-0.00225081
1.02e-008,-0.00233817
1.03e-008,-0.00242382
1.04e-008,-0.00255058
1.05e-008,-0.00272016
1.06e-008,-0.00284863
1.07e-008,-0.00294284
1.08e-008,-0.00293257
1.09e-008,-0.0028452
1.1e-008,-0.00273044
1.11e-008,-0.00257799
1.12e-008,-0.00248035
1.13e-008,-0.0024341
1.14e-008,-0.00239984
1.15e-008,-0.00233989
1.16e-008,-0.00227993
1.17e-008,-0.00220799
1.18e-008,-0.00222341
1.19e-008,-0.00225595
1.2e-008,-0.00237243
1.21e-008,-0.00252831
1.22e-008,-0.00267905
1.23e-008,-0.00274071
1.24e-008,-0.00275442
1.25e-008,-0.00268076
1.26e-008,-0.00256599
1.27e-008,-0.00241697
1.28e-008,-0.0022491
1.29e-008,-0.00208294
1.3e-008,-0.00194248
1.31e-008,-0.00180031
1.32e-008,-0.00168725
1.33e-008,-0.00165471
1.34e-008,-0.00167355
1.35e-008,-0.00173008
1.36e-008,-0.00180373
1.37e-008,-0.00187568
1.38e-008,-0.00191679
1.39e-008,-0.00190651
1.4e-008,-0.00183457
1.41e-008,-0.00173522
1.42e-008,-0.00165813
1.43e-008,-0.00161531
1.44e-008,-0.0015879
1.45e-008,-0.00157077
1.46e-008,-0.00155193
1.47e-008,-0.00148684
1.48e-008,-0.00140462
1.49e-008,-0.00132239
1.5e-008,-0.00125559
1.51e-008,-0.00118536
1.52e-008,-0.00111513
1.53e-008,-0.00105004
1.54e-008,-0.000995222
1.55e-008,-0.000943834
1.56e-008,-0.00090101
1.57e-008,-0.000895871
1.58e-008,-0.000895871
1.59e-008,-0.000902723
1.6e-008,-0.000887306
1.61e-008,-0.000877029
1.62e-008,-0.000877029
1.63e-008,-0.000913001
1.64e-008,-0.000957537
1.65e-008,-0.00100893
1.66e-008,-0.00103805
1.67e-008,-0.000996935
1.68e-008,-0.000935269
1.69e-008,-0.000851335
1.7e-008,-0.000794807
1.71e-008,-0.000787956
1.72e-008,-0.000820502
1.73e-008,-0.000870177
1.74e-008,-0.000923278
1.75e-008,-0.000938695
1.76e-008,-0.000890732
1.77e-008,-0.000803372
1.78e-008,-0.000705734
1.79e-008,-0.000626939
1.8e-008,-0.00054643
1.81e-008,-0.000508745
1.82e-008,-0.000505319
1.83e-008,-0.000534439
1.84e-008,-0.000582402
1.85e-008,-0.0006218
1.86e-008,-0.000659485
1.87e-008,-0.000698882
1.88e-008,-0.000707447
1.89e-008,-0.000676614
1.9e-008,-0.00066291
1.91e-008,-0.000659485
1.92e-008,-0.000659485
1.93e-008,-0.000661197
1.94e-008,-0.000656059
1.95e-008,-0.000668049
1.96e-008,-0.000649207
1.97e-008,-0.000614948
1.98e-008,-0.000578976
1.99e-008,-0.000554995
2e-008,-0.000548143
2.01e-008,-0.000519023
2.02e-008,-0.00051731
2.03e-008,-0.000503606
2.04e-008,-0.000469347
2.05e-008,-0.000411107
2.06e-008,-0.000347728
2.07e-008,-0.00027921
2.08e-008,-0.000195276
2.09e-008,-0.000142175
2.1e-008,-0.000106203
2.11e-008,-0.000106203
2.12e-008,-0.000154165
2.13e-008,-0.000256942
2.14e-008,-0.0003837
2.15e-008,-0.000489903
2.16e-008,-0.000560134
2.17e-008,-0.000573837
2.18e-008,-0.00054643
2.19e-008,-0.000510458
2.2e-008,-0.000495042
2.21e-008,-0.000481338
2.22e-008,-0.000450505
2.23e-008,-0.00042995
2.24e-008,-0.000356293
2.25e-008,-0.000260368
2.26e-008,-0.000167869
2.27e-008,-0.000106203
2.28e-008,-7.53697e-005
2.29e-008,-7.87956e-005
2.3e-008,-7.02308e-005
2.31e-008,-3.59719e-005
2.32e-008,0
2.33e-008,3.76848e-005
2.34e-008,7.53697e-005
2.35e-008,5.99531e-005
2.36e-008,2.39813e-005
2.37e-008,-2.91201e-005
2.38e-008,-5.48143e-005
2.39e-008,-5.31014e-005
2.4e-008,6.85179e-006
2.41e-008,9.42121e-005
2.42e-008,0.000198702
2.43e-008,0.000294627
2.44e-008,0.000375135
2.45e-008,0.000443653
2.46e-008,0.000452218
2.47e-008,0.000464209
2.48e-008,0.000452218
2.49e-008,0.000435089
2.5e-008,0.000404255
2.51e-008,0.000378561
2.52e-008,0.00040083
2.53e-008,0.000424811
2.54e-008,0.000493329
2.55e-008,0.000543004
2.56e-008,0.000606383
2.57e-008,0.000645781
2.58e-008,0.000644068
2.59e-008,0.000635503
2.6e-008,0.00063379
2.61e-008,0.000649207
2.62e-008,0.000654346
2.63e-008,0.000652633
2.64e-008,0.000616661
2.65e-008,0.00054643
2.66e-008,0.000455644
2.67e-008,0.00035458
2.68e-008,0.000286062
2.69e-008,0.000268933
2.7e-008,0.000277497
2.71e-008,0.000301479
2.72e-008,0.000346015
2.73e-008,0.000359719
2.74e-008,0.000363145
2.75e-008,0.000359719
2.76e-008,0.000332312
2.77e-008,0.000323747
2.78e-008,0.00030833
2.79e-008,0.000289488
2.8e-008,0.0002381
2.81e-008,0.000140462
2.82e-008,3.59719e-005
2.83e-008,-9.07862e-005
2.84e-008,-0.000188424
2.85e-008,-0.000231248
2.86e-008,-0.000243238
2.87e-008,-0.000215831
2.88e-008,-0.000157591
2.89e-008,-0.000131897
2.9e-008,-0.000164443
2.91e-008,-0.000243238
2.92e-008,-0.000371709
2.93e-008,-0.000474486
2.94e-008,-0.00056356
2.95e-008,-0.000616661
2.96e-008,-0.000647494
2.97e-008,-0.000657772
2.98e-008,-0.000698882
2.99e-008,-0.000791381
3e-008,-0.000897584
3.01e-008,-0.000969528
3.02e-008,-0.000979806
3.03e-008,-0.000928417
3.04e-008,-0.00082564
3.05e-008,-0.000729715
3.06e-008,-0.000671475
3.07e-008,-0.000692031
3.08e-008,-0.000772539
3.09e-008,-0.00090101
3.1e-008,-0.00101064
3.11e-008,-0.00109115
3.12e-008,-0.00113226
3.13e-008,-0.0011511
3.14e-008,-0.00117508
3.15e-008,-0.00121277
3.16e-008,-0.00125902
3.17e-008,-0.00130184
3.18e-008,-0.00131383
3.19e-008,-0.00131383
3.2e-008,-0.00129156
3.21e-008,-0.00128128
3.22e-008,-0.00129156
3.23e-008,-0.00132753
3.24e-008,-0.00136864
3.25e-008,-0.00143888
3.26e-008,-0.00150054
3.27e-008,-0.00155022
3.28e-008,-0.00159304
3.29e-008,-0.0015742
3.3e-008,-0.00155022
3.31e-008,-0.00151767
3.32e-008,-0.00149369
3.33e-008,-0.00150397
3.34e-008,-0.0015485
3.35e-008,-0.00157934
3.36e-008,-0.00161873
3.37e-008,-0.00165471
3.38e-008,-0.00167526
3.39e-008,-0.00171295
3.4e-008,-0.00174378
3.41e-008,-0.00180545
3.42e-008,-0.0018397
3.43e-008,-0.0018791
3.44e-008,-0.00191336
3.45e-008,-0.00194762
3.46e-008,-0.00199387
3.47e-008,-0.00202299
3.48e-008,-0.00207095
3.49e-008,-0.00211378
3.5e-008,-0.0021429
3.51e-008,-0.00216516
3.52e-008,-0.00222512
3.53e-008,-0.00231077
3.54e-008,-0.00241526
3.55e-008,-0.0025266
3.56e-008,-0.00261567
3.57e-008,-0.00265849
3.58e-008,-0.00265678
3.59e-008,-0.00260711
3.6e-008,-0.00252146
3.61e-008,-0.0024478
3.62e-008,-0.00243752
3.63e-008,-0.00249405
3.64e-008,-0.00258141
3.65e-008,-0.00270303
3.66e-008,-0.00283493
3.67e-008,-0.00294456
3.68e-008,-0.00300108
3.69e-008,-0.00303705
3.7e-008,-0.00306104
3.71e-008,-0.00310557
3.72e-008,-0.00316381
3.73e-008,-0.00322548
3.74e-008,-0.00327173
3.75e-008,-0.00330941
3.76e-008,-0.0033077
3.77e-008,-0.00327002
3.78e-008,-0.00324946
3.79e-008,-0.00322548
3.8e-008,-0.00322205
3.81e-008,-0.00323404
3.82e-008,-0.00327858
3.83e-008,-0.00334367
3.84e-008,-0.00340876
3.85e-008,-0.00347214
3.86e-008,-0.00354409
3.87e-008,-0.00360575
3.88e-008,-0.0037051
3.89e-008,-0.00379589
3.9e-008,-0.0038901
3.91e-008,-0.00398945
3.92e-008,-0.00405112
3.93e-008,-0.00407681
3.94e-008,-0.00408367
3.95e-008,-0.00405455
3.96e-008,-0.004022
3.97e-008,-0.00399973
3.98e-008,-0.00399459
3.99e-008,-0.00403228
4e-008,-0.00407339
4.01e-008,-0.00410765
4.02e-008,-0.00411621
4.03e-008,-0.0041282
4.04e-008,-0.00414019
4.05e-008,-0.0041676
4.06e-008,-0.00420871
4.07e-008,-0.00426866
4.08e-008,-0.00430292
4.09e-008,-0.00430464
4.1e-008,-0.00423783
4.11e-008,-0.00416931
4.12e-008,-0.00412478
4.13e-008,-0.00409737
4.14e-008,-0.00408538
4.15e-008,-0.0040888
4.16e-008,-0.00411621
4.17e-008,-0.0041145
4.18e-008,-0.00411279
4.19e-008,-0.00411621
4.2e-008,-0.00414362
4.21e-008,-0.00418302
4.22e-008,-0.0042344
4.23e-008,-0.00425839
4.24e-008,-0.00429436
4.25e-008,-0.00430635
4.26e-008,-0.00429093
4.27e-008,-0.00429264
4.28e-008,-0.00433889
4.29e-008,-0.00437658
4.3e-008,-0.00442968
4.31e-008,-0.00447764
4.32e-008,-0.00449306
4.33e-008,-0.00448107
4.34e-008,-0.0044194
4.35e-008,-0.00433033
4.36e-008,-0.00427723
4.37e-008,-0.00425153
4.38e-008,-0.00424297
4.39e-008,-0.00430121
4.4e-008,-0.00439713
4.41e-008,-0.00449477
4.42e-008,-0.00454787
4.43e-008,-0.00457871
4.44e-008,-0.00456843
4.45e-008,-0.00454787
4.46e-008,-0.00452389
4.47e-008,-0.00451019
4.48e-008,-0.00454959
4.49e-008,-0.0045907
4.5e-008,-0.00460783
4.51e-008,-0.0046044
4.52e-008,-0.00456672
4.53e-008,-0.00454274
4.54e-008,-0.00450505
4.55e-008,-0.00450162
4.56e-008,-0.00453246
4.57e-008,-0.00459926
4.58e-008,-0.00465579
4.59e-008,-0.00469519
4.6e-008,-0.00473116
4.61e-008,-0.00477398
4.62e-008,-0.00474315
4.63e-008,-0.00469861
4.64e-008,-0.0046181
4.65e-008,-0.00452218
4.66e-008,-0.00445366
4.67e-008,-0.00439371
4.68e-008,-0.00437315
4.69e-008,-0.00438514
4.7e-008,-0.00438343
4.71e-008,-0.00435945
4.72e-008,-0.00432348
4.73e-008,-0.00428408
4.74e-008,-0.00424811
4.75e-008,-0.00422241
4.76e-008,-0.00416931
4.77e-008,-0.00412135
4.78e-008,-0.00410422
4.79e-008,-0.00406482
4.8e-008,-0.00402714
4.81e-008,-0.00401686
4.82e-008,-0.00398945
4.83e-008,-0.00397746
4.84e-008,-0.00393635
4.85e-008,-0.00388154
4.86e-008,-0.00381645
4.87e-008,-0.00376163
4.88e-008,-0.00372737
4.89e-008,-0.00369311
4.9e-008,-0.00368969
4.91e-008,-0.00364515
4.92e-008,-0.00362117
4.93e-008,-0.00359205
4.94e-008,-0.00355779
4.95e-008,-0.00352182
4.96e-008,-0.00344645
4.97e-008,-0.00334196
4.98e-008,-0.00324432
4.99e-008,-0.00315182
5e-008,-0.0030559
5.01e-008,-0.00305247
5.02e-008,-0.0030559
5.03e-008,-0.0030833
5.04e-008,-0.00303877
5.05e-008,-0.00297881
5.06e-008,-0.00288803
5.07e-008,-0.00278525
5.08e-008,-0.00270303
5.09e-008,-0.00262081
5.1e-008,-0.00257456
5.11e-008,-0.00255229
5.12e-008,-0.00253687
5.13e-008,-0.00251632
5.14e-008,-0.00249062
5.15e-008,-0.00243924
5.16e-008,-0.0023553
5.17e-008,-0.00225253
5.18e-008,-0.00216345
5.19e-008,-0.00209665
5.2e-008,-0.00206581
5.21e-008,-0.00203327
5.22e-008,-0.00198188
5.23e-008,-0.0019185
5.24e-008,-0.0018517
5.25e-008,-0.0017729
5.26e-008,-0.00173864
5.27e-008,-0.0017592
5.28e-008,-0.00176947
5.29e-008,-0.00180202
5.3e-008,-0.00177119
5.31e-008,-0.0016804
5.32e-008,-0.00157934
5.33e-008,-0.00145258
5.34e-008,-0.00130527
5.35e-008,-0.00123503
5.36e-008,-0.00122476
5.37e-008,-0.00124874
5.38e-008,-0.00128471
5.39e-008,-0.00127957
5.4e-008,-0.0012299
5.41e-008,-0.00113397
5.42e-008,-0.00095925
5.43e-008,-0.000835918
5.44e-008,-0.000724577
5.45e-008,-0.000678327
5.46e-008,-0.00066291
5.47e-008,-0.000645781
5.48e-008,-0.000616661
5.49e-008,-0.000584115
5.5e-008,-0.000543004
5.51e-008,-0.000513884
5.52e-008,-0.000515597
5.53e-008,-0.000522449
5.54e-008,-0.000531014
5.55e-008,-0.00045907
5.56e-008,-0.000358006
5.57e-008,-0.000232961
5.58e-008,-8.05085e-005
5.59e-008,2.22683e-005
5.6e-008,9.42121e-005
5.61e-008,0.000107916
5.62e-008,0.000109629
5.63e-008,0.00011648
5.64e-008,0.000142175
5.65e-008,0.000222683
5.66e-008,0.000346015
5.67e-008,0.000484764
5.68e-008,0.000587541
5.69e-008,0.000642355
5.7e-008,0.000678327
5.71e-008,0.000671475
5.72e-008,0.000671475
5.73e-008,0.000693743
5.74e-008,0.000753697
5.75e-008,0.000847909
5.76e-008,0.000936982
5.77e-008,0.00101749
5.78e-008,0.0011117
5.79e-008,0.00119221
5.8e-008,0.00127272
5.81e-008,0.00135152
5.82e-008,0.00143716
5.83e-008,0.00150911
5.84e-008,0.00155022
5.85e-008,0.00159133
5.86e-008,0.00166156
5.87e-008,0.00173693
5.88e-008,0.0018397
5.89e-008,0.00194762
5.9e-008,0.00206239
5.91e-008,0.00216345
5.92e-008,0.00224225
5.93e-008,0.0022885
5.94e-008,0.00232789
5.95e-008,0.00236729
5.96e-008,0.00240326
5.97e-008,0.00237586
5.98e-008,0.00233646
5.99e-008,0.00231077
6e-008,0.00228678
6.01e-008,0.00226623
6.02e-008,0.00227822
6.03e-008,0.00233303
6.04e-008,0.00237586
6.05e-008,0.00241526
6.06e-008,0.00244266
6.07e-008,0.00250947
6.08e-008,0.00256771
6.09e-008,0.00263965
6.1e-008,0.00268247
6.11e-008,0.00273386
6.12e-008,0.00276812
6.13e-008,0.00278011
6.14e-008,0.0027647
6.15e-008,0.00278011
6.16e-008,0.00280238
6.17e-008,0.00282122
6.18e-008,0.00283835
6.19e-008,0.00286405
6.2e-008,0.00289488
6.21e-008,0.00291715
6.22e-008,0.00292229
6.23e-008,0.00293085
6.24e-008,0.00293257
6.25e-008,0.00290858
6.26e-008,0.00286919
6.27e-008,0.00285377
6.28e-008,0.00284692
6.29e-008,0.00288974
6.3e-008,0.002924
6.31e-008,0.00297368
6.32e-008,0.00302849
6.33e-008,0.00305418
6.34e-008,0.00302164
6.35e-008,0.00296682
6.36e-008,0.00292743
6.37e-008,0.00290516
6.38e-008,0.0029103
6.39e-008,0.00295826
6.4e-008,0.00300793
6.41e-008,0.00306104
6.42e-008,0.00305761
6.43e-008,0.00301136
6.44e-008,0.0029634
6.45e-008,0.00291544
6.46e-008,0.00289659
6.47e-008,0.00290002
6.48e-008,0.00293599
6.49e-008,0.00296854
6.5e-008,0.00295826
6.51e-008,0.00290173
6.52e-008,0.00284349
6.53e-008,0.00279039
6.54e-008,0.00274757
6.55e-008,0.00271331
6.56e-008,0.00271845
6.57e-008,0.00273044
6.58e-008,0.00273386
6.59e-008,0.00272359
6.6e-008,0.0027253
6.61e-008,0.0026996
6.62e-008,0.00267048
6.63e-008,0.00265164
6.64e-008,0.00262766
6.65e-008,0.0025934
6.66e-008,0.00254201
6.67e-008,0.00248035
6.68e-008,0.00244266
6.69e-008,0.00241183
6.7e-008,0.00238613
6.71e-008,0.00236387
6.72e-008,0.00233817
6.73e-008,0.00229364
6.74e-008,0.00223368
6.75e-008,0.00216345
6.76e-008,0.00212234
6.77e-008,0.00212234
6.78e-008,0.00213947
6.79e-008,0.00214804
6.8e-008,0.00210692
6.81e-008,0.0020504
6.82e-008,0.00196475
6.83e-008,0.00189109
6.84e-008,0.00183114
6.85e-008,0.00180887
6.86e-008,0.00180031
6.87e-008,0.00179174
6.88e-008,0.00175577
6.89e-008,0.00167869
6.9e-008,0.00159133
6.91e-008,0.00146628
6.92e-008,0.00134638
6.93e-008,0.00125902
6.94e-008,0.00118022
6.95e-008,0.00110485
6.96e-008,0.0010586
6.97e-008,0.00103976
6.98e-008,0.00103462
6.99e-008,0.00100379
7e-008,0.000986657
7.01e-008,0.00095925
7.02e-008,0.000936982
7.03e-008,0.000895871
7.04e-008,0.000844483
7.05e-008,0.000769113
7.06e-008,0.000676614
7.07e-008,0.000556708
7.08e-008,0.000440227
7.09e-008,0.000334025
7.1e-008,0.000313469
7.11e-008,0.00032546
7.12e-008,0.00035458
7.13e-008,0.000397404
7.14e-008,0.000397404
7.15e-008,0.000352867
7.16e-008,0.000234674
7.17e-008,0.000143888
7.18e-008,6.85179e-006
7.19e-008,-0.000109629
7.2e-008,-0.000212405
7.21e-008,-0.000256942
7.22e-008,-0.000262081
7.23e-008,-0.00025009
7.24e-008,-0.000236387
7.25e-008,-0.000202128
7.26e-008,-0.000178146
7.27e-008,-0.000174721
7.28e-008,-0.000188424
7.29e-008,-0.000214118
7.3e-008,-0.000224396
7.31e-008,-0.000224396
7.32e-008,-0.000244951
7.33e-008,-0.000253516
7.34e-008,-0.000270646
7.35e-008,-0.000328886
7.36e-008,-0.000407681
7.37e-008,-0.000489903
7.38e-008,-0.000568698
7.39e-008,-0.000609809
7.4e-008,-0.000644068
7.41e-008,-0.000668049
7.42e-008,-0.000668049
7.43e-008,-0.000671475
7.44e-008,-0.00068004
7.45e-008,-0.00068004
7.46e-008,-0.000712586
7.47e-008,-0.000736567
7.48e-008,-0.000811937
7.49e-008,-0.000865038
7.5e-008,-0.000904436
7.51e-008,-0.000936982
7.52e-008,-0.000923278
7.53e-008,-0.000894158
7.54e-008,-0.000866751
7.55e-008,-0.000856473
7.56e-008,-0.000870177
7.57e-008,-0.000899297
7.58e-008,-0.00091814
7.59e-008,-0.000914714
7.6e-008,-0.000895871
7.61e-008,-0.000870177
7.62e-008,-0.000844483
7.63e-008,-0.000839344
7.64e-008,-0.000846196
7.65e-008,-0.000830779
7.66e-008,-0.000801659
7.67e-008,-0.000741706
7.68e-008,-0.000698882
7.69e-008,-0.000683466
7.7e-008,-0.000686892
7.71e-008,-0.000700595
7.72e-008,-0.000734854
7.73e-008,-0.000724577
7.74e-008,-0.000683466
7.75e-008,-0.000609809
7.76e-008,-0.000544717
7.77e-008,-0.000522449
7.78e-008,-0.000503606
7.79e-008,-0.000503606
7.8e-008,-0.000495042
7.81e-008,-0.000491616
7.82e-008,-0.000464209
7.83e-008,-0.000409394
7.84e-008,-0.000352867
7.85e-008,-0.00030833
7.86e-008,-0.000275784
7.87e-008,-0.000244951
7.88e-008,-0.000196989
7.89e-008,-0.000152452
7.9e-008,-9.07862e-005
7.91e-008,-3.76848e-005
7.92e-008,-5.13884e-006
7.93e-008,1.71295e-006
7.94e-008,3.42589e-006
7.95e-008,1.71295e-006
7.96e-008,-2.22683e-005
7.97e-008,-1.19906e-005
7.98e-008,3.42589e-005
7.99e-008,0.00010449
8e-008,0.000159304
8.01e-008,0.000214118
8.02e-008,0.000248377
8.03e-008,0.000274071
8.04e-008,0.000306617
8.05e-008,0.000337451
8.06e-008,0.000402543
8.07e-008,0.000486477
8.08e-008,0.000565272
8.09e-008,0.00060467
8.1e-008,0.000623513
8.11e-008,0.000664623
8.12e-008,0.000683466
8.13e-008,0.00073828
8.14e-008,0.000805085
8.15e-008,0.000897584
8.16e-008,0.00100036
8.17e-008,0.00106545
8.18e-008,0.00110999
8.19e-008,0.00113397
8.2e-008,0.00115624
8.21e-008,0.00121791
8.22e-008,0.00127443
8.23e-008,0.00139263
8.24e-008,0.00151596
8.25e-008,0.00165813
8.26e-008,0.00176091
8.27e-008,0.00184313
8.28e-008,0.0019185
8.29e-008,0.00195105
8.3e-008,0.00196475
8.31e-008,0.00201271
8.32e-008,0.00206753
8.33e-008,0.00211035
8.34e-008,0.00216003
8.35e-008,0.00224739
8.36e-008,0.00231248
8.37e-008,0.00241012
8.38e-008,0.00249405
8.39e-008,0.0025934
8.4e-008,0.0026996
8.41e-008,0.00278868
8.42e-008,0.00283835
8.43e-008,0.00289488
8.44e-008,0.00294456
8.45e-008,0.00302506
8.46e-008,0.00311756
8.47e-008,0.0032152
8.48e-008,0.0033214
8.49e-008,0.00340534
8.5e-008,0.00346187
8.51e-008,0.0035064
8.52e-008,0.00354923
8.53e-008,0.00356636
8.54e-008,0.00358006
8.55e-008,0.00359034
8.56e-008,0.00361432
8.57e-008,0.00368797
8.58e-008,0.00380103
8.59e-008,0.0039689
8.6e-008,0.00416075
8.61e-008,0.00430806
8.62e-008,0.00439542
8.63e-008,0.00443482
8.64e-008,0.00445024
8.65e-008,0.0044588
8.66e-008,0.00451875
8.67e-008,0.00457014
8.68e-008,0.00466264
8.69e-008,0.00475857
8.7e-008,0.00484421
8.71e-008,0.00493671
8.72e-008,0.00503778
8.73e-008,0.00514912
8.74e-008,0.00521935
8.75e-008,0.00528102
8.76e-008,0.00533069
8.77e-008,0.00537694
8.78e-008,0.00541291
8.79e-008,0.00548657
8.8e-008,0.00554995
8.81e-008,0.00560648
8.82e-008,0.00564245
8.83e-008,0.00566985
8.84e-008,0.00571096
8.85e-008,0.00580004
8.86e-008,0.00589939
8.87e-008,0.00602957
8.88e-008,0.00614948
8.89e-008,0.00625739
8.9e-008,0.00635846
8.91e-008,0.00644411
8.92e-008,0.0065486
8.93e-008,0.00664623
8.94e-008,0.00672503
8.95e-008,0.00680382
8.96e-008,0.0068672
8.97e-008,0.00690489
8.98e-008,0.00692202
8.99e-008,0.00694257
9e-008,0.00697512
9.01e-008,0.00702822
9.02e-008,0.0070779
9.03e-008,0.00712415
9.04e-008,0.0071841
9.05e-008,0.00725604
9.06e-008,0.0073434
9.07e-008,0.00741877
9.08e-008,0.00750099
9.09e-008,0.00757294
9.1e-008,0.00761234
9.11e-008,0.0076072
9.12e-008,0.00759007
9.13e-008,0.00757636
9.14e-008,0.00756266
9.15e-008,0.00757808
9.16e-008,0.00760891
9.17e-008,0.00768085
9.18e-008,0.00778534
9.19e-008,0.00789155
9.2e-008,0.00798576
9.21e-008,0.00803715
9.22e-008,0.0080577
9.23e-008,0.00806113
9.24e-008,0.00805085
9.25e-008,0.00807826
9.26e-008,0.00812965
9.27e-008,0.00819302
9.28e-008,0.00828039
9.29e-008,0.00837117
9.3e-008,0.00843455
9.31e-008,0.00847737
9.32e-008,0.00849279
9.33e-008,0.00849108
9.34e-008,0.0084808
9.35e-008,0.00843798
9.36e-008,0.00843455
9.37e-008,0.0084414
9.38e-008,0.00848765
9.39e-008,0.00854932
9.4e-008,0.00860413
9.41e-008,0.00863839
9.42e-008,0.00865381
9.43e-008,0.00862811
9.44e-008,0.00862297
9.45e-008,0.00861098
9.46e-008,0.00865723
9.47e-008,0.00869492
9.48e-008,0.00874802
9.49e-008,0.00877885
9.5e-008,0.00878913
9.51e-008,0.0087857
9.52e-008,0.00877714
9.53e-008,0.00878399
9.54e-008,0.0087857
9.55e-008,0.00875316
9.56e-008,0.0087052
9.57e-008,0.00864867
9.58e-008,0.00859043
9.59e-008,0.008587
9.6e-008,0.00859557
9.61e-008,0.00865552
9.62e-008,0.00869149
9.63e-008,0.00871547
9.64e-008,0.00870691
9.65e-008,0.00867779
9.66e-008,0.00866922
9.67e-008,0.00867608
9.68e-008,0.00867608
9.69e-008,0.00869149
9.7e-008,0.00867779
9.71e-008,0.00866751
9.72e-008,0.00862297
9.73e-008,0.00859728
9.74e-008,0.00858015
9.75e-008,0.00857159
9.76e-008,0.00856302
9.77e-008,0.00852876
9.78e-008,0.00848251
9.79e-008,0.00839173
9.8e-008,0.00830779
9.81e-008,0.00825983
9.82e-008,0.00823414
9.83e-008,0.00824955
9.84e-008,0.00826668
9.85e-008,0.00825983
9.86e-008,0.00821872
9.87e-008,0.00816562
9.88e-008,0.00812793
9.89e-008,0.00813136
9.9e-008,0.0081502
9.91e-008,0.00817418
9.92e-008,0.0081759
9.93e-008,0.00815191
9.94e-008,0.00808511
9.95e-008,0.00802344
9.96e-008,0.00798747
9.97e-008,0.00800974
9.98e-008,0.00803029
9.99e-008,0.00804057
1e-007,0.00801659
1.001e-007,0.00796178
1.002e-007,0.00793094
1.003e-007,0.00786756
1.004e-007,0.00784187
1.005e-007,0.00783844
1.006e-007,0.00787442
1.007e-007,0.00790354
1.008e-007,0.00791381
1.009e-007,0.00794465
1.01e-007,0.00795664
1.011e-007,0.00797034
1.012e-007,0.00792923
1.013e-007,0.00786756
1.014e-007,0.0077922
1.015e-007,0.00770312
1.016e-007,0.00761919
1.017e-007,0.00753525
1.018e-007,0.007489
1.019e-007,0.00741535
1.02e-007,0.00737595
1.021e-007,0.00733826
1.022e-007,0.00731257
1.023e-007,0.00730229
1.024e-007,0.00730743
1.025e-007,0.00730401
1.026e-007,0.007316
1.027e-007,0.00729201
1.028e-007,0.00725604
1.029e-007,0.00720808
1.03e-007,0.00716012
1.031e-007,0.00708989
1.032e-007,0.00703165
1.033e-007,0.00696998
1.034e-007,0.00689119
1.035e-007,0.00683295
1.036e-007,0.0068004
1.037e-007,0.00678327
1.038e-007,0.00682267
1.039e-007,0.00683466
1.04e-007,0.0068141
1.041e-007,0.00675586
1.042e-007,0.00664966
1.043e-007,0.00652804
1.044e-007,0.0064304
1.045e-007,0.00636874
1.046e-007,0.0063379
1.047e-007,0.00630364
1.048e-007,0.00622485
1.049e-007,0.00615462
1.05e-007,0.0060724
1.051e-007,0.00599189
1.052e-007,0.00591138
1.053e-007,0.0058617
1.054e-007,0.00584629
1.055e-007,0.00580689
1.056e-007,0.00577606
1.057e-007,0.00573495
1.058e-007,0.00568527
1.059e-007,0.00559106
1.06e-007,0.00546601
1.061e-007,0.00529986
1.062e-007,0.00515254
1.063e-007,0.00504634
1.064e-007,0.0049744
1.065e-007,0.00496583
1.066e-007,0.00496755
1.067e-007,0.0049744
1.068e-007,0.00491444
1.069e-007,0.00481509
1.07e-007,0.00469347
1.071e-007,0.00458727
1.072e-007,0.0044982
1.073e-007,0.00442797
1.074e-007,0.00437829
1.075e-007,0.00431834
1.076e-007,0.00422927
1.077e-007,0.00412649
1.078e-007,0.00400658
1.079e-007,0.00392094
1.08e-007,0.00385242
1.081e-007,0.00377362
1.082e-007,0.00369997
1.083e-007,0.00361432
1.084e-007,0.00348585
1.085e-007,0.0033471
1.086e-007,0.00324603
1.087e-007,0.0032015
1.088e-007,0.00315696
1.089e-007,0.00312955
1.09e-007,0.00306275
1.091e-007,0.00299423
1.092e-007,0.00289145
1.093e-007,0.00277497
1.094e-007,0.00269104
1.095e-007,0.00264822
1.096e-007,0.00258826
1.097e-007,0.00250604
1.098e-007,0.00239984
1.099e-007,0.00229364
1.1e-007,0.00217716
1.101e-007,0.0020641
1.102e-007,0.00197674
1.103e-007,0.00194248
1.104e-007,0.00189966
1.105e-007,0.00185512
1.106e-007,0.00184998
1.107e-007,0.00180545
1.108e-007,0.0017335
1.109e-007,0.00160503
1.11e-007,0.00147313
1.111e-007,0.0013498
1.112e-007,0.00126587
1.113e-007,0.00120763
1.114e-007,0.00119221
1.115e-007,0.00119392
1.116e-007,0.00116823
1.117e-007,0.00106031
1.118e-007,0.000904436
1.119e-007,0.000739993
1.12e-007,0.000606383
1.121e-007,0.000522449
1.122e-007,0.00050018
1.123e-007,0.000520736
1.124e-007,0.000524162
1.125e-007,0.00048819
1.126e-007,0.000414533
1.127e-007,0.000327173
1.128e-007,0.000241526
1.129e-007,0.000171295
1.13e-007,8.73603e-005
1.131e-007,2.74071e-005
1.132e-007,-4.62496e-005
1.133e-007,-0.0001456
1.134e-007,-0.000265507
1.135e-007,-0.00035458
1.136e-007,-0.000445366
1.137e-007,-0.000507032
1.138e-007,-0.00057555
1.139e-007,-0.000582402
1.14e-007,-0.000606383
1.141e-007,-0.000628652
1.142e-007,-0.000676614
1.143e-007,-0.000733141
1.144e-007,-0.000772539
1.145e-007,-0.000858186
1.146e-007,-0.000919852
1.147e-007,-0.000990083
1.148e-007,-0.00103633
1.149e-007,-0.00108943
1.15e-007,-0.00114596
1.151e-007,-0.00121448
1.152e-007,-0.00126929
1.153e-007,-0.00133781
1.154e-007,-0.00141661
1.155e-007,-0.00147313
1.156e-007,-0.00151938
1.157e-007,-0.00155193
1.158e-007,-0.00157249
1.159e-007,-0.00160674
1.16e-007,-0.00165128
1.161e-007,-0.00169239
1.162e-007,-0.00177633
1.163e-007,-0.00185855
1.164e-007,-0.00191679
1.165e-007,-0.0019973
1.166e-007,-0.00203669
1.167e-007,-0.00208808
1.168e-007,-0.00210007
1.169e-007,-0.00212234
1.17e-007,-0.00214461
1.171e-007,-0.00215146
1.172e-007,-0.00214804
1.173e-007,-0.00216688
1.174e-007,-0.00221313
1.175e-007,-0.00225595
1.176e-007,-0.00231419
1.177e-007,-0.00236901
1.178e-007,-0.00244266
1.179e-007,-0.00247007
1.18e-007,-0.0024872
1.181e-007,-0.00248549
1.182e-007,-0.00247178
1.183e-007,-0.00247863
1.184e-007,-0.00247863
1.185e-007,-0.00251803
1.186e-007,-0.00256771
1.187e-007,-0.00262252
1.188e-007,-0.00268419
1.189e-007,-0.00277326
1.19e-007,-0.00286233
1.191e-007,-0.00294113
1.192e-007,-0.00300965
1.193e-007,-0.00303705
1.194e-007,-0.0030302
1.195e-007,-0.00303363
1.196e-007,-0.00296511
1.197e-007,-0.00291201
1.198e-007,-0.0028572
1.199e-007,-0.00282979
1.2e-007,-0.0027921
1.201e-007,-0.00281951
1.202e-007,-0.00290516
1.203e-007,-0.0030302
1.204e-007,-0.0031621
1.205e-007,-0.00323576
1.206e-007,-0.00326659
1.207e-007,-0.0032546
1.208e-007,-0.00319122
1.209e-007,-0.00314326
1.21e-007,-0.00315525
1.211e-007,-0.00321006
1.212e-007,-0.00329571
1.213e-007,-0.00339506
1.214e-007,-0.00345501
1.215e-007,-0.00348585
1.216e-007,-0.00350983
1.217e-007,-0.00350298
1.218e-007,-0.00349099
1.219e-007,-0.00348585
1.22e-007,-0.00346872
1.221e-007,-0.00347214
1.222e-007,-0.00348071
1.223e-007,-0.00347386
1.224e-007,-0.0034927
1.225e-007,-0.00351325
1.226e-007,-0.00352524
1.227e-007,-0.00355265
1.228e-007,-0.0035595
1.229e-007,-0.0035321
1.23e-007,-0.00350469
1.231e-007,-0.00346187
1.232e-007,-0.0034396
1.233e-007,-0.00344645
1.234e-007,-0.00350812
1.235e-007,-0.00358177
1.236e-007,-0.00365543
1.237e-007,-0.00368969
1.238e-007,-0.00366057
1.239e-007,-0.0035852
1.24e-007,-0.00347043
1.241e-007,-0.00339677
1.242e-007,-0.00335395
1.243e-007,-0.00339506
1.244e-007,-0.00346529
1.245e-007,-0.00356122
1.246e-007,-0.00364858
1.247e-007,-0.00369311
1.248e-007,-0.00369654
1.249e-007,-0.00366913
1.25e-007,-0.00362802
1.251e-007,-0.00358691
1.252e-007,-0.00353381
1.253e-007,-0.00347557
1.254e-007,-0.00340363
1.255e-007,-0.00332997
1.256e-007,-0.00329228
1.257e-007,-0.00330256
1.258e-007,-0.00335052
1.259e-007,-0.00341219
1.26e-007,-0.00345844
1.261e-007,-0.0034533
1.262e-007,-0.00342418
1.263e-007,-0.00339335
1.264e-007,-0.00337279
1.265e-007,-0.0033865
1.266e-007,-0.0034002
1.267e-007,-0.00341904
1.268e-007,-0.00340534
1.269e-007,-0.00334196
1.27e-007,-0.00329914
1.271e-007,-0.00326316
1.272e-007,-0.00325117
1.273e-007,-0.00325802
1.274e-007,-0.00327515
1.275e-007,-0.00326659
1.276e-007,-0.00322205
1.277e-007,-0.00312442
1.278e-007,-0.00302506
1.279e-007,-0.00293085
1.28e-007,-0.00286919
1.281e-007,-0.0028452
1.282e-007,-0.00287775
1.283e-007,-0.00291372
1.284e-007,-0.00291715
1.285e-007,-0.00291715
1.286e-007,-0.00288632
1.287e-007,-0.00285034
1.288e-007,-0.00283835
1.289e-007,-0.00284349
1.29e-007,-0.00287261
1.291e-007,-0.00291715
1.292e-007,-0.00294284
1.293e-007,-0.00293599
1.294e-007,-0.00292914
1.295e-007,-0.00290858
1.296e-007,-0.00289145
1.297e-007,-0.00288118
1.298e-007,-0.00288289
1.299e-007,-0.00291544
1.3e-007,-0.00296854
1.301e-007,-0.00301821
1.302e-007,-0.00306275
1.303e-007,-0.00309529
1.304e-007,-0.00310557
1.305e-007,-0.00307645
1.306e-007,-0.00302849
1.307e-007,-0.00299081
1.308e-007,-0.00294284
1.309e-007,-0.00294969
1.31e-007,-0.00297881
1.311e-007,-0.00303534
1.312e-007,-0.00306446
1.313e-007,-0.00307988
1.314e-007,-0.00307645
1.315e-007,-0.00307817
1.316e-007,-0.00306446
1.317e-007,-0.00308159
1.318e-007,-0.0031484
1.319e-007,-0.00325117
1.32e-007,-0.00333853
1.321e-007,-0.00340876
1.322e-007,-0.00340876
1.323e-007,-0.00337279
1.324e-007,-0.0033077
1.325e-007,-0.00323747
1.326e-007,-0.00320492
1.327e-007,-0.00322719
1.328e-007,-0.00327687
1.329e-007,-0.00331455
1.33e-007,-0.00337279
1.331e-007,-0.00340191
1.332e-007,-0.00341562
1.333e-007,-0.00343275
1.334e-007,-0.00343446
1.335e-007,-0.00341904
1.336e-007,-0.0034139
1.337e-007,-0.00337793
1.338e-007,-0.00335224
1.339e-007,-0.00335738
1.34e-007,-0.00338136
1.341e-007,-0.00342589
1.342e-007,-0.00349441
1.343e-007,-0.00358691
1.344e-007,-0.00365372
1.345e-007,-0.00369483
1.346e-007,-0.00369825
1.347e-007,-0.00368969
1.348e-007,-0.00367598
1.349e-007,-0.00367941
1.35e-007,-0.00369997
1.351e-007,-0.00374793
1.352e-007,-0.00380617
1.353e-007,-0.00385413
1.354e-007,-0.00389867
1.355e-007,-0.00393978
1.356e-007,-0.00398603
1.357e-007,-0.00400316
1.358e-007,-0.00399973
1.359e-007,-0.00398431
1.36e-007,-0.00398431
1.361e-007,-0.00399973
1.362e-007,-0.00401857
1.363e-007,-0.00406825
1.364e-007,-0.00411964
1.365e-007,-0.00416931
1.366e-007,-0.00419501
1.367e-007,-0.00419158
1.368e-007,-0.00421385
1.369e-007,-0.00421385
1.37e-007,-0.00422241
1.371e-007,-0.00424297
1.372e-007,-0.00427552
1.373e-007,-0.00429264
1.374e-007,-0.00432005
1.375e-007,-0.00436288
1.376e-007,-0.00439885
1.377e-007,-0.0044451
1.378e-007,-0.00448278
1.379e-007,-0.00450334
1.38e-007,-0.00451361
1.381e-007,-0.00451019
1.382e-007,-0.00450676
1.383e-007,-0.00447936
1.384e-007,-0.00446565
1.385e-007,-0.00447936
1.386e-007,-0.00448792
1.387e-007,-0.00454445
1.388e-007,-0.00459412
1.389e-007,-0.00462496
1.39e-007,-0.0046438
1.391e-007,-0.0046438
1.392e-007,-0.00464209
1.393e-007,-0.00463866
1.394e-007,-0.00468148
1.395e-007,-0.00471232
1.396e-007,-0.00478769
1.397e-007,-0.00482366
1.398e-007,-0.00486134
1.399e-007,-0.00487847
1.4e-007,-0.00489389
1.401e-007,-0.00493329
1.402e-007,-0.0049744
1.403e-007,-0.0049881
1.404e-007,-0.00496583
1.405e-007,-0.00489903
1.406e-007,-0.00481852
1.407e-007,-0.0047363
1.408e-007,-0.00470547
1.409e-007,-0.00474486
1.41e-007,-0.00480653
1.411e-007,-0.00486991
1.412e-007,-0.00485449
1.413e-007,-0.0047894
1.414e-007,-0.00469861
1.415e-007,-0.00462667
1.416e-007,-0.00459755
1.417e-007,-0.00464209
1.418e-007,-0.00471403
1.419e-007,-0.00478426
1.42e-007,-0.00485963
1.421e-007,-0.00490245
1.422e-007,-0.00491616
1.423e-007,-0.00489389
1.424e-007,-0.00489046
1.425e-007,-0.00485963
1.426e-007,-0.00481167
1.427e-007,-0.00475
1.428e-007,-0.00466435
1.429e-007,-0.00457871
1.43e-007,-0.0045119
1.431e-007,-0.00448107
1.432e-007,-0.00447764
1.433e-007,-0.00451704
1.434e-007,-0.00456158
1.435e-007,-0.00458727
1.436e-007,-0.00457186
1.437e-007,-0.00452903
1.438e-007,-0.00448792
1.439e-007,-0.00445195
1.44e-007,-0.0044588
1.441e-007,-0.00447936
1.442e-007,-0.00449306
1.443e-007,-0.00448107
1.444e-007,-0.00443825
1.445e-007,-0.00437487
1.446e-007,-0.00427723
1.447e-007,-0.00418302
1.448e-007,-0.00409566
1.449e-007,-0.00401686
1.45e-007,-0.00394492
1.451e-007,-0.00385756
1.452e-007,-0.00375821
1.453e-007,-0.00371024
1.454e-007,-0.00367256
1.455e-007,-0.00368626
1.456e-007,-0.0037051
1.457e-007,-0.00370853
1.458e-007,-0.00373765
1.459e-007,-0.00373936
1.46e-007,-0.00371196
1.461e-007,-0.00367941
1.462e-007,-0.00366057
1.463e-007,-0.00362288
1.464e-007,-0.00361432
1.465e-007,-0.00358006
1.466e-007,-0.00354237
1.467e-007,-0.003467
1.468e-007,-0.00334881
1.469e-007,-0.00324261
1.47e-007,-0.00315182
1.471e-007,-0.003109
1.472e-007,-0.00311242
1.473e-007,-0.00313983
1.474e-007,-0.00317409
1.475e-007,-0.00319978
1.476e-007,-0.0031758
1.477e-007,-0.00310043
1.478e-007,-0.00301307
1.479e-007,-0.00290173
1.48e-007,-0.00280923
1.481e-007,-0.00270817
1.482e-007,-0.0026191
1.483e-007,-0.00257285
1.484e-007,-0.00253002
1.485e-007,-0.00252146
1.486e-007,-0.00253516
1.487e-007,-0.00253174
1.488e-007,-0.00251632
1.489e-007,-0.00250947
1.49e-007,-0.00247521
1.491e-007,-0.00243752
1.492e-007,-0.002381
1.493e-007,-0.00229877
1.494e-007,-0.00219257
1.495e-007,-0.00208466
1.496e-007,-0.00196989
1.497e-007,-0.0018517
1.498e-007,-0.00178489
1.499e-007,-0.0017198
1.5e-007,-0.00166327
1.501e-007,-0.00161531
1.502e-007,-0.00156906
1.503e-007,-0.00153994
1.504e-007,-0.00151253
1.505e-007,-0.00146628
1.506e-007,-0.00142517
1.507e-007,-0.00138577
1.508e-007,-0.00134295
1.509e-007,-0.00127957
1.51e-007,-0.0012573
1.511e-007,-0.0012299
1.512e-007,-0.00121791
1.513e-007,-0.00119564
1.514e-007,-0.00116823
1.515e-007,-0.0011117
1.516e-007,-0.00103633
1.517e-007,-0.000966102
1.518e-007,-0.000902723
1.519e-007,-0.000839344
1.52e-007,-0.000772539
1.521e-007,-0.000683466
1.522e-007,-0.000594393
1.523e-007,-0.000510458
1.524e-007,-0.000424811
1.525e-007,-0.000328886
1.526e-007,-0.000263794
1.527e-007,-0.000198702
1.528e-007,-0.000126758
1.529e-007,-6.85179e-005
1.53e-007,-2.56942e-005
1.531e-007,1.02777e-005
1.532e-007,4.45366e-005
1.533e-007,0.000118193
1.534e-007,0.000173008
1.535e-007,0.000212405
1.536e-007,0.000256942
1.537e-007,0.000284349
1.538e-007,0.000328886
1.539e-007,0.000404255
1.54e-007,0.000486477
1.541e-007,0.000602957
1.542e-007,0.000686892
1.543e-007,0.000721151
1.544e-007,0.000728002
1.545e-007,0.000717725
1.546e-007,0.000721151
1.547e-007,0.000786243
1.548e-007,0.000875316
1.549e-007,0.000984944
1.55e-007,0.00109629
1.551e-007,0.0011511
1.552e-007,0.00117508
1.553e-007,0.00123675
1.554e-007,0.00132239
1.555e-007,0.00142003
1.556e-007,0.00152624
1.557e-007,0.00162559
1.558e-007,0.00168897
1.559e-007,0.00172322
1.56e-007,0.0017729
1.561e-007,0.00184827
1.562e-007,0.00193734
1.563e-007,0.00199558
1.564e-007,0.00200586
1.565e-007,0.00197674
1.566e-007,0.00191679
1.567e-007,0.0018654
1.568e-007,0.00188082
1.569e-007,0.00196132
1.57e-007,0.00207438
1.571e-007,0.00218743
1.572e-007,0.00225595
1.573e-007,0.00227137
1.574e-007,0.00225253
1.575e-007,0.00223368
1.576e-007,0.00223026
1.577e-007,0.00229021
1.578e-007,0.00243067
1.579e-007,0.0025797
1.58e-007,0.00270474
1.581e-007,0.00279896
1.582e-007,0.00278868
1.583e-007,0.00275271
1.584e-007,0.00270303
1.585e-007,0.00267562
1.586e-007,0.00270474
1.587e-007,0.00277326
1.588e-007,0.00284863
1.589e-007,0.00286747
1.59e-007,0.00286919
1.591e-007,0.0028178
1.592e-007,0.00274757
1.593e-007,0.00269104
1.594e-007,0.00266877
1.595e-007,0.00269275
1.596e-007,0.00273215
1.597e-007,0.0027921
1.598e-007,0.0028709
1.599e-007,0.00295483
1.6e-007,0.00303705
1.601e-007,0.00314154
1.602e-007,0.00323062
1.603e-007,0.00330599
1.604e-007,0.00332312
1.605e-007,0.00328201
1.606e-007,0.00319465
1.607e-007,0.00313983
1.608e-007,0.00312099
1.609e-007,0.00313983
1.61e-007,0.00322548
1.611e-007,0.0033214
1.612e-007,0.00335909
1.613e-007,0.00332997
1.614e-007,0.00326316
1.615e-007,0.00317923
1.616e-007,0.00313812
1.617e-007,0.00315354
1.618e-007,0.00320835
1.619e-007,0.00328715
1.62e-007,0.00335909
1.621e-007,0.00338992
1.622e-007,0.00336937
1.623e-007,0.0033608
1.624e-007,0.00336251
1.625e-007,0.00340876
1.626e-007,0.00346358
1.627e-007,0.00352867
1.628e-007,0.00353552
1.629e-007,0.00353038
1.63e-007,0.00347214
1.631e-007,0.00342418
1.632e-007,0.00341733
1.633e-007,0.0034533
1.634e-007,0.00354751
1.635e-007,0.00365029
1.636e-007,0.00372909
1.637e-007,0.00372737
1.638e-007,0.00366228
1.639e-007,0.00355436
1.64e-007,0.00345159
1.641e-007,0.00340363
1.642e-007,0.00341048
1.643e-007,0.00349955
1.644e-007,0.0036126
1.645e-007,0.00368455
1.646e-007,0.00372909
1.647e-007,0.00373936
1.648e-007,0.00371367
1.649e-007,0.0036914
1.65e-007,0.00368112
1.651e-007,0.00368797
1.652e-007,0.00371024
1.653e-007,0.00371367
1.654e-007,0.00371538
1.655e-007,0.00371709
1.656e-007,0.0037445
1.657e-007,0.00372052
1.658e-007,0.00370853
1.659e-007,0.00365543
1.66e-007,0.00362117
1.661e-007,0.00358177
1.662e-007,0.00356978
1.663e-007,0.00360061
1.664e-007,0.00367085
1.665e-007,0.00370682
1.666e-007,0.00370853
1.667e-007,0.00368797
1.668e-007,0.00368112
1.669e-007,0.00371367
1.67e-007,0.00377191
1.671e-007,0.00384214
1.672e-007,0.0038764
1.673e-007,0.00384214
1.674e-007,0.00374279
1.675e-007,0.00358006
1.676e-007,0.00343617
1.677e-007,0.00337279
1.678e-007,0.00336594
1.679e-007,0.00344474
1.68e-007,0.00352182
1.681e-007,0.00357492
1.682e-007,0.00359376
1.683e-007,0.00358691
1.684e-007,0.00354066
1.685e-007,0.0035321
1.686e-007,0.00351154
1.687e-007,0.00350983
1.688e-007,0.00348756
1.689e-007,0.00345844
1.69e-007,0.00342075
1.691e-007,0.00338992
1.692e-007,0.00341048
1.693e-007,0.00344987
1.694e-007,0.00349441
1.695e-007,0.00352696
1.696e-007,0.00351839
1.697e-007,0.00347728
1.698e-007,0.00340534
1.699e-007,0.00332826
1.7e-007,0.0032683
1.701e-007,0.0032409
1.702e-007,0.00321006
1.703e-007,0.00318437
1.704e-007,0.00316039
1.705e-007,0.00314154
1.706e-007,0.00313641
1.707e-007,0.00311928
1.708e-007,0.00309701
1.709e-007,0.0030559
1.71e-007,0.0030028
1.711e-007,0.00295312
1.712e-007,0.0029103
1.713e-007,0.002924
1.714e-007,0.00295826
1.715e-007,0.00298909
1.716e-007,0.00297539
1.717e-007,0.00290858
1.718e-007,0.00282636
1.719e-007,0.002739
1.72e-007,0.00267905
1.721e-007,0.00264822
1.722e-007,0.00266192
1.723e-007,0.00269104
1.724e-007,0.00270988
1.725e-007,0.00272016
1.726e-007,0.00268933
1.727e-007,0.0026328
1.728e-007,0.00254715
1.729e-007,0.00247178
1.73e-007,0.00241354
1.731e-007,0.00237243
1.732e-007,0.00235873
1.733e-007,0.00237243
1.734e-007,0.00238271
1.735e-007,0.00237757
1.736e-007,0.0023416
1.737e-007,0.00227308
1.738e-007,0.00220456
1.739e-007,0.00212577
1.74e-007,0.00206924
1.741e-007,0.00200586
1.742e-007,0.00196646
1.743e-007,0.00192535
1.744e-007,0.00193049
1.745e-007,0.00191165
1.746e-007,0.0019185
1.747e-007,0.00190308
1.748e-007,0.00186883
1.749e-007,0.00182258
1.75e-007,0.0017866
1.751e-007,0.00176091
1.752e-007,0.00173008
1.753e-007,0.00171637
1.754e-007,0.00168383
1.755e-007,0.00165471
1.756e-007,0.00158448
