LECROYWM8500,500500138,Waveform
Segments,1,SegmentSize,2002
Segment,TrigTime,TimeSinceSegment1
#1,21-Mar-2024 17:01:57,0                 
Time,Ampl
-2.45e-008,0.000186711
-2.44e-008,0.000222683
-2.43e-008,0.000272359
-2.42e-008,0.000287775
-2.41e-008,0.000287775
-2.4e-008,0.000262081
-2.39e-008,0.000215831
-2.38e-008,0.000198702
-2.37e-008,0.000174721
-2.36e-008,0.000171295
-2.35e-008,0.000154165
-2.34e-008,0.000125045
-2.33e-008,0.000125045
-2.32e-008,0.00011648
-2.31e-008,0.000126758
-2.3e-008,0.000157591
-2.29e-008,0.000188424
-2.28e-008,0.000166156
-2.27e-008,0.000157591
-2.26e-008,0.000149026
-2.25e-008,0.000128471
-2.24e-008,0.000102777
-2.23e-008,0.000111342
-2.22e-008,0.00011648
-2.21e-008,0.000137036
-2.2e-008,0.000166156
-2.19e-008,0.00020898
-2.18e-008,0.000256942
-2.17e-008,0.000303192
-2.16e-008,0.000322034
-2.15e-008,0.000320321
-2.14e-008,0.000255229
-2.13e-008,0.000207267
-2.12e-008,0.000186711
-2.11e-008,0.000184998
-2.1e-008,0.000227822
-2.09e-008,0.000292914
-2.08e-008,0.000352867
-2.07e-008,0.000385413
-2.06e-008,0.000405968
-2.05e-008,0.000421385
-2.04e-008,0.000419672
-2.03e-008,0.000424811
-2.02e-008,0.00042995
-2.01e-008,0.000404255
-2e-008,0.000375135
-1.99e-008,0.000315182
-1.98e-008,0.000263794
-1.97e-008,0.000215831
-1.96e-008,0.000181572
-1.95e-008,0.000178146
-1.94e-008,0.000215831
-1.93e-008,0.000222683
-1.92e-008,0.000246664
-1.91e-008,0.000226109
-1.9e-008,0.000188424
-1.89e-008,0.000131897
-1.88e-008,0.000138749
-1.87e-008,0.000123332
-1.86e-008,0.0001456
-1.85e-008,0.000169582
-1.84e-008,0.000198702
-1.83e-008,0.000239813
-1.82e-008,0.000246664
-1.81e-008,0.000268933
-1.8e-008,0.000287775
-1.79e-008,0.000332312
-1.78e-008,0.000330599
-1.77e-008,0.000339163
-1.76e-008,0.000342589
-1.75e-008,0.000339163
-1.74e-008,0.000344302
-1.73e-008,0.000303192
-1.72e-008,0.000260368
-1.71e-008,0.000210692
-1.7e-008,0.000174721
-1.69e-008,0.000167869
-1.68e-008,0.000186711
-1.67e-008,0.000212405
-1.66e-008,0.000241526
-1.65e-008,0.000246664
-1.64e-008,0.000246664
-1.63e-008,0.00022097
-1.62e-008,0.000205554
-1.61e-008,0.000224396
-1.6e-008,0.000244951
-1.59e-008,0.000263794
-1.58e-008,0.000298053
-1.57e-008,0.000327173
-1.56e-008,0.000349441
-1.55e-008,0.000378561
-1.54e-008,0.0003837
-1.53e-008,0.000371709
-1.52e-008,0.00035458
-1.51e-008,0.000346015
-1.5e-008,0.000313469
-1.49e-008,0.000301479
-1.48e-008,0.000287775
-1.47e-008,0.000282636
-1.46e-008,0.000246664
-1.45e-008,0.000193563
-1.44e-008,0.000119906
-1.43e-008,6.3379e-005
-1.42e-008,2.91201e-005
-1.41e-008,3.42589e-005
-1.4e-008,8.90732e-005
-1.39e-008,0.000167869
-1.38e-008,0.0002381
-1.37e-008,0.000241526
-1.36e-008,0.000232961
-1.35e-008,0.00022097
-1.34e-008,0.000200415
-1.33e-008,0.000207267
-1.32e-008,0.000214118
-1.31e-008,0.000229535
-1.3e-008,0.000219257
-1.29e-008,0.00019185
-1.28e-008,0.000159304
-1.27e-008,0.000147313
-1.26e-008,0.000147313
-1.25e-008,0.000174721
-1.24e-008,0.000184998
-1.23e-008,0.000178146
-1.22e-008,0.000152452
-1.21e-008,0.000138749
-1.2e-008,0.000150739
-1.19e-008,0.000183285
-1.18e-008,0.000232961
-1.17e-008,0.00026722
-1.16e-008,0.000294627
-1.15e-008,0.000287775
-1.14e-008,0.00025009
-1.13e-008,0.000217544
-1.12e-008,0.000179859
-1.11e-008,0.000184998
-1.1e-008,0.000234674
-1.09e-008,0.000268933
-1.08e-008,0.000335738
-1.07e-008,0.00040083
-1.06e-008,0.000469347
-1.05e-008,0.000525875
-1.04e-008,0.000611522
-1.03e-008,0.000700595
-1.02e-008,0.000789669
-1.01e-008,0.000880455
-1e-008,0.000899297
-9.9e-009,0.000906149
-9.8e-009,0.000902723
-9.7e-009,0.000866751
-9.6e-009,0.000858186
-9.5e-009,0.000868464
-9.4e-009,0.000877029
-9.3e-009,0.000868464
-9.2e-009,0.000834205
-9.1e-009,0.000805085
-9e-009,0.00081365
-8.9e-009,0.000815363
-8.8e-009,0.000832492
-8.7e-009,0.000834205
-8.6e-009,0.000815363
-8.5e-009,0.000762261
-8.4e-009,0.000717725
-8.3e-009,0.000661197
-8.2e-009,0.000609809
-8.1e-009,0.000602957
-8e-009,0.000638929
-7.9e-009,0.000707447
-7.8e-009,0.000757123
-7.7e-009,0.000830779
-7.6e-009,0.000878742
-7.5e-009,0.000849622
-7.4e-009,0.000765687
-7.3e-009,0.000618374
-7.2e-009,0.000440227
-7.1e-009,0.000280923
-7e-009,0.000174721
-6.9e-009,0.000164443
-6.8e-009,0.000258655
-6.7e-009,0.000397404
-6.6e-009,0.000570411
-6.5e-009,0.000674901
-6.4e-009,0.000714299
-6.3e-009,0.000674901
-6.2e-009,0.000529301
-6.1e-009,0.000342589
-6e-009,0.000159304
-5.9e-009,4.62496e-005
-5.8e-009,1.19906e-005
-5.7e-009,7.19438e-005
-5.6e-009,0.000154165
-5.5e-009,0.000256942
-5.4e-009,0.000322034
-5.3e-009,0.000337451
-5.2e-009,0.000304905
-5.1e-009,0.000222683
-5e-009,0.000159304
-4.9e-009,0.00011648
-4.8e-009,0.000101064
-4.7e-009,0.00016273
-4.6e-009,0.000280923
-4.5e-009,0.000409394
-4.4e-009,0.000532726
-4.3e-009,0.00060467
-4.2e-009,0.000626939
-4.1e-009,0.000597818
-4e-009,0.000553282
-3.9e-009,0.000527588
-3.8e-009,0.000515597
-3.7e-009,0.000539578
-3.6e-009,0.00051731
-3.5e-009,0.000493329
-3.4e-009,0.000399117
-3.3e-009,0.000263794
-3.2e-009,8.22214e-005
-3.1e-009,-7.36567e-005
-3e-009,-0.000147313
-2.9e-009,-0.000107916
-2.8e-009,6.85179e-006
-2.7e-009,0.000193563
-2.6e-009,0.000373422
-2.5e-009,0.000491616
-2.4e-009,0.000537865
-2.3e-009,0.000460783
-2.2e-009,0.000322034
-2.1e-009,0.000169582
-2e-009,1.37036e-005
-1.9e-009,-0.000109629
-1.8e-009,-0.000200415
-1.7e-009,-0.000236387
-1.6e-009,-0.000256942
-1.5e-009,-0.000251803
-1.4e-009,-0.000243238
-1.3e-009,-0.000234674
-1.2e-009,-0.000207267
-1.1e-009,-0.000186711
-1e-009,-0.000159304
-9e-010,-0.000101064
-8e-010,1.02777e-005
-7e-010,0.00013361
-6e-010,0.000246664
-5e-010,0.000275784
-4e-010,0.000210692
-3e-010,1.37036e-005
-2e-010,-0.0002381
-1e-010,-0.000491616
4.138488e-023,-0.000690318
1e-010,-0.000728002
2e-010,-0.000628652
3e-010,-0.000404255
4e-010,-0.000157591
5e-010,3.2546e-005
6e-010,0.000109629
7e-010,6.85179e-005
8e-010,-6.85179e-005
9e-010,-0.000227822
1e-009,-0.000381987
1.1e-009,-0.000465922
1.2e-009,-0.000527588
1.3e-009,-0.000578976
1.4e-009,-0.000626939
1.5e-009,-0.000666336
1.6e-009,-0.000644068
1.7e-009,-0.000565272
1.8e-009,-0.000472773
1.9e-009,-0.000376848
2e-009,-0.000286062
2.1e-009,-0.000234674
2.2e-009,-0.000219257
2.3e-009,-0.000224396
2.4e-009,-0.000256942
2.5e-009,-0.000265507
2.6e-009,-0.000286062
2.7e-009,-0.000337451
2.8e-009,-0.000395691
2.9e-009,-0.000498468
3e-009,-0.000626939
3.1e-009,-0.000808511
3.2e-009,-0.000967815
3.3e-009,-0.00106203
3.4e-009,-0.00107402
3.5e-009,-0.00103805
3.6e-009,-0.0010055
3.7e-009,-0.000967815
3.8e-009,-0.00102948
3.9e-009,-0.0011117
4e-009,-0.00120249
4.1e-009,-0.00127443
4.2e-009,-0.00130869
4.3e-009,-0.00130013
4.4e-009,-0.00125902
4.5e-009,-0.00125388
4.6e-009,-0.00124703
4.7e-009,-0.00123503
4.8e-009,-0.00124874
4.9e-009,-0.0012299
5e-009,-0.00124703
5.1e-009,-0.00125216
5.2e-009,-0.00128642
5.3e-009,-0.00137378
5.4e-009,-0.00146457
5.5e-009,-0.00151596
5.6e-009,-0.0015879
5.7e-009,-0.00162387
5.8e-009,-0.00171123
5.9e-009,-0.00174549
6e-009,-0.00180202
6.1e-009,-0.00181058
6.2e-009,-0.00180031
6.3e-009,-0.00174378
6.4e-009,-0.0016667
6.5e-009,-0.00159989
6.6e-009,-0.00153309
6.7e-009,-0.00145429
6.8e-009,-0.0013361
6.9e-009,-0.00122476
7e-009,-0.00107916
7.1e-009,-0.00100036
7.2e-009,-0.000948973
7.3e-009,-0.00097638
7.4e-009,-0.00106374
7.5e-009,-0.00118707
7.6e-009,-0.00132068
7.7e-009,-0.00145772
7.8e-009,-0.00158619
7.9e-009,-0.00166327
8e-009,-0.00172322
8.1e-009,-0.00176262
8.2e-009,-0.00174378
8.3e-009,-0.00173522
8.4e-009,-0.00172151
8.5e-009,-0.00173864
8.6e-009,-0.00177461
8.7e-009,-0.00183628
8.8e-009,-0.00189966
8.9e-009,-0.00190822
9e-009,-0.00189109
9.1e-009,-0.00179859
9.2e-009,-0.00166327
9.3e-009,-0.00153309
9.4e-009,-0.00141489
9.5e-009,-0.00139605
9.6e-009,-0.001468
9.7e-009,-0.0015879
9.8e-009,-0.00170267
9.9e-009,-0.00180031
1e-008,-0.00184313
1.01e-008,-0.00186197
1.02e-008,-0.00192193
1.03e-008,-0.0019973
1.04e-008,-0.00212234
1.05e-008,-0.00225081
1.06e-008,-0.00237928
1.07e-008,-0.00243581
1.08e-008,-0.00240498
1.09e-008,-0.00231419
1.1e-008,-0.00219428
1.11e-008,-0.0020778
1.12e-008,-0.00194419
1.13e-008,-0.00183114
1.14e-008,-0.0016941
1.15e-008,-0.00160674
1.16e-008,-0.00155022
1.17e-008,-0.00158276
1.18e-008,-0.00166327
1.19e-008,-0.00180031
1.2e-008,-0.00198359
1.21e-008,-0.0021172
1.22e-008,-0.00218401
1.23e-008,-0.00218572
1.24e-008,-0.00213262
1.25e-008,-0.00204526
1.26e-008,-0.00199044
1.27e-008,-0.00190822
1.28e-008,-0.00182258
1.29e-008,-0.00173864
1.3e-008,-0.00161873
1.31e-008,-0.00148512
1.32e-008,-0.00135494
1.33e-008,-0.00122133
1.34e-008,-0.00116138
1.35e-008,-0.00113568
1.36e-008,-0.00115453
1.37e-008,-0.00118365
1.38e-008,-0.00123161
1.39e-008,-0.00125559
1.4e-008,-0.00124017
1.41e-008,-0.00118193
1.42e-008,-0.00111342
1.43e-008,-0.00108943
1.44e-008,-0.00110314
1.45e-008,-0.00114425
1.46e-008,-0.00118879
1.47e-008,-0.00118365
1.48e-008,-0.00111513
1.49e-008,-0.00101406
1.5e-008,-0.000882168
1.51e-008,-0.000763974
1.52e-008,-0.000717725
1.53e-008,-0.000707447
1.54e-008,-0.000741706
1.55e-008,-0.000811937
1.56e-008,-0.000868464
1.57e-008,-0.000902723
1.58e-008,-0.000916427
1.59e-008,-0.000878742
1.6e-008,-0.000822214
1.61e-008,-0.000728002
1.62e-008,-0.000652633
1.63e-008,-0.000578976
1.64e-008,-0.000565272
1.65e-008,-0.000577263
1.66e-008,-0.000596106
1.67e-008,-0.0006218
1.68e-008,-0.000652633
1.69e-008,-0.000654346
1.7e-008,-0.000645781
1.71e-008,-0.000668049
1.72e-008,-0.000700595
1.73e-008,-0.000712586
1.74e-008,-0.000750271
1.75e-008,-0.00073828
1.76e-008,-0.000722864
1.77e-008,-0.000676614
1.78e-008,-0.000640642
1.79e-008,-0.00056356
1.8e-008,-0.000496755
1.81e-008,-0.000428237
1.82e-008,-0.000359719
1.83e-008,-0.000289488
1.84e-008,-0.000246664
1.85e-008,-0.000231248
1.86e-008,-0.000231248
1.87e-008,-0.000286062
1.88e-008,-0.000313469
1.89e-008,-0.000315182
1.9e-008,-0.000306617
1.91e-008,-0.000286062
1.92e-008,-0.000287775
1.93e-008,-0.000339163
1.94e-008,-0.000416246
1.95e-008,-0.000476199
1.96e-008,-0.000507032
1.97e-008,-0.000477912
1.98e-008,-0.000352867
1.99e-008,-0.000196989
2e-008,-5.82402e-005
2.01e-008,0
2.02e-008,1.19906e-005
2.03e-008,-6.16661e-005
2.04e-008,-0.000138749
2.05e-008,-0.000219257
2.06e-008,-0.000258655
2.07e-008,-0.000248377
2.08e-008,-0.00022097
2.09e-008,-0.000176434
2.1e-008,-0.000113054
2.11e-008,-7.70826e-005
2.12e-008,-5.99531e-005
2.13e-008,-3.76848e-005
2.14e-008,-7.36567e-005
2.15e-008,-0.000150739
2.16e-008,-0.000214118
2.17e-008,-0.000270646
2.18e-008,-0.000301479
2.19e-008,-0.000298053
2.2e-008,-0.000277497
2.21e-008,-0.000275784
2.22e-008,-0.000255229
2.23e-008,-0.000256942
2.24e-008,-0.000255229
2.25e-008,-0.000234674
2.26e-008,-0.000161017
2.27e-008,-9.5925e-005
2.28e-008,1.19906e-005
2.29e-008,7.87956e-005
2.3e-008,0.000121619
2.31e-008,0.000130184
2.32e-008,0.000111342
2.33e-008,0.00010449
2.34e-008,9.93509e-005
2.35e-008,0.000121619
2.36e-008,0.000155878
2.37e-008,0.0001456
2.38e-008,0.000123332
2.39e-008,5.99531e-005
2.4e-008,1.02777e-005
2.41e-008,-1.19906e-005
2.42e-008,3.93978e-005
2.43e-008,0.00013361
2.44e-008,0.000311756
2.45e-008,0.00047106
2.46e-008,0.00057555
2.47e-008,0.000590967
2.48e-008,0.000527588
2.49e-008,0.000464209
2.5e-008,0.000428237
2.51e-008,0.000428237
2.52e-008,0.000507032
2.53e-008,0.000596106
2.54e-008,0.000657772
2.55e-008,0.000683466
2.56e-008,0.000676614
2.57e-008,0.000611522
2.58e-008,0.000543004
2.59e-008,0.000498468
2.6e-008,0.000489903
2.61e-008,0.00048819
2.62e-008,0.000524162
2.63e-008,0.000597818
2.64e-008,0.000683466
2.65e-008,0.000745132
2.66e-008,0.000765687
2.67e-008,0.000739993
2.68e-008,0.00068004
2.69e-008,0.000580689
2.7e-008,0.000464209
2.71e-008,0.000363145
2.72e-008,0.000301479
2.73e-008,0.000256942
2.74e-008,0.000222683
2.75e-008,0.000234674
2.76e-008,0.000258655
2.77e-008,0.000270646
2.78e-008,0.000274071
2.79e-008,0.000256942
2.8e-008,0.000200415
2.81e-008,0.000125045
2.82e-008,3.42589e-005
2.83e-008,-2.39813e-005
2.84e-008,-5.31014e-005
2.85e-008,-9.42121e-005
2.86e-008,-5.99531e-005
2.87e-008,-6.3379e-005
2.88e-008,-9.42121e-005
2.89e-008,-0.000128471
2.9e-008,-0.000164443
2.91e-008,-0.000181572
2.92e-008,-0.000193563
2.93e-008,-0.000219257
2.94e-008,-0.000263794
2.95e-008,-0.000347728
2.96e-008,-0.000469347
2.97e-008,-0.000572124
2.98e-008,-0.000616661
2.99e-008,-0.000628652
3e-008,-0.000594393
3.01e-008,-0.000541291
3.02e-008,-0.000513884
3.03e-008,-0.000529301
3.04e-008,-0.000590967
3.05e-008,-0.000638929
3.06e-008,-0.000705734
3.07e-008,-0.000722864
3.08e-008,-0.000728002
3.09e-008,-0.000719438
3.1e-008,-0.000714299
3.11e-008,-0.000757123
3.12e-008,-0.000803372
3.13e-008,-0.000832492
3.14e-008,-0.000868464
3.15e-008,-0.000892445
3.16e-008,-0.000897584
3.17e-008,-0.000899297
3.18e-008,-0.000923278
3.19e-008,-0.00094726
3.2e-008,-0.000974667
3.21e-008,-0.000990083
3.22e-008,-0.0010055
3.23e-008,-0.00102777
3.24e-008,-0.00107059
3.25e-008,-0.00106888
3.26e-008,-0.00106717
3.27e-008,-0.00107744
3.28e-008,-0.0010723
3.29e-008,-0.00107402
3.3e-008,-0.00109457
3.31e-008,-0.00111855
3.32e-008,-0.00117679
3.33e-008,-0.00124017
3.34e-008,-0.0013104
3.35e-008,-0.00137207
3.36e-008,-0.00141147
3.37e-008,-0.00143374
3.38e-008,-0.00144059
3.39e-008,-0.0014423
3.4e-008,-0.00143716
3.41e-008,-0.00147142
3.42e-008,-0.0015211
3.43e-008,-0.00159133
3.44e-008,-0.00165299
3.45e-008,-0.00170952
3.46e-008,-0.00169582
3.47e-008,-0.00167697
3.48e-008,-0.00165128
3.49e-008,-0.00165813
3.5e-008,-0.00170267
3.51e-008,-0.00179859
3.52e-008,-0.0018517
3.53e-008,-0.00190651
3.54e-008,-0.00188253
3.55e-008,-0.00186026
3.56e-008,-0.0018517
3.57e-008,-0.00187054
3.58e-008,-0.00192021
3.59e-008,-0.00198359
3.6e-008,-0.00205382
3.61e-008,-0.0021035
3.62e-008,-0.0021172
3.63e-008,-0.00214632
3.64e-008,-0.00214118
3.65e-008,-0.0021566
3.66e-008,-0.00218058
3.67e-008,-0.00223197
3.68e-008,-0.00227822
3.69e-008,-0.00235188
3.7e-008,-0.00242553
3.71e-008,-0.00245294
3.72e-008,-0.00249919
3.73e-008,-0.00247692
3.74e-008,-0.00249405
3.75e-008,-0.0025009
3.76e-008,-0.00253174
3.77e-008,-0.00260539
3.78e-008,-0.00265164
3.79e-008,-0.00268076
3.8e-008,-0.00265507
3.81e-008,-0.00260882
3.82e-008,-0.0025403
3.83e-008,-0.00248549
3.84e-008,-0.00245294
3.85e-008,-0.00244095
3.86e-008,-0.00251461
3.87e-008,-0.00262423
3.88e-008,-0.00272359
3.89e-008,-0.00283493
3.9e-008,-0.00292057
3.91e-008,-0.00297881
3.92e-008,-0.00303192
3.93e-008,-0.00308502
3.94e-008,-0.00314154
3.95e-008,-0.00320835
3.96e-008,-0.0032409
3.97e-008,-0.00323233
3.98e-008,-0.00322034
3.99e-008,-0.00319465
4e-008,-0.0031758
4.01e-008,-0.00315867
4.02e-008,-0.0031484
4.03e-008,-0.00315182
4.04e-008,-0.00318437
4.05e-008,-0.0032409
4.06e-008,-0.00330256
4.07e-008,-0.00333339
4.08e-008,-0.00336765
4.09e-008,-0.0033471
4.1e-008,-0.00335738
4.11e-008,-0.00333682
4.12e-008,-0.00336251
4.13e-008,-0.00339163
4.14e-008,-0.00341219
4.15e-008,-0.00336594
4.16e-008,-0.00330427
4.17e-008,-0.00321178
4.18e-008,-0.00313298
4.19e-008,-0.00309872
4.2e-008,-0.00310215
4.21e-008,-0.00315011
4.22e-008,-0.00321178
4.23e-008,-0.00325974
4.24e-008,-0.00326316
4.25e-008,-0.00325631
4.26e-008,-0.00325974
4.27e-008,-0.00325802
4.28e-008,-0.00328029
4.29e-008,-0.00333339
4.3e-008,-0.00335224
4.31e-008,-0.00335909
4.32e-008,-0.0033865
4.33e-008,-0.00336937
4.34e-008,-0.00338136
4.35e-008,-0.00340191
4.36e-008,-0.00338992
4.37e-008,-0.00335395
4.38e-008,-0.0033077
4.39e-008,-0.00324261
4.4e-008,-0.0032152
4.41e-008,-0.00322377
4.42e-008,-0.00326145
4.43e-008,-0.00333168
4.44e-008,-0.00342589
4.45e-008,-0.00350126
4.46e-008,-0.00357663
4.47e-008,-0.00366571
4.48e-008,-0.0037308
4.49e-008,-0.0037702
4.5e-008,-0.00377362
4.51e-008,-0.0037445
4.52e-008,-0.00369997
4.53e-008,-0.00366057
4.54e-008,-0.00363316
4.55e-008,-0.00363316
4.56e-008,-0.00367085
4.57e-008,-0.00369997
4.58e-008,-0.00373594
4.59e-008,-0.00377191
4.6e-008,-0.00380788
4.61e-008,-0.00379418
4.62e-008,-0.0037839
4.63e-008,-0.00377362
4.64e-008,-0.00373765
4.65e-008,-0.00373594
4.66e-008,-0.00376334
4.67e-008,-0.0037839
4.68e-008,-0.00379589
4.69e-008,-0.00376506
4.7e-008,-0.00368284
4.71e-008,-0.00358006
4.72e-008,-0.00348071
4.73e-008,-0.00338821
4.74e-008,-0.00334196
4.75e-008,-0.00329057
4.76e-008,-0.0032683
4.77e-008,-0.00327002
4.78e-008,-0.0032409
4.79e-008,-0.00323747
4.8e-008,-0.00320664
4.81e-008,-0.00320492
4.82e-008,-0.00315696
4.83e-008,-0.00311585
4.84e-008,-0.00307645
4.85e-008,-0.00304219
4.86e-008,-0.00302506
4.87e-008,-0.00300108
4.88e-008,-0.00298224
4.89e-008,-0.00298738
4.9e-008,-0.00297196
4.91e-008,-0.00296682
4.92e-008,-0.00297025
4.93e-008,-0.00296682
4.94e-008,-0.0029377
4.95e-008,-0.0028846
4.96e-008,-0.0028178
4.97e-008,-0.0027784
4.98e-008,-0.00268761
4.99e-008,-0.00259854
5e-008,-0.00251632
5.01e-008,-0.00244266
5.02e-008,-0.00237928
5.03e-008,-0.00234674
5.04e-008,-0.00235701
5.05e-008,-0.00239299
5.06e-008,-0.0024084
5.07e-008,-0.00240155
5.08e-008,-0.00234845
5.09e-008,-0.00228507
5.1e-008,-0.00221827
5.11e-008,-0.00213604
5.12e-008,-0.00206924
5.13e-008,-0.00202984
5.14e-008,-0.0020247
5.15e-008,-0.00198531
5.16e-008,-0.00194762
5.17e-008,-0.00187739
5.18e-008,-0.00181401
5.19e-008,-0.00172494
5.2e-008,-0.001641
5.21e-008,-0.00157934
5.22e-008,-0.00151425
5.23e-008,-0.00148512
5.24e-008,-0.001468
5.25e-008,-0.00145943
5.26e-008,-0.00144059
5.27e-008,-0.00140804
5.28e-008,-0.00134295
5.29e-008,-0.00123503
5.3e-008,-0.00112198
5.31e-008,-0.00100893
5.32e-008,-0.000948973
5.33e-008,-0.000935269
5.34e-008,-0.000967815
5.35e-008,-0.00102092
5.36e-008,-0.00103633
5.37e-008,-0.00102948
5.38e-008,-0.00100721
5.39e-008,-0.000942121
5.4e-008,-0.000878742
5.41e-008,-0.000839344
5.42e-008,-0.00081365
5.43e-008,-0.000810224
5.44e-008,-0.0007674
5.45e-008,-0.00070916
5.46e-008,-0.000642355
5.47e-008,-0.000589254
5.48e-008,-0.000529301
5.49e-008,-0.000507032
5.5e-008,-0.000465922
5.51e-008,-0.000428237
5.52e-008,-0.000361432
5.53e-008,-0.000294627
5.54e-008,-0.0002381
5.55e-008,-0.000222683
5.56e-008,-0.000157591
5.57e-008,-0.000111342
5.58e-008,-6.16661e-005
5.59e-008,-3.42589e-006
5.6e-008,6.3379e-005
5.61e-008,0.000138749
5.62e-008,0.000174721
5.63e-008,0.000212405
5.64e-008,0.000234674
5.65e-008,0.000239813
5.66e-008,0.000241526
5.67e-008,0.000229535
5.68e-008,0.000226109
5.69e-008,0.000229535
5.7e-008,0.00026722
5.71e-008,0.00032546
5.72e-008,0.000409394
5.73e-008,0.000507032
5.74e-008,0.000602957
5.75e-008,0.000712586
5.76e-008,0.000817076
5.77e-008,0.000926704
5.78e-008,0.000993509
5.79e-008,0.00106203
5.8e-008,0.00110828
5.81e-008,0.00118536
5.82e-008,0.00127615
5.83e-008,0.00138577
5.84e-008,0.00147313
5.85e-008,0.0015879
5.86e-008,0.00162387
5.87e-008,0.00163758
5.88e-008,0.00160332
5.89e-008,0.00159818
5.9e-008,0.00160161
5.91e-008,0.001641
5.92e-008,0.00171637
5.93e-008,0.00181915
5.94e-008,0.00190651
5.95e-008,0.00198359
5.96e-008,0.00201614
5.97e-008,0.00200415
5.98e-008,0.00200586
5.99e-008,0.00201614
6e-008,0.00202299
6.01e-008,0.00205896
6.02e-008,0.00211378
6.03e-008,0.00218572
6.04e-008,0.00225253
6.05e-008,0.00229021
6.06e-008,0.00231419
6.07e-008,0.00232447
6.08e-008,0.00234674
6.09e-008,0.00237072
6.1e-008,0.00237757
6.11e-008,0.00241868
6.12e-008,0.0023947
6.13e-008,0.00240326
6.14e-008,0.00242382
6.15e-008,0.00245294
6.16e-008,0.00252831
6.17e-008,0.00263451
6.18e-008,0.00269275
6.19e-008,0.00270646
6.2e-008,0.00267048
6.21e-008,0.00260368
6.22e-008,0.00256771
6.23e-008,0.00253859
6.24e-008,0.00256771
6.25e-008,0.00264993
6.26e-008,0.00270817
6.27e-008,0.00271331
6.28e-008,0.00266877
6.29e-008,0.00259511
6.3e-008,0.0025266
6.31e-008,0.00247521
6.32e-008,0.00248891
6.33e-008,0.00250947
6.34e-008,0.00256086
6.35e-008,0.00258998
6.36e-008,0.00260025
6.37e-008,0.00258484
6.38e-008,0.00257627
6.39e-008,0.00256942
6.4e-008,0.00257285
6.41e-008,0.0025797
6.42e-008,0.00262081
6.43e-008,0.00262595
6.44e-008,0.00263109
6.45e-008,0.00257799
6.46e-008,0.00256771
6.47e-008,0.0025266
6.48e-008,0.00247863
6.49e-008,0.00245123
6.5e-008,0.00239984
6.51e-008,0.00236901
6.52e-008,0.00233817
6.53e-008,0.00232789
6.54e-008,0.00232276
6.55e-008,0.00233132
6.56e-008,0.00235873
6.57e-008,0.00237414
6.58e-008,0.00241012
6.59e-008,0.0023947
6.6e-008,0.00233303
6.61e-008,0.00225938
6.62e-008,0.00216345
6.63e-008,0.00210521
6.64e-008,0.00206924
6.65e-008,0.00208123
6.66e-008,0.00211035
6.67e-008,0.0021429
6.68e-008,0.00215489
6.69e-008,0.00213604
6.7e-008,0.00211378
6.71e-008,0.00206924
6.72e-008,0.00200586
6.73e-008,0.00198531
6.74e-008,0.00197674
6.75e-008,0.00200243
6.76e-008,0.00203669
6.77e-008,0.0020504
6.78e-008,0.00205725
6.79e-008,0.0019973
6.8e-008,0.00191679
6.81e-008,0.00179688
6.82e-008,0.00173179
6.83e-008,0.00170096
6.84e-008,0.00169924
6.85e-008,0.00172836
6.86e-008,0.00174892
6.87e-008,0.00171295
6.88e-008,0.00165128
6.89e-008,0.00154165
6.9e-008,0.00139776
6.91e-008,0.00129327
6.92e-008,0.0011905
6.93e-008,0.00114254
6.94e-008,0.0011374
6.95e-008,0.00114939
6.96e-008,0.00116823
6.97e-008,0.00112027
6.98e-008,0.00107059
6.99e-008,0.00101064
7e-008,0.000950686
7.01e-008,0.000906149
7.02e-008,0.000859899
7.03e-008,0.000822214
7.04e-008,0.000806798
7.05e-008,0.000794807
7.06e-008,0.000751984
7.07e-008,0.000729715
7.08e-008,0.000686892
7.09e-008,0.000632077
7.1e-008,0.000561847
7.11e-008,0.000462496
7.12e-008,0.000387126
7.13e-008,0.000301479
7.14e-008,0.000239813
7.15e-008,0.000186711
7.16e-008,0.000167869
7.17e-008,0.000166156
7.18e-008,0.000179859
7.19e-008,0.000149026
7.2e-008,0.000107916
7.21e-008,5.65272e-005
7.22e-008,-1.54165e-005
7.23e-008,-0.000109629
7.24e-008,-0.000178146
7.25e-008,-0.000292914
7.26e-008,-0.000369997
7.27e-008,-0.000424811
7.28e-008,-0.000443653
7.29e-008,-0.000465922
7.3e-008,-0.000469347
7.31e-008,-0.000472773
7.32e-008,-0.000483051
7.33e-008,-0.000501893
7.34e-008,-0.000483051
7.35e-008,-0.000476199
7.36e-008,-0.000450505
7.37e-008,-0.000428237
7.38e-008,-0.000428237
7.39e-008,-0.000443653
7.4e-008,-0.000508745
7.41e-008,-0.000582402
7.42e-008,-0.000616661
7.43e-008,-0.000642355
7.44e-008,-0.000657772
7.45e-008,-0.000638929
7.46e-008,-0.000626939
7.47e-008,-0.000647494
7.48e-008,-0.000683466
7.49e-008,-0.000757123
7.5e-008,-0.000830779
7.51e-008,-0.000897584
7.52e-008,-0.000948973
7.53e-008,-0.000967815
7.54e-008,-0.000948973
7.55e-008,-0.000923278
7.56e-008,-0.000904436
7.57e-008,-0.000868464
7.58e-008,-0.000851335
7.59e-008,-0.000851335
7.6e-008,-0.000837631
7.61e-008,-0.000853048
7.62e-008,-0.000873603
7.63e-008,-0.00090101
7.64e-008,-0.000913001
7.65e-008,-0.000911288
7.66e-008,-0.000883881
7.67e-008,-0.000841057
7.68e-008,-0.000808511
7.69e-008,-0.000770826
7.7e-008,-0.000750271
7.71e-008,-0.000728002
7.72e-008,-0.000698882
7.73e-008,-0.00066291
7.74e-008,-0.000623513
7.75e-008,-0.000565272
7.76e-008,-0.000541291
7.77e-008,-0.00051731
7.78e-008,-0.000529301
7.79e-008,-0.000508745
7.8e-008,-0.000435089
7.81e-008,-0.000346015
7.82e-008,-0.000210692
7.83e-008,-0.00013361
7.84e-008,-8.90732e-005
7.85e-008,-0.000118193
7.86e-008,-0.000161017
7.87e-008,-0.00025009
7.88e-008,-0.000318608
7.89e-008,-0.000347728
7.9e-008,-0.00030833
7.91e-008,-0.000277497
7.92e-008,-0.00025009
7.93e-008,-0.000224396
7.94e-008,-0.000179859
7.95e-008,-0.000137036
7.96e-008,-0.000107916
7.97e-008,-7.53697e-005
7.98e-008,-3.0833e-005
7.99e-008,3.0833e-005
8e-008,0.000106203
8.01e-008,0.000171295
8.02e-008,0.000226109
8.03e-008,0.000280923
8.04e-008,0.00030833
8.05e-008,0.000328886
8.06e-008,0.000340876
8.07e-008,0.000380274
8.08e-008,0.000465922
8.09e-008,0.000578976
8.1e-008,0.000659485
8.11e-008,0.000734854
8.12e-008,0.000758835
8.13e-008,0.000722864
8.14e-008,0.000638929
8.15e-008,0.000560134
8.16e-008,0.00051731
8.17e-008,0.000524162
8.18e-008,0.000558421
8.19e-008,0.000630364
8.2e-008,0.000724577
8.21e-008,0.000847909
8.22e-008,0.000942121
8.23e-008,0.00105175
8.24e-008,0.00115453
8.25e-008,0.00125216
8.26e-008,0.00133439
8.27e-008,0.00136693
8.28e-008,0.00135837
8.29e-008,0.0013755
8.3e-008,0.00141318
8.31e-008,0.00146971
8.32e-008,0.00154165
8.33e-008,0.00162901
8.34e-008,0.00172836
8.35e-008,0.00178489
8.36e-008,0.0017866
8.37e-008,0.00179688
8.38e-008,0.00179003
8.39e-008,0.00180373
8.4e-008,0.00187739
8.41e-008,0.00194591
8.42e-008,0.00205896
8.43e-008,0.00219942
8.44e-008,0.00228507
8.45e-008,0.00237757
8.46e-008,0.00238271
8.47e-008,0.00237586
8.48e-008,0.00236729
8.49e-008,0.00235701
8.5e-008,0.00241183
8.51e-008,0.00249576
8.52e-008,0.00257113
8.53e-008,0.0026328
8.54e-008,0.00266021
8.55e-008,0.0026722
8.56e-008,0.0027253
8.57e-008,0.00279382
8.58e-008,0.00292571
8.59e-008,0.00307474
8.6e-008,0.00320321
8.61e-008,0.00329228
8.62e-008,0.00334881
8.63e-008,0.00334539
8.64e-008,0.00333339
8.65e-008,0.00332826
8.66e-008,0.0033077
8.67e-008,0.00336594
8.68e-008,0.00345501
8.69e-008,0.00364173
8.7e-008,0.00380103
8.71e-008,0.00396033
8.72e-008,0.00405626
8.73e-008,0.00410936
8.74e-008,0.00415218
8.75e-008,0.00417788
8.76e-008,0.00425839
8.77e-008,0.00433033
8.78e-008,0.00442454
8.79e-008,0.00452218
8.8e-008,0.00456329
8.81e-008,0.00461982
8.82e-008,0.00464894
8.83e-008,0.00467121
8.84e-008,0.00469347
8.85e-008,0.0046969
8.86e-008,0.00469519
8.87e-008,0.00472945
8.88e-008,0.00482366
8.89e-008,0.00495727
8.9e-008,0.00511143
8.91e-008,0.00521935
8.92e-008,0.00526902
8.93e-008,0.00526731
8.94e-008,0.00518509
8.95e-008,0.00512856
8.96e-008,0.00512
8.97e-008,0.00516796
8.98e-008,0.00525361
8.99e-008,0.00536152
9e-008,0.00545916
9.01e-008,0.00555166
9.02e-008,0.00562703
9.03e-008,0.00569555
9.04e-008,0.00576235
9.05e-008,0.00582573
9.06e-008,0.00585999
9.07e-008,0.00587198
9.08e-008,0.00588911
9.09e-008,0.00592508
9.1e-008,0.00597133
9.11e-008,0.00602443
9.12e-008,0.00604156
9.13e-008,0.006033
9.14e-008,0.00602272
9.15e-008,0.00601416
9.16e-008,0.00604156
9.17e-008,0.00611693
9.18e-008,0.00621457
9.19e-008,0.00630193
9.2e-008,0.00638415
9.21e-008,0.00637901
9.22e-008,0.00636531
9.23e-008,0.00632591
9.24e-008,0.0063379
9.25e-008,0.00635503
9.26e-008,0.00641327
9.27e-008,0.00649378
9.28e-008,0.00656915
9.29e-008,0.0066154
9.3e-008,0.00663424
9.31e-008,0.00662739
9.32e-008,0.00664452
9.33e-008,0.00661369
9.34e-008,0.00664966
9.35e-008,0.00671304
9.36e-008,0.00677642
9.37e-008,0.00682095
9.38e-008,0.00682438
9.39e-008,0.00678327
9.4e-008,0.00675072
9.41e-008,0.00671475
9.42e-008,0.00671646
9.43e-008,0.00675929
9.44e-008,0.00678327
9.45e-008,0.00680554
9.46e-008,0.00681924
9.47e-008,0.00679183
9.48e-008,0.00678498
9.49e-008,0.00676443
9.5e-008,0.00677299
9.51e-008,0.00678498
9.52e-008,0.00682095
9.53e-008,0.0068398
9.54e-008,0.00687748
9.55e-008,0.00690318
9.56e-008,0.00687919
9.57e-008,0.00688776
9.58e-008,0.00686892
9.59e-008,0.00689119
9.6e-008,0.0068929
9.61e-008,0.0068929
9.62e-008,0.00690831
9.63e-008,0.00687234
9.64e-008,0.00684665
9.65e-008,0.00677642
9.66e-008,0.00675244
9.67e-008,0.00670961
9.68e-008,0.0067216
9.69e-008,0.00668221
9.7e-008,0.00667364
9.71e-008,0.00668049
9.72e-008,0.00669248
9.73e-008,0.0066942
9.74e-008,0.00673188
9.75e-008,0.00677299
9.76e-008,0.00683637
9.77e-008,0.00683808
9.78e-008,0.00683637
9.79e-008,0.00681068
9.8e-008,0.00676614
9.81e-008,0.0067079
9.82e-008,0.00664623
9.83e-008,0.00659998
9.84e-008,0.00660684
9.85e-008,0.0066411
9.86e-008,0.00667364
9.87e-008,0.00667193
9.88e-008,0.00667022
9.89e-008,0.00663938
9.9e-008,0.00659827
9.91e-008,0.00655716
9.92e-008,0.00653661
9.93e-008,0.00652975
9.94e-008,0.00653318
9.95e-008,0.00654517
9.96e-008,0.0065229
9.97e-008,0.00652119
9.98e-008,0.00651434
9.99e-008,0.00649549
1e-007,0.00649378
1.001e-007,0.00643897
1.002e-007,0.00637901
1.003e-007,0.00630193
1.004e-007,0.00623855
1.005e-007,0.0062317
1.006e-007,0.0062454
1.007e-007,0.00629679
1.008e-007,0.00632591
1.009e-007,0.00630878
1.01e-007,0.00627795
1.011e-007,0.00621457
1.012e-007,0.00618203
1.013e-007,0.00618031
1.014e-007,0.00621286
1.015e-007,0.0062317
1.016e-007,0.00625739
1.017e-007,0.00623684
1.018e-007,0.00618374
1.019e-007,0.00609295
1.02e-007,0.00599874
1.021e-007,0.00594393
1.022e-007,0.00589596
1.023e-007,0.00589082
1.024e-007,0.00590453
1.025e-007,0.00593022
1.026e-007,0.00594564
1.027e-007,0.00597133
1.028e-007,0.00597476
1.029e-007,0.00597476
1.03e-007,0.00595763
1.031e-007,0.00591823
1.032e-007,0.00589254
1.033e-007,0.0058086
1.034e-007,0.00570583
1.035e-007,0.00562018
1.036e-007,0.00555851
1.037e-007,0.00553282
1.038e-007,0.00552254
1.039e-007,0.00550199
1.04e-007,0.00544717
1.041e-007,0.00534097
1.042e-007,0.00523134
1.043e-007,0.00510116
1.044e-007,0.00503435
1.045e-007,0.00501037
1.046e-007,0.00503264
1.047e-007,0.00507889
1.048e-007,0.00506347
1.049e-007,0.0050669
1.05e-007,0.00501551
1.051e-007,0.0049744
1.052e-007,0.0048956
1.053e-007,0.00484079
1.054e-007,0.00481167
1.055e-007,0.00476028
1.056e-007,0.00474144
1.057e-007,0.00467806
1.058e-007,0.00463352
1.059e-007,0.00455644
1.06e-007,0.00448449
1.061e-007,0.004392
1.062e-007,0.00434061
1.063e-007,0.00432005
1.064e-007,0.00432862
1.065e-007,0.00434061
1.066e-007,0.00435431
1.067e-007,0.00435431
1.068e-007,0.00429093
1.069e-007,0.00419501
1.07e-007,0.00406996
1.071e-007,0.00397061
1.072e-007,0.00390552
1.073e-007,0.00387297
1.074e-007,0.00385242
1.075e-007,0.00384214
1.076e-007,0.00380445
1.077e-007,0.00375821
1.078e-007,0.00365372
1.079e-007,0.00352011
1.08e-007,0.00337108
1.081e-007,0.00325117
1.082e-007,0.00311414
1.083e-007,0.00303192
1.084e-007,0.00298224
1.085e-007,0.00295312
1.086e-007,0.00290858
1.087e-007,0.00287261
1.088e-007,0.00280409
1.089e-007,0.00272872
1.09e-007,0.00263451
1.091e-007,0.00257113
1.092e-007,0.00253687
1.093e-007,0.00252488
1.094e-007,0.00249919
1.095e-007,0.00244438
1.096e-007,0.00236729
1.097e-007,0.00226965
1.098e-007,0.00216003
1.099e-007,0.00208123
1.1e-007,0.00202984
1.101e-007,0.00201271
1.102e-007,0.00199387
1.103e-007,0.00194077
1.104e-007,0.00184656
1.105e-007,0.00172665
1.106e-007,0.00159818
1.107e-007,0.00147313
1.108e-007,0.00138749
1.109e-007,0.00131897
1.11e-007,0.00128814
1.111e-007,0.00126244
1.112e-007,0.00126415
1.113e-007,0.00124017
1.114e-007,0.00122818
1.115e-007,0.00116823
1.116e-007,0.00110485
1.117e-007,0.0010192
1.118e-007,0.000911288
1.119e-007,0.000806798
1.12e-007,0.000721151
1.121e-007,0.00065092
1.122e-007,0.000599531
1.123e-007,0.000565272
1.124e-007,0.000534439
1.125e-007,0.000510458
1.126e-007,0.000484764
1.127e-007,0.000450505
1.128e-007,0.000395691
1.129e-007,0.000352867
1.13e-007,0.000299766
1.131e-007,0.000244951
1.132e-007,0.000167869
1.133e-007,9.5925e-005
1.134e-007,8.56473e-006
1.135e-007,-6.85179e-005
1.136e-007,-0.000121619
1.137e-007,-0.000183285
1.138e-007,-0.000215831
1.139e-007,-0.000258655
1.14e-007,-0.000268933
1.141e-007,-0.000262081
1.142e-007,-0.000268933
1.143e-007,-0.000289488
1.144e-007,-0.000373422
1.145e-007,-0.000524162
1.146e-007,-0.000649207
1.147e-007,-0.000787956
1.148e-007,-0.000863325
1.149e-007,-0.000878742
1.15e-007,-0.000815363
1.151e-007,-0.000779391
1.152e-007,-0.000774252
1.153e-007,-0.000835918
1.154e-007,-0.000966102
1.155e-007,-0.00113397
1.156e-007,-0.00130869
1.157e-007,-0.00141661
1.158e-007,-0.00145429
1.159e-007,-0.00150054
1.16e-007,-0.00156563
1.161e-007,-0.00161188
1.162e-007,-0.00165471
1.163e-007,-0.00167526
1.164e-007,-0.00163244
1.165e-007,-0.00155022
1.166e-007,-0.00146114
1.167e-007,-0.00139948
1.168e-007,-0.0014029
1.169e-007,-0.00145772
1.17e-007,-0.0015348
1.171e-007,-0.00159304
1.172e-007,-0.001641
1.173e-007,-0.00167697
1.174e-007,-0.00168554
1.175e-007,-0.00170781
1.176e-007,-0.00171123
1.177e-007,-0.0017335
1.178e-007,-0.00174549
1.179e-007,-0.00177633
1.18e-007,-0.00185512
1.181e-007,-0.00193734
1.182e-007,-0.00198359
1.183e-007,-0.00200929
1.184e-007,-0.00200072
1.185e-007,-0.0019322
1.186e-007,-0.00189109
1.187e-007,-0.00189966
1.188e-007,-0.00195105
1.189e-007,-0.00202128
1.19e-007,-0.00211035
1.191e-007,-0.00217373
1.192e-007,-0.002196
1.193e-007,-0.002196
1.194e-007,-0.00219257
1.195e-007,-0.00220456
1.196e-007,-0.00220628
1.197e-007,-0.00223026
1.198e-007,-0.00223368
1.199e-007,-0.00223368
1.2e-007,-0.00225595
1.201e-007,-0.00228336
1.202e-007,-0.00233475
1.203e-007,-0.00239641
1.204e-007,-0.00243752
1.205e-007,-0.00245808
1.206e-007,-0.00248549
1.207e-007,-0.0025009
1.208e-007,-0.00253174
1.209e-007,-0.00259511
1.21e-007,-0.00263109
1.211e-007,-0.00266706
1.212e-007,-0.00267734
1.213e-007,-0.00267905
1.214e-007,-0.00269275
1.215e-007,-0.00268761
1.216e-007,-0.00268419
1.217e-007,-0.00266021
1.218e-007,-0.00261224
1.219e-007,-0.00254715
1.22e-007,-0.00249405
1.221e-007,-0.00247178
1.222e-007,-0.00251118
1.223e-007,-0.00258484
1.224e-007,-0.00268247
1.225e-007,-0.00279724
1.226e-007,-0.00289831
1.227e-007,-0.00295141
1.228e-007,-0.00293428
1.229e-007,-0.00287946
1.23e-007,-0.00278354
1.231e-007,-0.00266706
1.232e-007,-0.00258312
1.233e-007,-0.0025934
1.234e-007,-0.00263451
1.235e-007,-0.0026859
1.236e-007,-0.00277497
1.237e-007,-0.00284178
1.238e-007,-0.00291886
1.239e-007,-0.00294969
1.24e-007,-0.00292571
1.241e-007,-0.00290516
1.242e-007,-0.0028572
1.243e-007,-0.0028178
1.244e-007,-0.00280409
1.245e-007,-0.00280067
1.246e-007,-0.00283493
1.247e-007,-0.00288974
1.248e-007,-0.00293257
1.249e-007,-0.0029377
1.25e-007,-0.00290858
1.251e-007,-0.00288118
1.252e-007,-0.00282122
1.253e-007,-0.00278696
1.254e-007,-0.00276641
1.255e-007,-0.00274071
1.256e-007,-0.002739
1.257e-007,-0.00270303
1.258e-007,-0.00271845
1.259e-007,-0.00269275
1.26e-007,-0.00266192
1.261e-007,-0.00259511
1.262e-007,-0.00255058
1.263e-007,-0.00248891
1.264e-007,-0.00243752
1.265e-007,-0.00242553
1.266e-007,-0.00245637
1.267e-007,-0.00249748
1.268e-007,-0.0025266
1.269e-007,-0.00252317
1.27e-007,-0.0024872
1.271e-007,-0.00245294
1.272e-007,-0.00242382
1.273e-007,-0.00240498
1.274e-007,-0.0023947
1.275e-007,-0.00238956
1.276e-007,-0.00237243
1.277e-007,-0.00232447
1.278e-007,-0.00227651
1.279e-007,-0.00225081
1.28e-007,-0.00224739
1.281e-007,-0.00225766
1.282e-007,-0.00228507
1.283e-007,-0.00228336
1.284e-007,-0.00225766
1.285e-007,-0.00225081
1.286e-007,-0.00222512
1.287e-007,-0.00219771
1.288e-007,-0.00218743
1.289e-007,-0.00221655
1.29e-007,-0.00222683
1.291e-007,-0.00221141
1.292e-007,-0.00218401
1.293e-007,-0.00215831
1.294e-007,-0.00213776
1.295e-007,-0.00210007
1.296e-007,-0.00210007
1.297e-007,-0.00211549
1.298e-007,-0.00217202
1.299e-007,-0.00221655
1.3e-007,-0.00224225
1.301e-007,-0.00224739
1.302e-007,-0.00226109
1.303e-007,-0.00221827
1.304e-007,-0.00220114
1.305e-007,-0.00218401
1.306e-007,-0.00220628
1.307e-007,-0.00226109
1.308e-007,-0.00231762
1.309e-007,-0.0023416
1.31e-007,-0.00230563
1.311e-007,-0.00222512
1.312e-007,-0.00211035
1.313e-007,-0.00199387
1.314e-007,-0.00190822
1.315e-007,-0.00194762
1.316e-007,-0.00200072
1.317e-007,-0.00210007
1.318e-007,-0.00218229
1.319e-007,-0.00223882
1.32e-007,-0.0022885
1.321e-007,-0.00230905
1.322e-007,-0.00237928
1.323e-007,-0.00243924
1.324e-007,-0.00251289
1.325e-007,-0.0025266
1.326e-007,-0.00251632
1.327e-007,-0.00249062
1.328e-007,-0.00242553
1.329e-007,-0.00236387
1.33e-007,-0.00235701
1.331e-007,-0.00236215
1.332e-007,-0.00242211
1.333e-007,-0.00250775
1.334e-007,-0.00257113
1.335e-007,-0.00262595
1.336e-007,-0.00264308
1.337e-007,-0.00263965
1.338e-007,-0.00262937
1.339e-007,-0.00260197
1.34e-007,-0.00260368
1.341e-007,-0.00257285
1.342e-007,-0.00256428
1.343e-007,-0.00252488
1.344e-007,-0.00246493
1.345e-007,-0.00241012
1.346e-007,-0.00237586
1.347e-007,-0.0024084
1.348e-007,-0.00248377
1.349e-007,-0.00257113
1.35e-007,-0.00264822
1.351e-007,-0.00267905
1.352e-007,-0.00268419
1.353e-007,-0.00265335
1.354e-007,-0.00266706
1.355e-007,-0.00273215
1.356e-007,-0.0027921
1.357e-007,-0.00286576
1.358e-007,-0.00292229
1.359e-007,-0.00300793
1.36e-007,-0.00304391
1.361e-007,-0.00308159
1.362e-007,-0.00310557
1.363e-007,-0.0031227
1.364e-007,-0.00315354
1.365e-007,-0.00316039
1.366e-007,-0.00317923
1.367e-007,-0.00320492
1.368e-007,-0.00322548
1.369e-007,-0.00319465
1.37e-007,-0.00318779
1.371e-007,-0.00318266
1.372e-007,-0.00321006
1.373e-007,-0.00327687
1.374e-007,-0.00332654
1.375e-007,-0.00338821
1.376e-007,-0.00341562
1.377e-007,-0.00339163
1.378e-007,-0.0033471
1.379e-007,-0.0033077
1.38e-007,-0.00329057
1.381e-007,-0.00327858
1.382e-007,-0.0033214
1.383e-007,-0.00339677
1.384e-007,-0.00347728
1.385e-007,-0.00355436
1.386e-007,-0.00360233
1.387e-007,-0.00362631
1.388e-007,-0.00364344
1.389e-007,-0.00363487
1.39e-007,-0.00362288
1.391e-007,-0.00357149
1.392e-007,-0.00357492
1.393e-007,-0.00353552
1.394e-007,-0.00350812
1.395e-007,-0.00352696
1.396e-007,-0.00352696
1.397e-007,-0.0035595
1.398e-007,-0.00359376
1.399e-007,-0.0035852
1.4e-007,-0.0035989
1.401e-007,-0.00360575
1.402e-007,-0.00359548
1.403e-007,-0.00360233
1.404e-007,-0.00362288
1.405e-007,-0.00365029
1.406e-007,-0.00370682
1.407e-007,-0.00374621
1.408e-007,-0.00378561
1.409e-007,-0.00380274
1.41e-007,-0.00377191
1.411e-007,-0.0037702
1.412e-007,-0.00373422
1.413e-007,-0.00374108
1.414e-007,-0.00378219
1.415e-007,-0.00378047
1.416e-007,-0.00380103
1.417e-007,-0.00379075
1.418e-007,-0.00376163
1.419e-007,-0.00374793
1.42e-007,-0.00375135
1.421e-007,-0.00376848
1.422e-007,-0.00380274
1.423e-007,-0.00382501
1.424e-007,-0.00381816
1.425e-007,-0.00377705
1.426e-007,-0.00369825
1.427e-007,-0.00362802
1.428e-007,-0.00353724
1.429e-007,-0.00351154
1.43e-007,-0.00353381
1.431e-007,-0.00359548
1.432e-007,-0.00367598
1.433e-007,-0.00373422
1.434e-007,-0.00373422
1.435e-007,-0.00371024
1.436e-007,-0.00364515
1.437e-007,-0.00358691
1.438e-007,-0.00356293
1.439e-007,-0.00357149
1.44e-007,-0.00360061
1.441e-007,-0.00361774
1.442e-007,-0.00361774
1.443e-007,-0.00355436
1.444e-007,-0.00346872
1.445e-007,-0.00335909
1.446e-007,-0.00328886
1.447e-007,-0.00323404
1.448e-007,-0.00316724
1.449e-007,-0.00312442
1.45e-007,-0.00305932
1.451e-007,-0.00300965
1.452e-007,-0.00298395
1.453e-007,-0.00296169
1.454e-007,-0.00295312
1.455e-007,-0.00296511
1.456e-007,-0.00298567
1.457e-007,-0.00298738
1.458e-007,-0.00295997
1.459e-007,-0.00289317
1.46e-007,-0.00285377
1.461e-007,-0.00280409
1.462e-007,-0.00274928
1.463e-007,-0.00275442
1.464e-007,-0.00272872
1.465e-007,-0.00275613
1.466e-007,-0.00275956
1.467e-007,-0.00270646
1.468e-007,-0.00264822
1.469e-007,-0.002554
1.47e-007,-0.0024735
1.471e-007,-0.00240669
1.472e-007,-0.00239984
1.473e-007,-0.00241012
1.474e-007,-0.00245123
1.475e-007,-0.00246493
1.476e-007,-0.00241012
1.477e-007,-0.00233475
1.478e-007,-0.00224225
1.479e-007,-0.00212919
1.48e-007,-0.00203498
1.481e-007,-0.00198531
1.482e-007,-0.00195276
1.483e-007,-0.00195447
1.484e-007,-0.00194762
1.485e-007,-0.00192364
1.486e-007,-0.00189281
1.487e-007,-0.00184656
1.488e-007,-0.00181572
1.489e-007,-0.00179003
1.49e-007,-0.00174378
1.491e-007,-0.00167526
1.492e-007,-0.00159647
1.493e-007,-0.00149369
1.494e-007,-0.00141489
1.495e-007,-0.00135665
1.496e-007,-0.00135323
1.497e-007,-0.00136351
1.498e-007,-0.00139948
1.499e-007,-0.00139776
1.5e-007,-0.00137721
1.501e-007,-0.00134809
1.502e-007,-0.00129327
1.503e-007,-0.00119392
1.504e-007,-0.00109971
1.505e-007,-0.00100379
1.506e-007,-0.000960963
1.507e-007,-0.00094726
1.508e-007,-0.000972954
1.509e-007,-0.000986657
1.51e-007,-0.000995222
1.511e-007,-0.000971241
1.512e-007,-0.000906149
1.513e-007,-0.000829066
1.514e-007,-0.000707447
1.515e-007,-0.000587541
1.516e-007,-0.000496755
1.517e-007,-0.00041282
1.518e-007,-0.000356293
1.519e-007,-0.000299766
1.52e-007,-0.000262081
1.521e-007,-0.000203841
1.522e-007,-0.000166156
1.523e-007,-0.000125045
1.524e-007,-7.36567e-005
1.525e-007,-3.59719e-005
1.526e-007,1.54165e-005
1.527e-007,0.000111342
1.528e-007,0.000205554
1.529e-007,0.000258655
1.53e-007,0.000256942
1.531e-007,0.000275784
1.532e-007,0.000272359
1.533e-007,0.000251803
1.534e-007,0.000265507
1.535e-007,0.000286062
1.536e-007,0.000323747
1.537e-007,0.000390552
1.538e-007,0.000419672
1.539e-007,0.00042995
1.54e-007,0.000419672
1.541e-007,0.000433376
1.542e-007,0.00047106
1.543e-007,0.000541291
1.544e-007,0.000597818
1.545e-007,0.000638929
1.546e-007,0.00066291
1.547e-007,0.000668049
1.548e-007,0.000690318
1.549e-007,0.000758835
1.55e-007,0.000849622
1.551e-007,0.000962676
1.552e-007,0.00108943
1.553e-007,0.00117166
1.554e-007,0.00121105
1.555e-007,0.00122304
1.556e-007,0.00123332
1.557e-007,0.00125902
1.558e-007,0.00126415
1.559e-007,0.00129841
1.56e-007,0.00134295
1.561e-007,0.00138577
1.562e-007,0.00144573
1.563e-007,0.00151425
1.564e-007,0.00157762
1.565e-007,0.00161873
1.566e-007,0.00161188
1.567e-007,0.00159475
1.568e-007,0.00156392
1.569e-007,0.00160161
1.57e-007,0.00164614
1.571e-007,0.00173693
1.572e-007,0.00180887
1.573e-007,0.00188253
1.574e-007,0.00190651
1.575e-007,0.00190308
1.576e-007,0.00188767
1.577e-007,0.00188082
1.578e-007,0.00191336
1.579e-007,0.00197845
1.58e-007,0.0020778
1.581e-007,0.00215489
1.582e-007,0.00222512
1.583e-007,0.00223711
1.584e-007,0.00220114
1.585e-007,0.00216174
1.586e-007,0.00212748
1.587e-007,0.00211549
1.588e-007,0.0021566
1.589e-007,0.00220456
1.59e-007,0.00224225
1.591e-007,0.00224396
1.592e-007,0.00222854
1.593e-007,0.0022097
1.594e-007,0.00223026
1.595e-007,0.00226794
1.596e-007,0.00233817
1.597e-007,0.00241697
1.598e-007,0.00245808
1.599e-007,0.00248206
1.6e-007,0.0024735
1.601e-007,0.00245123
1.602e-007,0.00242039
1.603e-007,0.00242039
1.604e-007,0.00244095
1.605e-007,0.00247692
1.606e-007,0.00253002
1.607e-007,0.00256942
1.608e-007,0.00256599
1.609e-007,0.00254715
1.61e-007,0.00249062
1.611e-007,0.0024615
1.612e-007,0.00244609
1.613e-007,0.00245465
1.614e-007,0.00246836
1.615e-007,0.00249234
1.616e-007,0.00247692
1.617e-007,0.00247521
1.618e-007,0.00247007
1.619e-007,0.00250433
1.62e-007,0.00253859
1.621e-007,0.00258141
1.622e-007,0.00259683
1.623e-007,0.0025934
1.624e-007,0.00258484
1.625e-007,0.00254886
1.626e-007,0.00256257
1.627e-007,0.00259169
1.628e-007,0.00264136
1.629e-007,0.00267734
1.63e-007,0.00266877
1.631e-007,0.00265507
1.632e-007,0.00263109
1.633e-007,0.00260882
1.634e-007,0.00259511
1.635e-007,0.00257113
1.636e-007,0.00253687
1.637e-007,0.00249748
1.638e-007,0.00245123
1.639e-007,0.00247007
1.64e-007,0.00252146
1.641e-007,0.00260025
1.642e-007,0.00272016
1.643e-007,0.00281608
1.644e-007,0.00285891
1.645e-007,0.00285377
1.646e-007,0.00282294
1.647e-007,0.00279553
1.648e-007,0.00275271
1.649e-007,0.00272701
1.65e-007,0.0027253
1.651e-007,0.0026859
1.652e-007,0.00267391
1.653e-007,0.00262595
1.654e-007,0.00260539
1.655e-007,0.00263451
1.656e-007,0.0026465
1.657e-007,0.00267391
1.658e-007,0.00267905
1.659e-007,0.00267905
1.66e-007,0.00262937
1.661e-007,0.0025934
1.662e-007,0.00258484
1.663e-007,0.00256428
1.664e-007,0.00255914
1.665e-007,0.00254201
1.666e-007,0.00253174
1.667e-007,0.00249405
1.668e-007,0.00245808
1.669e-007,0.00245465
1.67e-007,0.00251289
1.671e-007,0.00256942
1.672e-007,0.00267048
1.673e-007,0.00275442
1.674e-007,0.00280067
1.675e-007,0.0028452
1.676e-007,0.00283664
1.677e-007,0.00279382
1.678e-007,0.00272016
1.679e-007,0.00264479
1.68e-007,0.00257113
1.681e-007,0.00253859
1.682e-007,0.0025266
1.683e-007,0.002554
1.684e-007,0.00258141
1.685e-007,0.00260539
1.686e-007,0.00258655
1.687e-007,0.00256428
1.688e-007,0.0025266
1.689e-007,0.00247521
1.69e-007,0.00243581
1.691e-007,0.00244951
1.692e-007,0.00245808
1.693e-007,0.00245637
1.694e-007,0.00244266
1.695e-007,0.00241012
1.696e-007,0.00237586
1.697e-007,0.00235016
1.698e-007,0.00233817
1.699e-007,0.00233817
1.7e-007,0.0023159
1.701e-007,0.00229535
1.702e-007,0.00225424
1.703e-007,0.00219942
1.704e-007,0.00216345
1.705e-007,0.0021566
1.706e-007,0.00214632
1.707e-007,0.00217716
1.708e-007,0.002196
1.709e-007,0.00223368
1.71e-007,0.00223197
1.711e-007,0.00224739
1.712e-007,0.00222854
1.713e-007,0.00218229
1.714e-007,0.00212405
1.715e-007,0.00203498
1.716e-007,0.00197845
1.717e-007,0.00191679
1.718e-007,0.00189281
1.719e-007,0.00189452
1.72e-007,0.00192878
1.721e-007,0.00193734
1.722e-007,0.00192021
1.723e-007,0.00185512
1.724e-007,0.00176947
1.725e-007,0.00168383
1.726e-007,0.00160674
1.727e-007,0.00151596
1.728e-007,0.00147999
1.729e-007,0.00146971
1.73e-007,0.00145258
1.731e-007,0.00145087
1.732e-007,0.00144059
1.733e-007,0.00141832
1.734e-007,0.00138749
1.735e-007,0.00140633
1.736e-007,0.00140976
1.737e-007,0.00146457
1.738e-007,0.00151767
1.739e-007,0.00154165
1.74e-007,0.00158276
1.741e-007,0.00157762
1.742e-007,0.00154508
1.743e-007,0.00147485
1.744e-007,0.00141661
1.745e-007,0.00137036
1.746e-007,0.00130869
1.747e-007,0.00124531
1.748e-007,0.00119564
1.749e-007,0.00116138
1.75e-007,0.00112369
1.751e-007,0.00110999
1.752e-007,0.00110828
1.753e-007,0.00110485
1.754e-007,0.001098
1.755e-007,0.00103633
1.756e-007,0.000966102
