LECROYWM8500,500500138,Waveform
Segments,1,SegmentSize,2002
Segment,TrigTime,TimeSinceSegment1
#1,21-Mar-2024 17:20:35,0                 
Time,Ampl
-2.45e-008,0.000219257
-2.44e-008,0.000291201
-2.43e-008,0.000364858
-2.42e-008,0.000428237
-2.41e-008,0.00045907
-2.4e-008,0.000453931
-2.39e-008,0.000378561
-2.38e-008,0.000268933
-2.37e-008,0.000181572
-2.36e-008,0.000111342
-2.35e-008,6.85179e-005
-2.34e-008,0.000106203
-2.33e-008,0.000137036
-2.32e-008,0.000157591
-2.31e-008,0.000164443
-2.3e-008,0.000119906
-2.29e-008,8.05085e-005
-2.28e-008,5.99531e-005
-2.27e-008,0.000102777
-2.26e-008,0.000179859
-2.25e-008,0.000306617
-2.24e-008,0.000407681
-2.23e-008,0.000469347
-2.22e-008,0.000495042
-2.21e-008,0.000423098
-2.2e-008,0.000388839
-2.19e-008,0.000311756
-2.18e-008,0.000248377
-2.17e-008,0.000236387
-2.16e-008,0.00022097
-2.15e-008,0.000219257
-2.14e-008,0.000210692
-2.13e-008,0.000193563
-2.12e-008,0.000178146
-2.11e-008,0.00016273
-2.1e-008,0.000176434
-2.09e-008,0.00022097
-2.08e-008,0.000339163
-2.07e-008,0.000426524
-2.06e-008,0.000477912
-2.05e-008,0.000472773
-2.04e-008,0.000423098
-2.03e-008,0.000332312
-2.02e-008,0.000246664
-2.01e-008,0.000157591
-2e-008,0.000107916
-1.99e-008,0.000113054
-1.98e-008,0.00011648
-1.97e-008,0.000126758
-1.96e-008,0.000135323
-1.95e-008,0.000154165
-1.94e-008,0.000164443
-1.93e-008,0.000214118
-1.92e-008,0.000231248
-1.91e-008,0.000253516
-1.9e-008,0.00026722
-1.89e-008,0.000306617
-1.88e-008,0.000332312
-1.87e-008,0.000405968
-1.86e-008,0.000460783
-1.85e-008,0.000472773
-1.84e-008,0.000436801
-1.83e-008,0.000369997
-1.82e-008,0.00029634
-1.81e-008,0.0002381
-1.8e-008,0.000190137
-1.79e-008,0.000198702
-1.78e-008,0.000258655
-1.77e-008,0.000318608
-1.76e-008,0.000313469
-1.75e-008,0.00027921
-1.74e-008,0.000217544
-1.73e-008,0.000135323
-1.72e-008,9.42121e-005
-1.71e-008,4.96755e-005
-1.7e-008,9.93509e-005
-1.69e-008,0.000159304
-1.68e-008,0.00025009
-1.67e-008,0.000327173
-1.66e-008,0.000344302
-1.65e-008,0.000380274
-1.64e-008,0.000337451
-1.63e-008,0.000289488
-1.62e-008,0.000229535
-1.61e-008,0.000200415
-1.6e-008,0.000128471
-1.59e-008,0.00011648
-1.58e-008,7.19438e-005
-1.57e-008,6.68049e-005
-1.56e-008,7.87956e-005
-1.55e-008,0.000106203
-1.54e-008,0.000147313
-1.53e-008,0.000174721
-1.52e-008,0.000224396
-1.51e-008,0.000210692
-1.5e-008,0.000183285
-1.49e-008,0.000113054
-1.48e-008,3.59719e-005
-1.47e-008,-8.56473e-006
-1.46e-008,-1.02777e-005
-1.45e-008,-5.13884e-006
-1.44e-008,7.19438e-005
-1.43e-008,0.00011648
-1.42e-008,0.000166156
-1.41e-008,0.000210692
-1.4e-008,0.000280923
-1.39e-008,0.000373422
-1.38e-008,0.000440227
-1.37e-008,0.000513884
-1.36e-008,0.000527588
-1.35e-008,0.000491616
-1.34e-008,0.000402543
-1.33e-008,0.000306617
-1.32e-008,0.00025009
-1.31e-008,0.000222683
-1.3e-008,0.000255229
-1.29e-008,0.000313469
-1.28e-008,0.000363145
-1.27e-008,0.000421385
-1.26e-008,0.000450505
-1.25e-008,0.000462496
-1.24e-008,0.00047106
-1.23e-008,0.000457357
-1.22e-008,0.000404255
-1.21e-008,0.000335738
-1.2e-008,0.000274071
-1.19e-008,0.000286062
-1.18e-008,0.000301479
-1.17e-008,0.000352867
-1.16e-008,0.000414533
-1.15e-008,0.000409394
-1.14e-008,0.000453931
-1.13e-008,0.000469347
-1.12e-008,0.000483051
-1.11e-008,0.000503606
-1.1e-008,0.000513884
-1.09e-008,0.000541291
-1.08e-008,0.000512171
-1.07e-008,0.000491616
-1.06e-008,0.000496755
-1.05e-008,0.000512171
-1.04e-008,0.000541291
-1.03e-008,0.000608096
-1.02e-008,0.000652633
-1.01e-008,0.000676614
-1e-008,0.000716012
-9.9e-009,0.000736567
-9.8e-009,0.000731428
-9.7e-009,0.000722864
-9.6e-009,0.000692031
-9.5e-009,0.000664623
-9.4e-009,0.000666336
-9.3e-009,0.000728002
-9.2e-009,0.000791381
-9.1e-009,0.000859899
-9e-009,0.000892445
-8.9e-009,0.000865038
-8.8e-009,0.000830779
-8.7e-009,0.000811937
-8.6e-009,0.000817076
-8.5e-009,0.000858186
-8.4e-009,0.000911288
-8.3e-009,0.000948973
-8.2e-009,0.000924991
-8.1e-009,0.00090101
-8e-009,0.000841057
-7.9e-009,0.000815363
-7.8e-009,0.000835918
-7.7e-009,0.000895871
-7.6e-009,0.00091814
-7.5e-009,0.000907862
-7.4e-009,0.000791381
-7.3e-009,0.000620087
-7.2e-009,0.000426524
-7.1e-009,0.000234674
-7e-009,0.000167869
-6.9e-009,0.000178146
-6.8e-009,0.000263794
-6.7e-009,0.000385413
-6.6e-009,0.000503606
-6.5e-009,0.000527588
-6.4e-009,0.000508745
-6.3e-009,0.00042995
-6.2e-009,0.000332312
-6.1e-009,0.000222683
-6e-009,0.000152452
-5.9e-009,5.65272e-005
-5.8e-009,-1.37036e-005
-5.7e-009,-7.36567e-005
-5.6e-009,-8.73603e-005
-5.5e-009,-3.42589e-005
-5.4e-009,6.16661e-005
-5.3e-009,0.000164443
-5.2e-009,0.000226109
-5.1e-009,0.000231248
-5e-009,0.000179859
-4.9e-009,8.56473e-005
-4.8e-009,8.90732e-005
-4.7e-009,0.000130184
-4.6e-009,0.000244951
-4.5e-009,0.000387126
-4.4e-009,0.000472773
-4.3e-009,0.000560134
-4.2e-009,0.000543004
-4.1e-009,0.00050018
-4e-009,0.000417959
-3.9e-009,0.00035458
-3.8e-009,0.000268933
-3.7e-009,0.000227822
-3.6e-009,0.000203841
-3.5e-009,0.000200415
-3.4e-009,0.000176434
-3.3e-009,0.000130184
-3.2e-009,4.62496e-005
-3.1e-009,-5.13884e-005
-3e-009,-9.24991e-005
-2.9e-009,-5.99531e-005
-2.8e-009,0.00013361
-2.7e-009,0.000378561
-2.6e-009,0.000609809
-2.5e-009,0.000751984
-2.4e-009,0.000753697
-2.3e-009,0.000589254
-2.2e-009,0.000322034
-2.1e-009,-1.19906e-005
-2e-009,-0.000268933
-1.9e-009,-0.000431663
-1.8e-009,-0.00048819
-1.7e-009,-0.000453931
-1.6e-009,-0.000375135
-1.5e-009,-0.000244951
-1.4e-009,-0.000173008
-1.3e-009,-0.000121619
-1.2e-009,-8.39344e-005
-1.1e-009,-5.31014e-005
-1e-009,-3.42589e-005
-9e-010,-1.71295e-006
-8e-010,5.31014e-005
-7e-010,0.00010449
-6e-010,0.000123332
-5e-010,0.000107916
-4e-010,3.59719e-005
-3e-010,-7.53697e-005
-2e-010,-0.000217544
-1e-010,-0.000404255
4.138488e-023,-0.000558421
1e-010,-0.000700595
2e-010,-0.000719438
3e-010,-0.000635503
4e-010,-0.000438514
5e-010,-0.000200415
6e-010,2.91201e-005
7e-010,0.0001456
8e-010,9.7638e-005
9e-010,-4.28237e-005
1e-009,-0.000243238
1.1e-009,-0.000404255
1.2e-009,-0.000519023
1.3e-009,-0.000551569
1.4e-009,-0.000553282
1.5e-009,-0.000503606
1.6e-009,-0.000493329
1.7e-009,-0.000457357
1.8e-009,-0.000448792
1.9e-009,-0.000460783
2e-009,-0.000484764
2.1e-009,-0.000481338
2.2e-009,-0.00045907
2.3e-009,-0.000369997
2.4e-009,-0.000263794
2.5e-009,-0.000224396
2.6e-009,-0.000253516
2.7e-009,-0.000376848
2.8e-009,-0.000554995
2.9e-009,-0.000770826
3e-009,-0.00091814
3.1e-009,-0.00100036
3.2e-009,-0.00103805
3.3e-009,-0.00100893
3.4e-009,-0.00102777
3.5e-009,-0.0010843
3.6e-009,-0.00114939
3.7e-009,-0.00127101
3.8e-009,-0.00136351
3.9e-009,-0.00142346
4e-009,-0.00142517
4.1e-009,-0.00138749
4.2e-009,-0.00129841
4.3e-009,-0.00121791
4.4e-009,-0.00115795
4.5e-009,-0.00113568
4.6e-009,-0.00118022
4.7e-009,-0.00121105
4.8e-009,-0.00129499
4.9e-009,-0.00132582
5e-009,-0.00135665
5.1e-009,-0.00137207
5.2e-009,-0.00141318
5.3e-009,-0.00142346
5.4e-009,-0.00141489
5.5e-009,-0.0013892
5.6e-009,-0.00136693
5.7e-009,-0.00139605
5.8e-009,-0.0014423
5.9e-009,-0.00155364
6e-009,-0.00169582
6.1e-009,-0.00180716
6.2e-009,-0.00184313
6.3e-009,-0.00175748
6.4e-009,-0.00163586
6.5e-009,-0.00149198
6.6e-009,-0.00136008
6.7e-009,-0.00129156
6.8e-009,-0.00127101
6.9e-009,-0.00126244
7e-009,-0.00127101
7.1e-009,-0.0012436
7.2e-009,-0.00119392
7.3e-009,-0.00118365
7.4e-009,-0.00117851
7.5e-009,-0.00121962
7.6e-009,-0.00129499
7.7e-009,-0.00142517
7.8e-009,-0.00154165
7.9e-009,-0.00166327
8e-009,-0.00173522
8.1e-009,-0.00177804
8.2e-009,-0.00178832
8.3e-009,-0.00181915
8.4e-009,-0.00186197
8.5e-009,-0.00194762
8.6e-009,-0.00200415
8.7e-009,-0.00202642
8.8e-009,-0.00198188
8.9e-009,-0.00185512
9e-009,-0.00172322
9.1e-009,-0.0015879
9.2e-009,-0.00153651
9.3e-009,-0.00146628
9.4e-009,-0.00144573
9.5e-009,-0.0014423
9.6e-009,-0.00146971
9.7e-009,-0.00152281
9.8e-009,-0.00158276
9.9e-009,-0.001641
1e-008,-0.00171123
1.01e-008,-0.00176434
1.02e-008,-0.0018123
1.03e-008,-0.00190651
1.04e-008,-0.00203841
1.05e-008,-0.00216345
1.06e-008,-0.00226794
1.07e-008,-0.00228507
1.08e-008,-0.00221827
1.09e-008,-0.00207609
1.1e-008,-0.00191165
1.11e-008,-0.00176434
1.12e-008,-0.00168383
1.13e-008,-0.001641
1.14e-008,-0.00163758
1.15e-008,-0.00164957
1.16e-008,-0.00165985
1.17e-008,-0.00167697
1.18e-008,-0.00168554
1.19e-008,-0.00169924
1.2e-008,-0.00176091
1.21e-008,-0.00188767
1.22e-008,-0.00200243
1.23e-008,-0.00209836
1.24e-008,-0.00216516
1.25e-008,-0.00213776
1.26e-008,-0.00200072
1.27e-008,-0.00179346
1.28e-008,-0.00157249
1.29e-008,-0.00139948
1.3e-008,-0.00132239
1.31e-008,-0.00127957
1.32e-008,-0.00131554
1.33e-008,-0.00133952
1.34e-008,-0.00135494
1.35e-008,-0.00134124
1.36e-008,-0.00132753
1.37e-008,-0.00129841
1.38e-008,-0.00131383
1.39e-008,-0.00130184
1.4e-008,-0.00132068
1.41e-008,-0.00132753
1.42e-008,-0.00126587
1.43e-008,-0.00125045
1.44e-008,-0.00118365
1.45e-008,-0.00112369
1.46e-008,-0.001098
1.47e-008,-0.00105004
1.48e-008,-0.00103976
1.49e-008,-0.0010192
1.5e-008,-0.0010055
1.51e-008,-0.000957537
1.52e-008,-0.000913001
1.53e-008,-0.000858186
1.54e-008,-0.000815363
1.55e-008,-0.000781104
1.56e-008,-0.000721151
1.57e-008,-0.000674901
1.58e-008,-0.000608096
1.59e-008,-0.000529301
1.6e-008,-0.000462496
1.61e-008,-0.000405968
1.62e-008,-0.000371709
1.63e-008,-0.000347728
1.64e-008,-0.000320321
1.65e-008,-0.000339163
1.66e-008,-0.000375135
1.67e-008,-0.00041282
1.68e-008,-0.000428237
1.69e-008,-0.00042995
1.7e-008,-0.000405968
1.71e-008,-0.000397404
1.72e-008,-0.000387126
1.73e-008,-0.00041282
1.74e-008,-0.000479625
1.75e-008,-0.000549856
1.76e-008,-0.00057555
1.77e-008,-0.000551569
1.78e-008,-0.000483051
1.79e-008,-0.000393978
1.8e-008,-0.00027921
1.81e-008,-0.000195276
1.82e-008,-0.000157591
1.83e-008,-0.000143888
1.84e-008,-0.000159304
1.85e-008,-0.000169582
1.86e-008,-0.000202128
1.87e-008,-0.000210692
1.88e-008,-0.000256942
1.89e-008,-0.000277497
1.9e-008,-0.000260368
1.91e-008,-0.000227822
1.92e-008,-0.0001456
1.93e-008,-9.7638e-005
1.94e-008,-0.000106203
1.95e-008,-0.000176434
1.96e-008,-0.000262081
1.97e-008,-0.000311756
1.98e-008,-0.000299766
1.99e-008,-0.000205554
2e-008,-9.07862e-005
2.01e-008,1.19906e-005
2.02e-008,2.39813e-005
2.03e-008,-3.2546e-005
2.04e-008,-0.000130184
2.05e-008,-0.00022097
2.06e-008,-0.000195276
2.07e-008,-0.000101064
2.08e-008,-3.42589e-006
2.09e-008,6.3379e-005
2.1e-008,9.7638e-005
2.11e-008,5.99531e-005
2.12e-008,6.85179e-006
2.13e-008,-7.70826e-005
2.14e-008,-0.000140462
2.15e-008,-0.000186711
2.16e-008,-0.000215831
2.17e-008,-0.00025009
2.18e-008,-0.000262081
2.19e-008,-0.000248377
2.2e-008,-0.00020898
2.21e-008,-0.000154165
2.22e-008,-0.000109629
2.23e-008,-0.000101064
2.24e-008,-0.000128471
2.25e-008,-0.000131897
2.26e-008,-0.000119906
2.27e-008,-6.68049e-005
2.28e-008,-1.02777e-005
2.29e-008,8.56473e-005
2.3e-008,0.000119906
2.31e-008,0.000121619
2.32e-008,5.31014e-005
2.33e-008,6.85179e-006
2.34e-008,-1.71295e-005
2.35e-008,5.13884e-006
2.36e-008,3.76848e-005
2.37e-008,0.000109629
2.38e-008,0.000166156
2.39e-008,0.000210692
2.4e-008,0.00026722
2.41e-008,0.000260368
2.42e-008,0.000292914
2.43e-008,0.000316895
2.44e-008,0.000356293
2.45e-008,0.000416246
2.46e-008,0.000421385
2.47e-008,0.00048819
2.48e-008,0.000498468
2.49e-008,0.000503606
2.5e-008,0.000525875
2.51e-008,0.000539578
2.52e-008,0.000601244
2.53e-008,0.000664623
2.54e-008,0.000705734
2.55e-008,0.000748558
2.56e-008,0.000724577
2.57e-008,0.000734854
2.58e-008,0.000707447
2.59e-008,0.000647494
2.6e-008,0.000599531
2.61e-008,0.000527588
2.62e-008,0.000431663
2.63e-008,0.000344302
2.64e-008,0.000328886
2.65e-008,0.000375135
2.66e-008,0.000477912
2.67e-008,0.000632077
2.68e-008,0.000721151
2.69e-008,0.000760548
2.7e-008,0.000741706
2.71e-008,0.000644068
2.72e-008,0.000527588
2.73e-008,0.000465922
2.74e-008,0.00045907
2.75e-008,0.000479625
2.76e-008,0.000524162
2.77e-008,0.000534439
2.78e-008,0.000467634
2.79e-008,0.000373422
2.8e-008,0.000203841
2.81e-008,5.31014e-005
2.82e-008,-5.99531e-005
2.83e-008,-0.000109629
2.84e-008,-8.56473e-005
2.85e-008,-3.93978e-005
2.86e-008,6.85179e-006
2.87e-008,2.56942e-005
2.88e-008,-1.37036e-005
2.89e-008,-0.000121619
2.9e-008,-0.000260368
2.91e-008,-0.000402543
2.92e-008,-0.000495042
2.93e-008,-0.000549856
2.94e-008,-0.000512171
2.95e-008,-0.000489903
2.96e-008,-0.000405968
2.97e-008,-0.000380274
2.98e-008,-0.000436801
2.99e-008,-0.000543004
3e-008,-0.000690318
3.01e-008,-0.000803372
3.02e-008,-0.000841057
3.03e-008,-0.000801659
3.04e-008,-0.000688605
3.05e-008,-0.000551569
3.06e-008,-0.000457357
3.07e-008,-0.000428237
3.08e-008,-0.000467634
3.09e-008,-0.000541291
3.1e-008,-0.000577263
3.11e-008,-0.0006218
3.12e-008,-0.000628652
3.13e-008,-0.000640642
3.14e-008,-0.000659485
3.15e-008,-0.000712586
3.16e-008,-0.000705734
3.17e-008,-0.000707447
3.18e-008,-0.000686892
3.19e-008,-0.00068004
3.2e-008,-0.000750271
3.21e-008,-0.000849622
3.22e-008,-0.000960963
3.23e-008,-0.000996935
3.24e-008,-0.000993509
3.25e-008,-0.000940408
3.26e-008,-0.000895871
3.27e-008,-0.000873603
3.28e-008,-0.000923278
3.29e-008,-0.00103976
3.3e-008,-0.00114082
3.31e-008,-0.00122476
3.32e-008,-0.00125559
3.33e-008,-0.00120591
3.34e-008,-0.00113226
3.35e-008,-0.0010723
3.36e-008,-0.00104318
3.37e-008,-0.00104832
3.38e-008,-0.00108772
3.39e-008,-0.00113911
3.4e-008,-0.00119735
3.41e-008,-0.0012573
3.42e-008,-0.00126244
3.43e-008,-0.00125045
3.44e-008,-0.00122818
3.45e-008,-0.00121791
3.46e-008,-0.00124531
3.47e-008,-0.00132068
3.48e-008,-0.00143545
3.49e-008,-0.0015742
3.5e-008,-0.00165642
3.51e-008,-0.00171466
3.52e-008,-0.00172494
3.53e-008,-0.00173864
3.54e-008,-0.00176947
3.55e-008,-0.00187396
3.56e-008,-0.00194591
3.57e-008,-0.00196989
3.58e-008,-0.00199901
3.59e-008,-0.0019973
3.6e-008,-0.00200072
3.61e-008,-0.00202299
3.62e-008,-0.00204697
3.63e-008,-0.00206068
3.64e-008,-0.00206239
3.65e-008,-0.00206239
3.66e-008,-0.00204697
3.67e-008,-0.00213433
3.68e-008,-0.00224396
3.69e-008,-0.0023553
3.7e-008,-0.00244951
3.71e-008,-0.00250947
3.72e-008,-0.00250262
3.73e-008,-0.00244266
3.74e-008,-0.00237928
3.75e-008,-0.00236729
3.76e-008,-0.00236044
3.77e-008,-0.00237072
3.78e-008,-0.00239813
3.79e-008,-0.00243581
3.8e-008,-0.0024735
3.81e-008,-0.00250262
3.82e-008,-0.00250433
3.83e-008,-0.00254373
3.84e-008,-0.00251974
3.85e-008,-0.00252146
3.86e-008,-0.00253002
3.87e-008,-0.00257627
3.88e-008,-0.00266363
3.89e-008,-0.00278696
3.9e-008,-0.00284349
3.91e-008,-0.00289488
3.92e-008,-0.00290173
3.93e-008,-0.00288974
3.94e-008,-0.00290002
3.95e-008,-0.00292571
3.96e-008,-0.00299423
3.97e-008,-0.00307131
3.98e-008,-0.00315525
3.99e-008,-0.00322377
4e-008,-0.00329057
4.01e-008,-0.00333682
4.02e-008,-0.00335738
4.03e-008,-0.00335909
4.04e-008,-0.00333853
4.05e-008,-0.00331455
4.06e-008,-0.00325289
4.07e-008,-0.00320664
4.08e-008,-0.00315354
4.09e-008,-0.00310729
4.1e-008,-0.0030559
4.11e-008,-0.00301307
4.12e-008,-0.00298395
4.13e-008,-0.00297196
4.14e-008,-0.00299252
4.15e-008,-0.00304905
4.16e-008,-0.00309529
4.17e-008,-0.00314497
4.18e-008,-0.00313469
4.19e-008,-0.00309358
4.2e-008,-0.00301993
4.21e-008,-0.00295826
4.22e-008,-0.00293428
4.23e-008,-0.00294798
4.24e-008,-0.00301479
4.25e-008,-0.00308502
4.26e-008,-0.00314154
4.27e-008,-0.00314497
4.28e-008,-0.00312613
4.29e-008,-0.00306789
4.3e-008,-0.00304219
4.31e-008,-0.00304562
4.32e-008,-0.00307645
4.33e-008,-0.00312784
4.34e-008,-0.00320321
4.35e-008,-0.0032546
4.36e-008,-0.00327858
4.37e-008,-0.00327687
4.38e-008,-0.00325289
4.39e-008,-0.00323576
4.4e-008,-0.00327858
4.41e-008,-0.00333168
4.42e-008,-0.0033865
4.43e-008,-0.00342418
4.44e-008,-0.00342075
4.45e-008,-0.00336423
4.46e-008,-0.00328543
4.47e-008,-0.00325802
4.48e-008,-0.0032289
4.49e-008,-0.00326145
4.5e-008,-0.00334025
4.51e-008,-0.00342589
4.52e-008,-0.00352696
4.53e-008,-0.00359034
4.54e-008,-0.00367085
4.55e-008,-0.00370853
4.56e-008,-0.00369997
4.57e-008,-0.00368626
4.58e-008,-0.00365029
4.59e-008,-0.00359034
4.6e-008,-0.0035595
4.61e-008,-0.00353724
4.62e-008,-0.00353552
4.63e-008,-0.00356978
4.64e-008,-0.00358862
4.65e-008,-0.00360404
4.66e-008,-0.0036383
4.67e-008,-0.00370168
4.68e-008,-0.00376506
4.69e-008,-0.00381816
4.7e-008,-0.00384557
4.71e-008,-0.00380274
4.72e-008,-0.00372909
4.73e-008,-0.00364344
4.74e-008,-0.00356122
4.75e-008,-0.00353381
4.76e-008,-0.0035321
4.77e-008,-0.00353038
4.78e-008,-0.00349099
4.79e-008,-0.00343275
4.8e-008,-0.00329914
4.81e-008,-0.00318266
4.82e-008,-0.00306275
4.83e-008,-0.00297881
4.84e-008,-0.00290344
4.85e-008,-0.00282979
4.86e-008,-0.0027784
4.87e-008,-0.0027253
4.88e-008,-0.00267391
4.89e-008,-0.00266192
4.9e-008,-0.00268761
4.91e-008,-0.00271673
4.92e-008,-0.00272872
4.93e-008,-0.00271159
4.94e-008,-0.00263794
4.95e-008,-0.00254886
4.96e-008,-0.00248377
4.97e-008,-0.00241868
4.98e-008,-0.00244438
4.99e-008,-0.00248891
5e-008,-0.00253174
5.01e-008,-0.00254201
5.02e-008,-0.00251632
5.03e-008,-0.00245637
5.04e-008,-0.00233132
5.05e-008,-0.00221313
5.06e-008,-0.00212234
5.07e-008,-0.00204868
5.08e-008,-0.00201614
5.09e-008,-0.00198017
5.1e-008,-0.00198017
5.11e-008,-0.00195619
5.12e-008,-0.00191679
5.13e-008,-0.00184656
5.14e-008,-0.00179003
5.15e-008,-0.00172665
5.16e-008,-0.00170096
5.17e-008,-0.00165471
5.18e-008,-0.00163586
5.19e-008,-0.00160332
5.2e-008,-0.00160161
5.21e-008,-0.00161188
5.22e-008,-0.00166498
5.23e-008,-0.00169753
5.24e-008,-0.00172665
5.25e-008,-0.00169924
5.26e-008,-0.00161017
5.27e-008,-0.00144915
5.28e-008,-0.00130184
5.29e-008,-0.00122304
5.3e-008,-0.00121105
5.31e-008,-0.00125559
5.32e-008,-0.00134295
5.33e-008,-0.00139263
5.34e-008,-0.00136864
5.35e-008,-0.00132411
5.36e-008,-0.00126073
5.37e-008,-0.00115967
5.38e-008,-0.00106888
5.39e-008,-0.000972954
5.4e-008,-0.000859899
5.41e-008,-0.000750271
5.42e-008,-0.000669762
5.43e-008,-0.000602957
5.44e-008,-0.00060467
5.45e-008,-0.000585828
5.46e-008,-0.000548143
5.47e-008,-0.000507032
5.48e-008,-0.000448792
5.49e-008,-0.00040083
5.5e-008,-0.000393978
5.51e-008,-0.00041282
5.52e-008,-0.000455644
5.53e-008,-0.000508745
5.54e-008,-0.00051731
5.55e-008,-0.00047106
5.56e-008,-0.000417959
5.57e-008,-0.000322034
5.58e-008,-0.000198702
5.59e-008,-9.93509e-005
5.6e-008,-2.05554e-005
5.61e-008,2.22683e-005
5.62e-008,4.45366e-005
5.63e-008,5.13884e-005
5.64e-008,0.000106203
5.65e-008,0.000173008
5.66e-008,0.000286062
5.67e-008,0.000395691
5.68e-008,0.000462496
5.69e-008,0.000489903
5.7e-008,0.000489903
5.71e-008,0.000462496
5.72e-008,0.00045907
5.73e-008,0.000448792
5.74e-008,0.000512171
5.75e-008,0.000625226
5.76e-008,0.000779391
5.77e-008,0.00093013
5.78e-008,0.00104661
5.79e-008,0.0011648
5.8e-008,0.00124874
5.81e-008,0.00131383
5.82e-008,0.00131554
5.83e-008,0.00134295
5.84e-008,0.00133952
5.85e-008,0.00135494
5.86e-008,0.00143374
5.87e-008,0.00151082
5.88e-008,0.00161873
5.89e-008,0.00175063
5.9e-008,0.00183799
5.91e-008,0.0019185
5.92e-008,0.00193906
5.93e-008,0.00190822
5.94e-008,0.00189795
5.95e-008,0.00184998
5.96e-008,0.00182429
5.97e-008,0.00184313
5.98e-008,0.00188082
5.99e-008,0.0019579
6e-008,0.00204355
6.01e-008,0.00211892
6.02e-008,0.00217373
6.03e-008,0.00221827
6.04e-008,0.00224739
6.05e-008,0.0023022
6.06e-008,0.0023159
6.07e-008,0.00231762
6.08e-008,0.00229706
6.09e-008,0.00227479
6.1e-008,0.00225595
6.11e-008,0.00226109
6.12e-008,0.0023159
6.13e-008,0.00237243
6.14e-008,0.00243238
6.15e-008,0.00245123
6.16e-008,0.00245294
6.17e-008,0.00244266
6.18e-008,0.00246322
6.19e-008,0.0025009
6.2e-008,0.00255743
6.21e-008,0.00261224
6.22e-008,0.00268761
6.23e-008,0.00274414
6.24e-008,0.00278354
6.25e-008,0.00282808
6.26e-008,0.00282808
6.27e-008,0.00283664
6.28e-008,0.00276641
6.29e-008,0.00270303
6.3e-008,0.00263451
6.31e-008,0.00258141
6.32e-008,0.00255058
6.33e-008,0.00254201
6.34e-008,0.00254715
6.35e-008,0.00258484
6.36e-008,0.00261738
6.37e-008,0.00262937
6.38e-008,0.00265849
6.39e-008,0.0026328
6.4e-008,0.00260711
6.41e-008,0.00259169
6.42e-008,0.00254886
6.43e-008,0.0025009
6.44e-008,0.0024735
6.45e-008,0.00247178
6.46e-008,0.00246322
6.47e-008,0.00249062
6.48e-008,0.00252317
6.49e-008,0.00256599
6.5e-008,0.00258484
6.51e-008,0.0025934
6.52e-008,0.00255229
6.53e-008,0.00248549
6.54e-008,0.00244095
6.55e-008,0.00237072
6.56e-008,0.0022885
6.57e-008,0.00224225
6.58e-008,0.00219428
6.59e-008,0.00218058
6.6e-008,0.00222854
6.61e-008,0.00227651
6.62e-008,0.00236044
6.63e-008,0.00242725
6.64e-008,0.00242725
6.65e-008,0.00237243
6.66e-008,0.00222169
6.67e-008,0.0021035
6.68e-008,0.00201785
6.69e-008,0.00198359
6.7e-008,0.00200072
6.71e-008,0.00202813
6.72e-008,0.00208294
6.73e-008,0.00208294
6.74e-008,0.00206068
6.75e-008,0.00201614
6.76e-008,0.00196989
6.77e-008,0.00194591
6.78e-008,0.00190822
6.79e-008,0.00186369
6.8e-008,0.00180887
6.81e-008,0.00175234
6.82e-008,0.00167697
6.83e-008,0.00160846
6.84e-008,0.00156221
6.85e-008,0.00153309
6.86e-008,0.00156906
6.87e-008,0.00157934
6.88e-008,0.00154165
6.89e-008,0.00153994
6.9e-008,0.001468
6.91e-008,0.00145087
6.92e-008,0.00144573
6.93e-008,0.00142688
6.94e-008,0.00140462
6.95e-008,0.00134638
6.96e-008,0.00126073
6.97e-008,0.00111513
6.98e-008,0.00101578
6.99e-008,0.000931843
7e-008,0.000933556
7.01e-008,0.000983232
7.02e-008,0.0010055
7.03e-008,0.000981519
7.04e-008,0.000902723
7.05e-008,0.000775965
7.06e-008,0.00063379
7.07e-008,0.000522449
7.08e-008,0.00047106
7.09e-008,0.000452218
7.1e-008,0.00047106
7.11e-008,0.000503606
7.12e-008,0.00051731
7.13e-008,0.000491616
7.14e-008,0.000445366
7.15e-008,0.000327173
7.16e-008,0.000272359
7.17e-008,0.000169582
7.18e-008,9.93509e-005
7.19e-008,7.70826e-005
7.2e-008,3.93978e-005
7.21e-008,2.05554e-005
7.22e-008,-6.68049e-005
7.23e-008,-0.000126758
7.24e-008,-0.000219257
7.25e-008,-0.000311756
7.26e-008,-0.000346015
7.27e-008,-0.000349441
7.28e-008,-0.000294627
7.29e-008,-0.000246664
7.3e-008,-0.000202128
7.31e-008,-0.000174721
7.32e-008,-0.000157591
7.33e-008,-0.000179859
7.34e-008,-0.000232961
7.35e-008,-0.000303192
7.36e-008,-0.000417959
7.37e-008,-0.000495042
7.38e-008,-0.000544717
7.39e-008,-0.000589254
7.4e-008,-0.000597818
7.41e-008,-0.000601244
7.42e-008,-0.000570411
7.43e-008,-0.00057555
7.44e-008,-0.000587541
7.45e-008,-0.0006218
7.46e-008,-0.000669762
7.47e-008,-0.000644068
7.48e-008,-0.000637216
7.49e-008,-0.00059268
7.5e-008,-0.000565272
7.51e-008,-0.000597818
7.52e-008,-0.000630364
7.53e-008,-0.000717725
7.54e-008,-0.000775965
7.55e-008,-0.000793094
7.56e-008,-0.000777678
7.57e-008,-0.000721151
7.58e-008,-0.000702308
7.59e-008,-0.000712586
7.6e-008,-0.000786243
7.61e-008,-0.000853048
7.62e-008,-0.000859899
7.63e-008,-0.000781104
7.64e-008,-0.000642355
7.65e-008,-0.000489903
7.66e-008,-0.000405968
7.67e-008,-0.000407681
7.68e-008,-0.000501893
7.69e-008,-0.000606383
7.7e-008,-0.000700595
7.71e-008,-0.000674901
7.72e-008,-0.000616661
7.73e-008,-0.00051731
7.74e-008,-0.000450505
7.75e-008,-0.000443653
7.76e-008,-0.000452218
7.77e-008,-0.000477912
7.78e-008,-0.000474486
7.79e-008,-0.000472773
7.8e-008,-0.000411107
7.81e-008,-0.000390552
7.82e-008,-0.000390552
7.83e-008,-0.000385413
7.84e-008,-0.000344302
7.85e-008,-0.000292914
7.86e-008,-0.000193563
7.87e-008,-0.000142175
7.88e-008,-8.05085e-005
7.89e-008,-7.19438e-005
7.9e-008,-0.000107916
7.91e-008,-0.000119906
7.92e-008,-8.73603e-005
7.93e-008,-2.05554e-005
7.94e-008,7.53697e-005
7.95e-008,0.000181572
7.96e-008,0.000222683
7.97e-008,0.000255229
7.98e-008,0.000284349
7.99e-008,0.000313469
8e-008,0.00030833
8.01e-008,0.000306617
8.02e-008,0.000298053
8.03e-008,0.000272359
8.04e-008,0.000258655
8.05e-008,0.000262081
8.06e-008,0.000328886
8.07e-008,0.000431663
8.08e-008,0.000522449
8.09e-008,0.000599531
8.1e-008,0.000640642
8.11e-008,0.000601244
8.12e-008,0.000537865
8.13e-008,0.000513884
8.14e-008,0.000544717
8.15e-008,0.000654346
8.16e-008,0.000801659
8.17e-008,0.000887306
8.18e-008,0.000943834
8.19e-008,0.00094726
8.2e-008,0.000924991
8.21e-008,0.000892445
8.22e-008,0.000885594
8.23e-008,0.000909575
8.24e-008,0.000926704
8.25e-008,0.000967815
8.26e-008,0.00100721
8.27e-008,0.00109286
8.28e-008,0.00120078
8.29e-008,0.00132239
8.3e-008,0.00144059
8.31e-008,0.00155707
8.32e-008,0.00162387
8.33e-008,0.00172151
8.34e-008,0.00182258
8.35e-008,0.00188253
8.36e-008,0.00194077
8.37e-008,0.00199387
8.38e-008,0.00202813
8.39e-008,0.00206239
8.4e-008,0.0020898
8.41e-008,0.00211549
8.42e-008,0.0021703
8.43e-008,0.0021703
8.44e-008,0.00215489
8.45e-008,0.00209493
8.46e-008,0.00208637
8.47e-008,0.00213433
8.48e-008,0.00221827
8.49e-008,0.00232276
8.5e-008,0.00248549
8.51e-008,0.00260368
8.52e-008,0.00271159
8.53e-008,0.00276298
8.54e-008,0.0027921
8.55e-008,0.00281608
8.56e-008,0.00283493
8.57e-008,0.0028709
8.58e-008,0.00294456
8.59e-008,0.00299594
8.6e-008,0.00306104
8.61e-008,0.00309187
8.62e-008,0.00313983
8.63e-008,0.00324603
8.64e-008,0.00337622
8.65e-008,0.00351839
8.66e-008,0.00365714
8.67e-008,0.00380788
8.68e-008,0.00388325
8.69e-008,0.00394492
8.7e-008,0.00393635
8.71e-008,0.00392265
8.72e-008,0.00388496
8.73e-008,0.0038764
8.74e-008,0.00389524
8.75e-008,0.00396718
8.76e-008,0.00404598
8.77e-008,0.00417274
8.78e-008,0.00427723
8.79e-008,0.00436973
8.8e-008,0.00444852
8.81e-008,0.00452389
8.82e-008,0.00454787
8.83e-008,0.00455815
8.84e-008,0.00458042
8.85e-008,0.00465236
8.86e-008,0.00470889
8.87e-008,0.00477912
8.88e-008,0.00482537
8.89e-008,0.0048425
8.9e-008,0.00485107
8.91e-008,0.00489389
8.92e-008,0.00499667
8.93e-008,0.00515254
8.94e-008,0.00532041
8.95e-008,0.00544375
8.96e-008,0.00545231
8.97e-008,0.00539064
8.98e-008,0.00529129
8.99e-008,0.0051868
9e-008,0.00515597
9.01e-008,0.00522963
9.02e-008,0.00538379
9.03e-008,0.00556708
9.04e-008,0.00571096
9.05e-008,0.00579147
9.06e-008,0.00582402
9.07e-008,0.00574351
9.08e-008,0.00564759
9.09e-008,0.00560134
9.1e-008,0.00560305
9.11e-008,0.0056356
9.12e-008,0.00571953
9.13e-008,0.00581374
9.14e-008,0.00589425
9.15e-008,0.0059405
9.16e-008,0.0060073
9.17e-008,0.00609638
9.18e-008,0.00615119
9.19e-008,0.00621115
9.2e-008,0.006218
9.21e-008,0.00619573
9.22e-008,0.00614263
9.23e-008,0.0061255
9.24e-008,0.00613406
9.25e-008,0.00618888
9.26e-008,0.00625911
9.27e-008,0.00637559
9.28e-008,0.00648864
9.29e-008,0.00658628
9.3e-008,0.00663253
9.31e-008,0.00659142
9.32e-008,0.00652804
9.33e-008,0.0064561
9.34e-008,0.00639443
9.35e-008,0.00640471
9.36e-008,0.00648008
9.37e-008,0.0065623
9.38e-008,0.00663424
9.39e-008,0.00668906
9.4e-008,0.00668734
9.41e-008,0.00665994
9.42e-008,0.00662739
9.43e-008,0.00659142
9.44e-008,0.00659485
9.45e-008,0.00665309
9.46e-008,0.00672674
9.47e-008,0.00679355
9.48e-008,0.00684322
9.49e-008,0.00684836
9.5e-008,0.00678327
9.51e-008,0.0066685
9.52e-008,0.0065229
9.53e-008,0.00646295
9.54e-008,0.00642355
9.55e-008,0.00645438
9.56e-008,0.00652119
9.57e-008,0.00656573
9.58e-008,0.00653318
9.59e-008,0.00650749
9.6e-008,0.00648522
9.61e-008,0.00649036
9.62e-008,0.00657086
9.63e-008,0.00665651
9.64e-008,0.00673017
9.65e-008,0.00679869
9.66e-008,0.00678841
9.67e-008,0.00677813
9.68e-008,0.00675929
9.69e-008,0.00670619
9.7e-008,0.00666679
9.71e-008,0.00658971
9.72e-008,0.00650235
9.73e-008,0.00637559
9.74e-008,0.00627624
9.75e-008,0.0061649
9.76e-008,0.00614091
9.77e-008,0.00614263
9.78e-008,0.00623684
9.79e-008,0.00635846
9.8e-008,0.00646124
9.81e-008,0.00652975
9.82e-008,0.00658971
9.83e-008,0.00658457
9.84e-008,0.00656915
9.85e-008,0.00652461
9.86e-008,0.00644239
9.87e-008,0.00634647
9.88e-008,0.00623684
9.89e-008,0.00616147
9.9e-008,0.00614263
9.91e-008,0.00625397
9.92e-008,0.00638758
9.93e-008,0.00650406
9.94e-008,0.00655887
9.95e-008,0.00653661
9.96e-008,0.00646124
9.97e-008,0.00635503
9.98e-008,0.00629679
9.99e-008,0.00633105
1e-007,0.00641841
1.001e-007,0.00647494
1.002e-007,0.0064698
1.003e-007,0.00641499
1.004e-007,0.00631392
1.005e-007,0.00624198
1.006e-007,0.00618888
1.007e-007,0.00618716
1.008e-007,0.00618031
1.009e-007,0.00620087
1.01e-007,0.00620772
1.011e-007,0.00615633
1.012e-007,0.00609466
1.013e-007,0.00606212
1.014e-007,0.00601073
1.015e-007,0.00596619
1.016e-007,0.00590281
1.017e-007,0.00587541
1.018e-007,0.0058617
1.019e-007,0.00587027
1.02e-007,0.00588226
1.021e-007,0.00588911
1.022e-007,0.00594564
1.023e-007,0.00594906
1.024e-007,0.00596791
1.025e-007,0.00594906
1.026e-007,0.00591481
1.027e-007,0.00586342
1.028e-007,0.00582059
1.029e-007,0.00581203
1.03e-007,0.00578805
1.031e-007,0.00579833
1.032e-007,0.00577777
1.033e-007,0.00575036
1.034e-007,0.00568698
1.035e-007,0.00562874
1.036e-007,0.00556536
1.037e-007,0.00551569
1.038e-007,0.00548657
1.039e-007,0.00544203
1.04e-007,0.00540263
1.041e-007,0.00534611
1.042e-007,0.00530671
1.043e-007,0.0052656
1.044e-007,0.00525361
1.045e-007,0.00522106
1.046e-007,0.00519537
1.047e-007,0.00514741
1.048e-007,0.0050806
1.049e-007,0.00503606
1.05e-007,0.00500694
1.051e-007,0.00500866
1.052e-007,0.00496926
1.053e-007,0.00495727
1.054e-007,0.00490417
1.055e-007,0.00481509
1.056e-007,0.00468662
1.057e-007,0.00455473
1.058e-007,0.0044194
1.059e-007,0.0042995
1.06e-007,0.00423098
1.061e-007,0.00420357
1.062e-007,0.00424811
1.063e-007,0.00429778
1.064e-007,0.00435089
1.065e-007,0.00437315
1.066e-007,0.0043269
1.067e-007,0.00425153
1.068e-007,0.00415561
1.069e-007,0.00402885
1.07e-007,0.0039295
1.071e-007,0.00385584
1.072e-007,0.00380617
1.073e-007,0.00374964
1.074e-007,0.00368112
1.075e-007,0.0036126
1.076e-007,0.00355094
1.077e-007,0.00350812
1.078e-007,0.00345501
1.079e-007,0.00343617
1.08e-007,0.00340705
1.081e-007,0.00338136
1.082e-007,0.00332312
1.083e-007,0.00325289
1.084e-007,0.00317752
1.085e-007,0.00309529
1.086e-007,0.00305932
1.087e-007,0.0030302
1.088e-007,0.00297025
1.089e-007,0.00289831
1.09e-007,0.00279896
1.091e-007,0.0026859
1.092e-007,0.00262766
1.093e-007,0.00258312
1.094e-007,0.00256428
1.095e-007,0.00252488
1.096e-007,0.00246664
1.097e-007,0.00236558
1.098e-007,0.00226109
1.099e-007,0.00213091
1.1e-007,0.0020247
1.101e-007,0.00197331
1.102e-007,0.00189966
1.103e-007,0.0018517
1.104e-007,0.00179003
1.105e-007,0.00172836
1.106e-007,0.00164614
1.107e-007,0.00158276
1.108e-007,0.00152966
1.109e-007,0.00147999
1.11e-007,0.00145258
1.111e-007,0.00141318
1.112e-007,0.00135494
1.113e-007,0.00128128
1.114e-007,0.00115967
1.115e-007,0.00104832
1.116e-007,0.000911288
1.117e-007,0.000830779
1.118e-007,0.000782817
1.119e-007,0.000748558
1.12e-007,0.000762261
1.121e-007,0.000739993
1.122e-007,0.000685179
1.123e-007,0.000623513
1.124e-007,0.000580689
1.125e-007,0.000513884
1.126e-007,0.000452218
1.127e-007,0.000363145
1.128e-007,0.000306617
1.129e-007,0.000226109
1.13e-007,0.000154165
1.131e-007,0.000109629
1.132e-007,9.93509e-005
1.133e-007,8.22214e-005
1.134e-007,7.19438e-005
1.135e-007,4.28237e-005
1.136e-007,0
1.137e-007,-6.5092e-005
1.138e-007,-0.000138749
1.139e-007,-0.000195276
1.14e-007,-0.00025009
1.141e-007,-0.000289488
1.142e-007,-0.000366571
1.143e-007,-0.000417959
1.144e-007,-0.00047106
1.145e-007,-0.000512171
1.146e-007,-0.000554995
1.147e-007,-0.000594393
1.148e-007,-0.000638929
1.149e-007,-0.000695456
1.15e-007,-0.000787956
1.151e-007,-0.000861612
1.152e-007,-0.000914714
1.153e-007,-0.000954111
1.154e-007,-0.000978093
1.155e-007,-0.00091814
1.156e-007,-0.000897584
1.157e-007,-0.00087189
1.158e-007,-0.000897584
1.159e-007,-0.00095925
1.16e-007,-0.00106888
1.161e-007,-0.00117337
1.162e-007,-0.00124531
1.163e-007,-0.00127786
1.164e-007,-0.00126073
1.165e-007,-0.00124703
1.166e-007,-0.00125902
1.167e-007,-0.00135152
1.168e-007,-0.00148341
1.169e-007,-0.00157591
1.17e-007,-0.00163586
1.171e-007,-0.00163415
1.172e-007,-0.00157934
1.173e-007,-0.00152966
1.174e-007,-0.00152624
1.175e-007,-0.0015348
1.176e-007,-0.00157934
1.177e-007,-0.00161188
1.178e-007,-0.001641
1.179e-007,-0.00167869
1.18e-007,-0.00170781
1.181e-007,-0.00176605
1.182e-007,-0.00182258
1.183e-007,-0.00186197
1.184e-007,-0.0018791
1.185e-007,-0.00181572
1.186e-007,-0.00174892
1.187e-007,-0.00168725
1.188e-007,-0.00169068
1.189e-007,-0.00173008
1.19e-007,-0.00184313
1.191e-007,-0.0019716
1.192e-007,-0.00212063
1.193e-007,-0.00222341
1.194e-007,-0.0022885
1.195e-007,-0.00227651
1.196e-007,-0.00226623
1.197e-007,-0.00223368
1.198e-007,-0.00221141
1.199e-007,-0.0021703
1.2e-007,-0.0021703
1.201e-007,-0.00216688
1.202e-007,-0.00213776
1.203e-007,-0.00210521
1.204e-007,-0.00208466
1.205e-007,-0.00209493
1.206e-007,-0.0021566
1.207e-007,-0.0022491
1.208e-007,-0.00233303
1.209e-007,-0.00241526
1.21e-007,-0.00243581
1.211e-007,-0.00238785
1.212e-007,-0.00230563
1.213e-007,-0.00221141
1.214e-007,-0.0021703
1.215e-007,-0.00217373
1.216e-007,-0.00226109
1.217e-007,-0.00237243
1.218e-007,-0.00246836
1.219e-007,-0.00255229
1.22e-007,-0.00260882
1.221e-007,-0.00265678
1.222e-007,-0.00270132
1.223e-007,-0.00274585
1.224e-007,-0.00276984
1.225e-007,-0.00275784
1.226e-007,-0.00274414
1.227e-007,-0.00270988
1.228e-007,-0.00270988
1.229e-007,-0.00271845
1.23e-007,-0.00274414
1.231e-007,-0.00277497
1.232e-007,-0.00278354
1.233e-007,-0.00274757
1.234e-007,-0.00267905
1.235e-007,-0.00257799
1.236e-007,-0.00251632
1.237e-007,-0.00251461
1.238e-007,-0.00253516
1.239e-007,-0.00260025
1.24e-007,-0.00267391
1.241e-007,-0.00269789
1.242e-007,-0.00264308
1.243e-007,-0.00254715
1.244e-007,-0.00246664
1.245e-007,-0.00244095
1.246e-007,-0.00246322
1.247e-007,-0.0025009
1.248e-007,-0.00256771
1.249e-007,-0.00261738
1.25e-007,-0.00262595
1.251e-007,-0.00260882
1.252e-007,-0.00260025
1.253e-007,-0.00263451
1.254e-007,-0.00264822
1.255e-007,-0.00266877
1.256e-007,-0.00265849
1.257e-007,-0.00264308
1.258e-007,-0.0025934
1.259e-007,-0.00258655
1.26e-007,-0.00257285
1.261e-007,-0.00255572
1.262e-007,-0.00251632
1.263e-007,-0.00245465
1.264e-007,-0.00238442
1.265e-007,-0.00231419
1.266e-007,-0.0023159
1.267e-007,-0.00233303
1.268e-007,-0.00236215
1.269e-007,-0.00238271
1.27e-007,-0.00236387
1.271e-007,-0.00232447
1.272e-007,-0.00227993
1.273e-007,-0.00223711
1.274e-007,-0.00220628
1.275e-007,-0.00215831
1.276e-007,-0.00206753
1.277e-007,-0.00201785
1.278e-007,-0.00197503
1.279e-007,-0.00197845
1.28e-007,-0.00203498
1.281e-007,-0.00211892
1.282e-007,-0.00221313
1.283e-007,-0.00218915
1.284e-007,-0.00209836
1.285e-007,-0.00195961
1.286e-007,-0.00183628
1.287e-007,-0.00178489
1.288e-007,-0.00181572
1.289e-007,-0.00193049
1.29e-007,-0.00206581
1.291e-007,-0.00218058
1.292e-007,-0.00221655
1.293e-007,-0.00220285
1.294e-007,-0.00211892
1.295e-007,-0.0020247
1.296e-007,-0.00193734
1.297e-007,-0.00189281
1.298e-007,-0.00189281
1.299e-007,-0.00193049
1.3e-007,-0.00197845
1.301e-007,-0.00196646
1.302e-007,-0.00194933
1.303e-007,-0.00191507
1.304e-007,-0.00188253
1.305e-007,-0.00188424
1.306e-007,-0.00192535
1.307e-007,-0.00197503
1.308e-007,-0.00200586
1.309e-007,-0.0020641
1.31e-007,-0.00208808
1.311e-007,-0.00212919
1.312e-007,-0.00218572
1.313e-007,-0.00224225
1.314e-007,-0.00228507
1.315e-007,-0.00227822
1.316e-007,-0.00218401
1.317e-007,-0.00208637
1.318e-007,-0.00200072
1.319e-007,-0.0019716
1.32e-007,-0.00203155
1.321e-007,-0.00212919
1.322e-007,-0.00221484
1.323e-007,-0.00227993
1.324e-007,-0.00227651
1.325e-007,-0.0022354
1.326e-007,-0.00219428
1.327e-007,-0.00218915
1.328e-007,-0.00224567
1.329e-007,-0.00229706
1.33e-007,-0.00234674
1.331e-007,-0.00239984
1.332e-007,-0.00240326
1.333e-007,-0.00237928
1.334e-007,-0.00233989
1.335e-007,-0.00232104
1.336e-007,-0.00232447
1.337e-007,-0.00236215
1.338e-007,-0.00238956
1.339e-007,-0.00247007
1.34e-007,-0.00255058
1.341e-007,-0.00259683
1.342e-007,-0.00261224
1.343e-007,-0.0025934
1.344e-007,-0.00260197
1.345e-007,-0.00261567
1.346e-007,-0.00264308
1.347e-007,-0.00271845
1.348e-007,-0.00278183
1.349e-007,-0.00282979
1.35e-007,-0.00281437
1.351e-007,-0.00274071
1.352e-007,-0.00266363
1.353e-007,-0.00263109
1.354e-007,-0.0026465
1.355e-007,-0.00269789
1.356e-007,-0.00278868
1.357e-007,-0.00283835
1.358e-007,-0.00286062
1.359e-007,-0.00285891
1.36e-007,-0.0028572
1.361e-007,-0.00285206
1.362e-007,-0.00285377
1.363e-007,-0.00290173
1.364e-007,-0.00295312
1.365e-007,-0.00302506
1.366e-007,-0.00307474
1.367e-007,-0.00310729
1.368e-007,-0.00309358
1.369e-007,-0.00305076
1.37e-007,-0.00297025
1.371e-007,-0.00288632
1.372e-007,-0.00286405
1.373e-007,-0.00287946
1.374e-007,-0.00298053
1.375e-007,-0.00311585
1.376e-007,-0.00324432
1.377e-007,-0.00330427
1.378e-007,-0.00331969
1.379e-007,-0.00327687
1.38e-007,-0.00319465
1.381e-007,-0.00317066
1.382e-007,-0.00318951
1.383e-007,-0.0032289
1.384e-007,-0.003294
1.385e-007,-0.00331627
1.386e-007,-0.00333511
1.387e-007,-0.0033214
1.388e-007,-0.00331798
1.389e-007,-0.00332483
1.39e-007,-0.0033471
1.391e-007,-0.00337793
1.392e-007,-0.00341733
1.393e-007,-0.00346187
1.394e-007,-0.00347214
1.395e-007,-0.00349441
1.396e-007,-0.00348585
1.397e-007,-0.0034927
1.398e-007,-0.00343275
1.399e-007,-0.0034396
1.4e-007,-0.00344474
1.401e-007,-0.00344302
1.402e-007,-0.00343788
1.403e-007,-0.00344645
1.404e-007,-0.00342589
1.405e-007,-0.00339163
1.406e-007,-0.00336937
1.407e-007,-0.00336765
1.408e-007,-0.00339849
1.409e-007,-0.00347386
1.41e-007,-0.00356122
1.411e-007,-0.0036246
1.412e-007,-0.00367598
1.413e-007,-0.00366228
1.414e-007,-0.00368112
1.415e-007,-0.00368969
1.416e-007,-0.00373936
1.417e-007,-0.00379418
1.418e-007,-0.00380445
1.419e-007,-0.00378219
1.42e-007,-0.00368797
1.421e-007,-0.00354409
1.422e-007,-0.00342589
1.423e-007,-0.00336765
1.424e-007,-0.00337964
1.425e-007,-0.00340363
1.426e-007,-0.00349441
1.427e-007,-0.00354409
1.428e-007,-0.00355265
1.429e-007,-0.00350812
1.43e-007,-0.00343103
1.431e-007,-0.00332997
1.432e-007,-0.00324261
1.433e-007,-0.00315011
1.434e-007,-0.00309187
1.435e-007,-0.00310043
1.436e-007,-0.00313812
1.437e-007,-0.00322034
1.438e-007,-0.00332654
1.439e-007,-0.0033865
1.44e-007,-0.00340191
1.441e-007,-0.00336251
1.442e-007,-0.00328201
1.443e-007,-0.00313983
1.444e-007,-0.00304048
1.445e-007,-0.00295655
1.446e-007,-0.00288632
1.447e-007,-0.00287604
1.448e-007,-0.00288118
1.449e-007,-0.00293599
1.45e-007,-0.00298224
1.451e-007,-0.00298395
1.452e-007,-0.00294456
1.453e-007,-0.00286405
1.454e-007,-0.00276984
1.455e-007,-0.0026859
1.456e-007,-0.00264136
1.457e-007,-0.00263109
1.458e-007,-0.00268076
1.459e-007,-0.00271159
1.46e-007,-0.00273044
1.461e-007,-0.00268076
1.462e-007,-0.00262423
1.463e-007,-0.00255743
1.464e-007,-0.0025266
1.465e-007,-0.00244951
1.466e-007,-0.00239641
1.467e-007,-0.00232618
1.468e-007,-0.00225766
1.469e-007,-0.00216688
1.47e-007,-0.00210692
1.471e-007,-0.00210692
1.472e-007,-0.00211892
1.473e-007,-0.00216516
1.474e-007,-0.00219771
1.475e-007,-0.00218229
1.476e-007,-0.0021429
1.477e-007,-0.00207438
1.478e-007,-0.00202299
1.479e-007,-0.00196818
1.48e-007,-0.00194933
1.481e-007,-0.00194077
1.482e-007,-0.00188253
1.483e-007,-0.00183114
1.484e-007,-0.00175406
1.485e-007,-0.00168383
1.486e-007,-0.00164957
1.487e-007,-0.00164272
1.488e-007,-0.00159989
1.489e-007,-0.00156735
1.49e-007,-0.00151425
1.491e-007,-0.00146457
1.492e-007,-0.00141147
1.493e-007,-0.00135837
1.494e-007,-0.00134638
1.495e-007,-0.00134638
1.496e-007,-0.00134466
1.497e-007,-0.00133267
1.498e-007,-0.00132582
1.499e-007,-0.00131383
1.5e-007,-0.00126073
1.501e-007,-0.00118879
1.502e-007,-0.00110142
1.503e-007,-0.00100379
1.504e-007,-0.000870177
1.505e-007,-0.000781104
1.506e-007,-0.000681753
1.507e-007,-0.00063379
1.508e-007,-0.000587541
1.509e-007,-0.000527588
1.51e-007,-0.00048819
1.511e-007,-0.00040083
1.512e-007,-0.000358006
1.513e-007,-0.000334025
1.514e-007,-0.000328886
1.515e-007,-0.000344302
1.516e-007,-0.000376848
1.517e-007,-0.000390552
1.518e-007,-0.000369997
1.519e-007,-0.000304905
1.52e-007,-0.000224396
1.521e-007,-0.000118193
1.522e-007,1.19906e-005
1.523e-007,0.000149026
1.524e-007,0.000236387
1.525e-007,0.000270646
1.526e-007,0.000298053
1.527e-007,0.000298053
1.528e-007,0.000311756
1.529e-007,0.000332312
1.53e-007,0.000380274
1.531e-007,0.000435089
1.532e-007,0.000479625
1.533e-007,0.000505319
1.534e-007,0.000498468
1.535e-007,0.000489903
1.536e-007,0.000474486
1.537e-007,0.000472773
1.538e-007,0.000489903
1.539e-007,0.000508745
1.54e-007,0.00059268
1.541e-007,0.000652633
1.542e-007,0.000748558
1.543e-007,0.000827353
1.544e-007,0.000887306
1.545e-007,0.000923278
1.546e-007,0.000936982
1.547e-007,0.000948973
1.548e-007,0.000957537
1.549e-007,0.00100893
1.55e-007,0.00106374
1.551e-007,0.00116823
1.552e-007,0.00128985
1.553e-007,0.00136351
1.554e-007,0.00142346
1.555e-007,0.00144744
1.556e-007,0.00145772
1.557e-007,0.0014423
1.558e-007,0.00137378
1.559e-007,0.00130698
1.56e-007,0.00126929
1.561e-007,0.00123161
1.562e-007,0.00126929
1.563e-007,0.0013361
1.564e-007,0.00144744
1.565e-007,0.00152795
1.566e-007,0.00161702
1.567e-007,0.00167697
1.568e-007,0.00169239
1.569e-007,0.0017335
1.57e-007,0.00176091
1.571e-007,0.00177975
1.572e-007,0.00181058
1.573e-007,0.0018517
1.574e-007,0.00188595
1.575e-007,0.00193563
1.576e-007,0.00196132
1.577e-007,0.0019973
1.578e-007,0.00205896
1.579e-007,0.00211549
1.58e-007,0.00218572
1.581e-007,0.00220799
1.582e-007,0.00218401
1.583e-007,0.00214975
1.584e-007,0.00209836
1.585e-007,0.00211892
1.586e-007,0.0021172
1.587e-007,0.00214975
1.588e-007,0.00216859
1.589e-007,0.00219428
1.59e-007,0.00219428
1.591e-007,0.00222854
1.592e-007,0.00227993
1.593e-007,0.00238785
1.594e-007,0.00251289
1.595e-007,0.00261053
1.596e-007,0.00261224
1.597e-007,0.00256257
1.598e-007,0.00245637
1.599e-007,0.00236729
1.6e-007,0.00231248
1.601e-007,0.00232961
1.602e-007,0.00239984
1.603e-007,0.0024735
1.604e-007,0.00253687
1.605e-007,0.00252317
1.606e-007,0.00245808
1.607e-007,0.00238613
1.608e-007,0.00231933
1.609e-007,0.00227822
1.61e-007,0.00229021
1.611e-007,0.00233817
1.612e-007,0.00243924
1.613e-007,0.00250947
1.614e-007,0.00262423
1.615e-007,0.00269447
1.616e-007,0.00275956
1.617e-007,0.00279382
1.618e-007,0.00275442
1.619e-007,0.00270646
1.62e-007,0.00265335
1.621e-007,0.00260539
1.622e-007,0.00262081
1.623e-007,0.00263623
1.624e-007,0.00260197
1.625e-007,0.00254373
1.626e-007,0.00249576
1.627e-007,0.00243752
1.628e-007,0.00243924
1.629e-007,0.00249576
1.63e-007,0.00261567
1.631e-007,0.00272359
1.632e-007,0.00279039
1.633e-007,0.00277669
1.634e-007,0.00267048
1.635e-007,0.00255914
1.636e-007,0.00245979
1.637e-007,0.00239127
1.638e-007,0.00237072
1.639e-007,0.00243581
1.64e-007,0.00251632
1.641e-007,0.00255914
1.642e-007,0.00256086
1.643e-007,0.00253859
1.644e-007,0.00246836
1.645e-007,0.00243924
1.646e-007,0.00243924
1.647e-007,0.00246493
1.648e-007,0.00254201
1.649e-007,0.00262081
1.65e-007,0.00267562
1.651e-007,0.00268419
1.652e-007,0.00268761
1.653e-007,0.00265849
1.654e-007,0.00262081
1.655e-007,0.00255572
1.656e-007,0.00247178
1.657e-007,0.0024341
1.658e-007,0.0023947
1.659e-007,0.00238785
1.66e-007,0.00238442
1.661e-007,0.00242211
1.662e-007,0.00250604
1.663e-007,0.00257285
1.664e-007,0.00268933
1.665e-007,0.00273386
1.666e-007,0.00276812
1.667e-007,0.00279382
1.668e-007,0.00276298
1.669e-007,0.00275099
1.67e-007,0.00271845
1.671e-007,0.00271673
1.672e-007,0.00270132
1.673e-007,0.00271502
1.674e-007,0.00269447
1.675e-007,0.00262423
1.676e-007,0.00253516
1.677e-007,0.00244609
1.678e-007,0.00237586
1.679e-007,0.00238271
1.68e-007,0.00244951
1.681e-007,0.00257456
1.682e-007,0.00270817
1.683e-007,0.00276298
1.684e-007,0.00273729
1.685e-007,0.00263794
1.686e-007,0.00247692
1.687e-007,0.00239984
1.688e-007,0.00232447
1.689e-007,0.00232276
1.69e-007,0.00233303
1.691e-007,0.00236729
1.692e-007,0.002381
1.693e-007,0.0023947
1.694e-007,0.00236215
1.695e-007,0.00232789
1.696e-007,0.00225595
1.697e-007,0.00221141
1.698e-007,0.00216688
1.699e-007,0.00213604
1.7e-007,0.00214975
1.701e-007,0.0021703
1.702e-007,0.00218572
1.703e-007,0.00217202
1.704e-007,0.00214632
1.705e-007,0.00209493
1.706e-007,0.00202984
1.707e-007,0.00199044
1.708e-007,0.00198873
1.709e-007,0.00202813
1.71e-007,0.00205896
1.711e-007,0.00209836
1.712e-007,0.00213776
1.713e-007,0.00210007
1.714e-007,0.00202813
1.715e-007,0.00193906
1.716e-007,0.0018517
1.717e-007,0.00179346
1.718e-007,0.00177975
1.719e-007,0.0018123
1.72e-007,0.00187568
1.721e-007,0.00193563
1.722e-007,0.00198359
1.723e-007,0.00197845
1.724e-007,0.00192878
1.725e-007,0.00180716
1.726e-007,0.00167526
1.727e-007,0.00155536
1.728e-007,0.00149883
1.729e-007,0.00147313
1.73e-007,0.0015211
1.731e-007,0.00161702
1.732e-007,0.00167526
1.733e-007,0.00167355
1.734e-007,0.00167012
1.735e-007,0.00161873
1.736e-007,0.00156221
1.737e-007,0.00155364
1.738e-007,0.00156221
1.739e-007,0.00158448
1.74e-007,0.00159647
1.741e-007,0.00155536
1.742e-007,0.00150568
1.743e-007,0.0014286
1.744e-007,0.00139263
1.745e-007,0.00132411
1.746e-007,0.00132925
1.747e-007,0.00128814
1.748e-007,0.00125388
1.749e-007,0.00116138
1.75e-007,0.00107916
1.751e-007,0.000991796
1.752e-007,0.000906149
1.753e-007,0.000865038
1.754e-007,0.000858186
1.755e-007,0.000914714
1.756e-007,0.000913001
