LECROYWM8500,500500138,Waveform
Segments,1,SegmentSize,2002
Segment,TrigTime,TimeSinceSegment1
#1,21-Mar-2024 16:46:20,0                 
Time,Ampl
-2.45e-008,0.000322034
-2.44e-008,0.000255229
-2.43e-008,0.000179859
-2.42e-008,0.000152452
-2.41e-008,0.000140462
-2.4e-008,0.000179859
-2.39e-008,0.000226109
-2.38e-008,0.000292914
-2.37e-008,0.000376848
-2.36e-008,0.000416246
-2.35e-008,0.000414533
-2.34e-008,0.000371709
-2.33e-008,0.000335738
-2.32e-008,0.000303192
-2.31e-008,0.000294627
-2.3e-008,0.000313469
-2.29e-008,0.000310043
-2.28e-008,0.000262081
-2.27e-008,0.000190137
-2.26e-008,0.000135323
-2.25e-008,8.39344e-005
-2.24e-008,5.48143e-005
-2.23e-008,3.76848e-005
-2.22e-008,3.93978e-005
-2.21e-008,2.22683e-005
-2.2e-008,3.0833e-005
-2.19e-008,5.48143e-005
-2.18e-008,0.000106203
-2.17e-008,0.000174721
-2.16e-008,0.000248377
-2.15e-008,0.000318608
-2.14e-008,0.000378561
-2.13e-008,0.000407681
-2.12e-008,0.000419672
-2.11e-008,0.000414533
-2.1e-008,0.000414533
-2.09e-008,0.00040083
-2.08e-008,0.000346015
-2.07e-008,0.000294627
-2.06e-008,0.000224396
-2.05e-008,0.000150739
-2.04e-008,0.000137036
-2.03e-008,0.000184998
-2.02e-008,0.000255229
-2.01e-008,0.000313469
-2e-008,0.000346015
-1.99e-008,0.000320321
-1.98e-008,0.000275784
-1.97e-008,0.000231248
-1.96e-008,0.000184998
-1.95e-008,0.000205554
-1.94e-008,0.000239813
-1.93e-008,0.000277497
-1.92e-008,0.000294627
-1.91e-008,0.000306617
-1.9e-008,0.000310043
-1.89e-008,0.000286062
-1.88e-008,0.00025009
-1.87e-008,0.00022097
-1.86e-008,0.000219257
-1.85e-008,0.000212405
-1.84e-008,0.000203841
-1.83e-008,0.000246664
-1.82e-008,0.000258655
-1.81e-008,0.000282636
-1.8e-008,0.000270646
-1.79e-008,0.000280923
-1.78e-008,0.000291201
-1.77e-008,0.000280923
-1.76e-008,0.000298053
-1.75e-008,0.000303192
-1.74e-008,0.000316895
-1.73e-008,0.000306617
-1.72e-008,0.000292914
-1.71e-008,0.000277497
-1.7e-008,0.000282636
-1.69e-008,0.000304905
-1.68e-008,0.000322034
-1.67e-008,0.000337451
-1.66e-008,0.000303192
-1.65e-008,0.000248377
-1.64e-008,0.000178146
-1.63e-008,0.000123332
-1.62e-008,8.56473e-005
-1.61e-008,0.000119906
-1.6e-008,0.000181572
-1.59e-008,0.000244951
-1.58e-008,0.000292914
-1.57e-008,0.000328886
-1.56e-008,0.000356293
-1.55e-008,0.000371709
-1.54e-008,0.000363145
-1.53e-008,0.000356293
-1.52e-008,0.000334025
-1.51e-008,0.000277497
-1.5e-008,0.000207267
-1.49e-008,0.000155878
-1.48e-008,0.000119906
-1.47e-008,0.000157591
-1.46e-008,0.000193563
-1.45e-008,0.000268933
-1.44e-008,0.000340876
-1.43e-008,0.000351154
-1.42e-008,0.000315182
-1.41e-008,0.000253516
-1.4e-008,0.000155878
-1.39e-008,8.05085e-005
-1.38e-008,4.28237e-005
-1.37e-008,3.42589e-005
-1.36e-008,5.99531e-005
-1.35e-008,0.000121619
-1.34e-008,0.000173008
-1.33e-008,0.000193563
-1.32e-008,0.000241526
-1.31e-008,0.0002381
-1.3e-008,0.000232961
-1.29e-008,0.000219257
-1.28e-008,0.000212405
-1.27e-008,0.000181572
-1.26e-008,0.000161017
-1.25e-008,0.000154165
-1.24e-008,0.000167869
-1.23e-008,0.000207267
-1.22e-008,0.000270646
-1.21e-008,0.000306617
-1.2e-008,0.000347728
-1.19e-008,0.000393978
-1.18e-008,0.000431663
-1.17e-008,0.000450505
-1.16e-008,0.000409394
-1.15e-008,0.000335738
-1.14e-008,0.000234674
-1.13e-008,0.000159304
-1.12e-008,0.000155878
-1.11e-008,0.0002381
-1.1e-008,0.000375135
-1.09e-008,0.000522449
-1.08e-008,0.000597818
-1.07e-008,0.000606383
-1.06e-008,0.000560134
-1.05e-008,0.000505319
-1.04e-008,0.000507032
-1.03e-008,0.000578976
-1.02e-008,0.000702308
-1.01e-008,0.000829066
-1e-008,0.000921565
-9.9e-009,0.000967815
-9.8e-009,0.00097638
-9.7e-009,0.000945547
-9.6e-009,0.000892445
-9.5e-009,0.000853048
-9.4e-009,0.000844483
-9.3e-009,0.000839344
-9.2e-009,0.000866751
-9.1e-009,0.000923278
-9e-009,0.000978093
-8.9e-009,0.00102777
-8.8e-009,0.00104318
-8.7e-009,0.00102434
-8.6e-009,0.0010055
-8.5e-009,0.000940408
-8.4e-009,0.000899297
-8.3e-009,0.000865038
-8.2e-009,0.000835918
-8.1e-009,0.000823927
-8e-009,0.000827353
-7.9e-009,0.000859899
-7.8e-009,0.000906149
-7.7e-009,0.000964389
-7.6e-009,0.000967815
-7.5e-009,0.000906149
-7.4e-009,0.00070916
-7.3e-009,0.000447079
-7.2e-009,0.000157591
-7.1e-009,-3.93978e-005
-7e-009,-0.000137036
-6.9e-009,-4.45366e-005
-6.8e-009,0.000152452
-6.7e-009,0.000397404
-6.6e-009,0.000616661
-6.5e-009,0.000743419
-6.4e-009,0.000748558
-6.3e-009,0.000674901
-6.2e-009,0.000553282
-6.1e-009,0.000424811
-6e-009,0.000316895
-5.9e-009,0.000224396
-5.8e-009,0.000155878
-5.7e-009,9.7638e-005
-5.6e-009,3.59719e-005
-5.5e-009,3.42589e-005
-5.4e-009,4.96755e-005
-5.3e-009,6.3379e-005
-5.2e-009,0.000109629
-5.1e-009,0.000121619
-5e-009,0.000128471
-4.9e-009,0.000102777
-4.8e-009,0.000131897
-4.7e-009,0.000243238
-4.6e-009,0.000378561
-4.5e-009,0.000548143
-4.4e-009,0.00066291
-4.3e-009,0.000750271
-4.2e-009,0.000739993
-4.1e-009,0.000690318
-4e-009,0.000616661
-3.9e-009,0.000554995
-3.8e-009,0.000493329
-3.7e-009,0.000424811
-3.6e-009,0.000356293
-3.5e-009,0.000282636
-3.4e-009,0.000179859
-3.3e-009,0.000161017
-3.2e-009,0.00013361
-3.1e-009,0.000140462
-3e-009,0.000152452
-2.9e-009,0.000200415
-2.8e-009,0.000284349
-2.7e-009,0.000419672
-2.6e-009,0.000584115
-2.5e-009,0.000726289
-2.4e-009,0.000799946
-2.3e-009,0.000757123
-2.2e-009,0.000534439
-2.1e-009,0.000210692
-2e-009,-0.000126758
-1.9e-009,-0.000393978
-1.8e-009,-0.000520736
-1.7e-009,-0.000549856
-1.6e-009,-0.000495042
-1.5e-009,-0.000392265
-1.4e-009,-0.000282636
-1.3e-009,-0.000184998
-1.2e-009,-0.00010449
-1.1e-009,-4.96755e-005
-1e-009,2.22683e-005
-9e-010,0.000114767
-8e-010,0.000195276
-7e-010,0.000298053
-6e-010,0.000375135
-5e-010,0.000404255
-4e-010,0.00032546
-3e-010,0.000143888
-2e-010,-0.000137036
-1e-010,-0.000443653
4.138488e-023,-0.00068004
1e-010,-0.00081365
2e-010,-0.000789669
3e-010,-0.000652633
4e-010,-0.000450505
5e-010,-0.000231248
6e-010,-4.79625e-005
7e-010,4.28237e-005
8e-010,4.96755e-005
9e-010,-3.59719e-005
1e-009,-0.000174721
1.1e-009,-0.000328886
1.2e-009,-0.000481338
1.3e-009,-0.000580689
1.4e-009,-0.000623513
1.5e-009,-0.000609809
1.6e-009,-0.000536152
1.7e-009,-0.000447079
1.8e-009,-0.000414533
1.9e-009,-0.000409394
2e-009,-0.00044194
2.1e-009,-0.000481338
2.2e-009,-0.000474486
2.3e-009,-0.000404255
2.4e-009,-0.000304905
2.5e-009,-0.000231248
2.6e-009,-0.000232961
2.7e-009,-0.00032546
2.8e-009,-0.00050018
2.9e-009,-0.000697169
3e-009,-0.000878742
3.1e-009,-0.000990083
3.2e-009,-0.00109115
3.3e-009,-0.00111513
3.4e-009,-0.00114767
3.5e-009,-0.00119564
3.6e-009,-0.00123161
3.7e-009,-0.00127957
3.8e-009,-0.00131726
3.9e-009,-0.00135152
4e-009,-0.00139776
4.1e-009,-0.00142175
4.2e-009,-0.00142003
4.3e-009,-0.00141318
4.4e-009,-0.00139776
4.5e-009,-0.00136351
4.6e-009,-0.00133439
4.7e-009,-0.00131383
4.8e-009,-0.00129841
4.9e-009,-0.00127443
5e-009,-0.00129327
5.1e-009,-0.00130013
5.2e-009,-0.00135152
5.3e-009,-0.00139776
5.4e-009,-0.00144059
5.5e-009,-0.00147313
5.6e-009,-0.00147656
5.7e-009,-0.00150397
5.8e-009,-0.00150225
5.9e-009,-0.00151425
6e-009,-0.00153823
6.1e-009,-0.00156906
6.2e-009,-0.00162216
6.3e-009,-0.00166327
6.4e-009,-0.0017061
6.5e-009,-0.00169239
6.6e-009,-0.00159818
6.7e-009,-0.0014817
6.8e-009,-0.00129156
6.9e-009,-0.00109115
7e-009,-0.000942121
7.1e-009,-0.000940408
7.2e-009,-0.000998648
7.3e-009,-0.00114254
7.4e-009,-0.00130869
7.5e-009,-0.00144744
7.6e-009,-0.0015211
7.7e-009,-0.00156221
7.8e-009,-0.00155193
7.9e-009,-0.00153309
8e-009,-0.00151596
8.1e-009,-0.00149198
8.2e-009,-0.0014817
8.3e-009,-0.00150911
8.4e-009,-0.00153137
8.5e-009,-0.00156392
8.6e-009,-0.00163073
8.7e-009,-0.00170781
8.8e-009,-0.00176947
8.9e-009,-0.00182943
9e-009,-0.00183285
9.1e-009,-0.0018123
9.2e-009,-0.00177804
9.3e-009,-0.00166498
9.4e-009,-0.00156563
9.5e-009,-0.00147999
9.6e-009,-0.00141318
9.7e-009,-0.0014423
9.8e-009,-0.00149712
9.9e-009,-0.00160161
1e-008,-0.00169239
1.01e-008,-0.00180202
1.02e-008,-0.00189795
1.03e-008,-0.00200929
1.04e-008,-0.00210692
1.05e-008,-0.0022097
1.06e-008,-0.00225938
1.07e-008,-0.00226965
1.08e-008,-0.00221313
1.09e-008,-0.00212405
1.1e-008,-0.00201956
1.11e-008,-0.0019322
1.12e-008,-0.00186026
1.13e-008,-0.00177975
1.14e-008,-0.0016667
1.15e-008,-0.00158961
1.16e-008,-0.00158961
1.17e-008,-0.0016667
1.18e-008,-0.00179517
1.19e-008,-0.00195276
1.2e-008,-0.00210521
1.21e-008,-0.002196
1.22e-008,-0.00220456
1.23e-008,-0.00212234
1.24e-008,-0.00202299
1.25e-008,-0.0019185
1.26e-008,-0.0018123
1.27e-008,-0.00168897
1.28e-008,-0.00158961
1.29e-008,-0.00147999
1.3e-008,-0.0013892
1.31e-008,-0.00130013
1.32e-008,-0.00121962
1.33e-008,-0.00117679
1.34e-008,-0.00118193
1.35e-008,-0.00121791
1.36e-008,-0.00130184
1.37e-008,-0.00142346
1.38e-008,-0.00150397
1.39e-008,-0.00154337
1.4e-008,-0.00153994
1.41e-008,-0.00151425
1.42e-008,-0.0014423
1.43e-008,-0.00136351
1.44e-008,-0.0013104
1.45e-008,-0.00122647
1.46e-008,-0.00112712
1.47e-008,-0.00101578
1.48e-008,-0.000923278
1.49e-008,-0.000839344
1.5e-008,-0.000799946
1.51e-008,-0.000801659
1.52e-008,-0.000818789
1.53e-008,-0.000803372
1.54e-008,-0.000808511
1.55e-008,-0.000791381
1.56e-008,-0.000789669
1.57e-008,-0.000775965
1.58e-008,-0.000791381
1.59e-008,-0.000779391
1.6e-008,-0.000760548
1.61e-008,-0.000719438
1.62e-008,-0.000664623
1.63e-008,-0.00059268
1.64e-008,-0.000554995
1.65e-008,-0.000522449
1.66e-008,-0.000496755
1.67e-008,-0.000520736
1.68e-008,-0.000520736
1.69e-008,-0.000536152
1.7e-008,-0.000548143
1.71e-008,-0.00054643
1.72e-008,-0.000539578
1.73e-008,-0.000527588
1.74e-008,-0.000519023
1.75e-008,-0.000515597
1.76e-008,-0.000491616
1.77e-008,-0.000501893
1.78e-008,-0.000531014
1.79e-008,-0.000553282
1.8e-008,-0.000565272
1.81e-008,-0.000512171
1.82e-008,-0.000436801
1.83e-008,-0.000363145
1.84e-008,-0.000284349
1.85e-008,-0.0002381
1.86e-008,-0.000227822
1.87e-008,-0.000270646
1.88e-008,-0.000334025
1.89e-008,-0.000388839
1.9e-008,-0.000433376
1.91e-008,-0.000457357
1.92e-008,-0.00047106
1.93e-008,-0.000503606
1.94e-008,-0.000522449
1.95e-008,-0.000519023
1.96e-008,-0.000512171
1.97e-008,-0.00050018
1.98e-008,-0.000464209
1.99e-008,-0.00044194
2e-008,-0.000455644
2.01e-008,-0.000505319
2.02e-008,-0.000515597
2.03e-008,-0.000519023
2.04e-008,-0.000455644
2.05e-008,-0.000366571
2.06e-008,-0.000239813
2.07e-008,-0.000155878
2.08e-008,-0.000111342
2.09e-008,-0.000159304
2.1e-008,-0.000217544
2.11e-008,-0.000244951
2.12e-008,-0.00026722
2.13e-008,-0.000260368
2.14e-008,-0.000248377
2.15e-008,-0.00025009
2.16e-008,-0.00029634
2.17e-008,-0.000356293
2.18e-008,-0.000404255
2.19e-008,-0.000392265
2.2e-008,-0.000332312
2.21e-008,-0.000243238
2.22e-008,-0.000176434
2.23e-008,-0.000119906
2.24e-008,-9.7638e-005
2.25e-008,-7.87956e-005
2.26e-008,-8.05085e-005
2.27e-008,-5.99531e-005
2.28e-008,-2.74071e-005
2.29e-008,-6.85179e-006
2.3e-008,3.42589e-006
2.31e-008,4.45366e-005
2.32e-008,0.000107916
2.33e-008,0.000195276
2.34e-008,0.000265507
2.35e-008,0.000320321
2.36e-008,0.000332312
2.37e-008,0.00027921
2.38e-008,0.000183285
2.39e-008,7.19438e-005
2.4e-008,-1.37036e-005
2.41e-008,-1.02777e-005
2.42e-008,2.39813e-005
2.43e-008,0.000123332
2.44e-008,0.000265507
2.45e-008,0.000428237
2.46e-008,0.000536152
2.47e-008,0.000544717
2.48e-008,0.000486477
2.49e-008,0.000423098
2.5e-008,0.000349441
2.51e-008,0.000342589
2.52e-008,0.000371709
2.53e-008,0.000483051
2.54e-008,0.000596106
2.55e-008,0.00068004
2.56e-008,0.000716012
2.57e-008,0.000707447
2.58e-008,0.000669762
2.59e-008,0.000602957
2.6e-008,0.000556708
2.61e-008,0.000551569
2.62e-008,0.000572124
2.63e-008,0.000613235
2.64e-008,0.000661197
2.65e-008,0.000746845
2.66e-008,0.000805085
2.67e-008,0.000818789
2.68e-008,0.000808511
2.69e-008,0.000710873
2.7e-008,0.000638929
2.71e-008,0.000524162
2.72e-008,0.000416246
2.73e-008,0.000304905
2.74e-008,0.000227822
2.75e-008,0.0001456
2.76e-008,7.87956e-005
2.77e-008,5.13884e-006
2.78e-008,-3.42589e-005
2.79e-008,0
2.8e-008,5.13884e-005
2.81e-008,7.19438e-005
2.82e-008,9.42121e-005
2.83e-008,3.76848e-005
2.84e-008,-2.22683e-005
2.85e-008,-8.05085e-005
2.86e-008,-0.00011648
2.87e-008,-0.000138749
2.88e-008,-0.000143888
2.89e-008,-0.000150739
2.9e-008,-0.000212405
2.91e-008,-0.000301479
2.92e-008,-0.000404255
2.93e-008,-0.000465922
2.94e-008,-0.000507032
2.95e-008,-0.000519023
2.96e-008,-0.000558421
2.97e-008,-0.000614948
2.98e-008,-0.000683466
2.99e-008,-0.000772539
3e-008,-0.000835918
3.01e-008,-0.000844483
3.02e-008,-0.000787956
3.03e-008,-0.000726289
3.04e-008,-0.000681753
3.05e-008,-0.000674901
3.06e-008,-0.000668049
3.07e-008,-0.000657772
3.08e-008,-0.000654346
3.09e-008,-0.000630364
3.1e-008,-0.00060467
3.11e-008,-0.00060467
3.12e-008,-0.000657772
3.13e-008,-0.000704021
3.14e-008,-0.00075541
3.15e-008,-0.000808511
3.16e-008,-0.000823927
3.17e-008,-0.000846196
3.18e-008,-0.000868464
3.19e-008,-0.000878742
3.2e-008,-0.000906149
3.21e-008,-0.00091814
3.22e-008,-0.000945547
3.23e-008,-0.000955824
3.24e-008,-0.000996935
3.25e-008,-0.00106203
3.26e-008,-0.00115967
3.27e-008,-0.00125216
3.28e-008,-0.00128985
3.29e-008,-0.00126587
3.3e-008,-0.00120078
3.31e-008,-0.00113054
3.32e-008,-0.00106888
3.33e-008,-0.00106374
3.34e-008,-0.00108772
3.35e-008,-0.00117508
3.36e-008,-0.00123846
3.37e-008,-0.00126929
3.38e-008,-0.00129156
3.39e-008,-0.00128642
3.4e-008,-0.00126587
3.41e-008,-0.00128642
3.42e-008,-0.0013104
3.43e-008,-0.00138235
3.44e-008,-0.00143716
3.45e-008,-0.00149198
3.46e-008,-0.00153994
3.47e-008,-0.00156221
3.48e-008,-0.00160846
3.49e-008,-0.001641
3.5e-008,-0.00167355
3.51e-008,-0.00168897
3.52e-008,-0.00169924
3.53e-008,-0.00172494
3.54e-008,-0.00178318
3.55e-008,-0.00186197
3.56e-008,-0.00193906
3.57e-008,-0.00206068
3.58e-008,-0.00212748
3.59e-008,-0.00216688
3.6e-008,-0.00217887
3.61e-008,-0.00216345
3.62e-008,-0.00211378
3.63e-008,-0.00207438
3.64e-008,-0.00208294
3.65e-008,-0.0021035
3.66e-008,-0.00215317
3.67e-008,-0.00222512
3.68e-008,-0.00227993
3.69e-008,-0.00230905
3.7e-008,-0.0023416
3.71e-008,-0.00237757
3.72e-008,-0.00249234
3.73e-008,-0.00258484
3.74e-008,-0.00267905
3.75e-008,-0.00272016
3.76e-008,-0.00272872
3.77e-008,-0.00270646
3.78e-008,-0.00270474
3.79e-008,-0.0026996
3.8e-008,-0.00274071
3.81e-008,-0.00272701
3.82e-008,-0.00272016
3.83e-008,-0.00263794
3.84e-008,-0.0025403
3.85e-008,-0.00243752
3.86e-008,-0.00242553
3.87e-008,-0.00245637
3.88e-008,-0.00257285
3.89e-008,-0.00273729
3.9e-008,-0.00291715
3.91e-008,-0.00304905
3.92e-008,-0.00312613
3.93e-008,-0.00315182
3.94e-008,-0.00314668
3.95e-008,-0.00312955
3.96e-008,-0.00309016
3.97e-008,-0.00308844
3.98e-008,-0.00308673
3.99e-008,-0.00308673
4e-008,-0.00309016
4.01e-008,-0.00310043
4.02e-008,-0.00311242
4.03e-008,-0.00312442
4.04e-008,-0.00314326
4.05e-008,-0.00317409
4.06e-008,-0.00323062
4.07e-008,-0.00328886
4.08e-008,-0.00335566
4.09e-008,-0.00338992
4.1e-008,-0.0034139
4.11e-008,-0.00341733
4.12e-008,-0.00337451
4.13e-008,-0.00333682
4.14e-008,-0.00329914
4.15e-008,-0.0032683
4.16e-008,-0.00322034
4.17e-008,-0.00315011
4.18e-008,-0.00309187
4.19e-008,-0.00308502
4.2e-008,-0.00309187
4.21e-008,-0.00314497
4.22e-008,-0.00321349
4.23e-008,-0.00329914
4.24e-008,-0.00333682
4.25e-008,-0.00335738
4.26e-008,-0.00335224
4.27e-008,-0.00332997
4.28e-008,-0.00333853
4.29e-008,-0.00335395
4.3e-008,-0.00337279
4.31e-008,-0.00339506
4.32e-008,-0.00338478
4.33e-008,-0.00333682
4.34e-008,-0.00328543
4.35e-008,-0.00323576
4.36e-008,-0.0032015
4.37e-008,-0.00322719
4.38e-008,-0.00329742
4.39e-008,-0.00335738
4.4e-008,-0.00343788
4.41e-008,-0.00351154
4.42e-008,-0.00356807
4.43e-008,-0.00357492
4.44e-008,-0.00353724
4.45e-008,-0.0035064
4.46e-008,-0.00346529
4.47e-008,-0.00347728
4.48e-008,-0.00349612
4.49e-008,-0.00356807
4.5e-008,-0.00362973
4.51e-008,-0.00364001
4.52e-008,-0.00361774
4.53e-008,-0.00357149
4.54e-008,-0.00348585
4.55e-008,-0.0034139
4.56e-008,-0.00338992
4.57e-008,-0.0033865
4.58e-008,-0.00339849
4.59e-008,-0.00344987
4.6e-008,-0.00350126
4.61e-008,-0.00354751
4.62e-008,-0.00356293
4.63e-008,-0.00357835
4.64e-008,-0.00353552
4.65e-008,-0.0034927
4.66e-008,-0.00345501
4.67e-008,-0.00343275
4.68e-008,-0.00346187
4.69e-008,-0.00349441
4.7e-008,-0.00354409
4.71e-008,-0.00358006
4.72e-008,-0.00356807
4.73e-008,-0.00355265
4.74e-008,-0.00352182
4.75e-008,-0.00347214
4.76e-008,-0.00342075
4.77e-008,-0.00337451
4.78e-008,-0.00334881
4.79e-008,-0.00331284
4.8e-008,-0.00327858
4.81e-008,-0.00322034
4.82e-008,-0.00318951
4.83e-008,-0.00311585
4.84e-008,-0.00303534
4.85e-008,-0.0030028
4.86e-008,-0.00296682
4.87e-008,-0.00300451
4.88e-008,-0.00302506
4.89e-008,-0.00309701
4.9e-008,-0.00315525
4.91e-008,-0.00320835
4.92e-008,-0.00320664
4.93e-008,-0.00315696
4.94e-008,-0.00306617
4.95e-008,-0.002924
4.96e-008,-0.00274243
4.97e-008,-0.00261567
4.98e-008,-0.00250433
4.99e-008,-0.00247521
5e-008,-0.0024735
5.01e-008,-0.0024735
5.02e-008,-0.0024615
5.03e-008,-0.00243067
5.04e-008,-0.00235873
5.05e-008,-0.00227651
5.06e-008,-0.00220285
5.07e-008,-0.00212748
5.08e-008,-0.00205211
5.09e-008,-0.00200072
5.1e-008,-0.00194591
5.11e-008,-0.00189452
5.12e-008,-0.00187396
5.13e-008,-0.00187568
5.14e-008,-0.00186883
5.15e-008,-0.00187225
5.16e-008,-0.00184313
5.17e-008,-0.00180373
5.18e-008,-0.00173693
5.19e-008,-0.00164443
5.2e-008,-0.00158276
5.21e-008,-0.00152966
5.22e-008,-0.00150225
5.23e-008,-0.00147999
5.24e-008,-0.00141489
5.25e-008,-0.00136008
5.26e-008,-0.00125902
5.27e-008,-0.00114596
5.28e-008,-0.00103805
5.29e-008,-0.000974667
5.3e-008,-0.000967815
5.31e-008,-0.00101578
5.32e-008,-0.0010843
5.33e-008,-0.00117337
5.34e-008,-0.00118707
5.35e-008,-0.00118879
5.36e-008,-0.00112198
5.37e-008,-0.00102606
5.38e-008,-0.000933556
5.39e-008,-0.000851335
5.4e-008,-0.000791381
5.41e-008,-0.000760548
5.42e-008,-0.000731428
5.43e-008,-0.000741706
5.44e-008,-0.00070916
5.45e-008,-0.000674901
5.46e-008,-0.000630364
5.47e-008,-0.000589254
5.48e-008,-0.000590967
5.49e-008,-0.000587541
5.5e-008,-0.000620087
5.51e-008,-0.000674901
5.52e-008,-0.000697169
5.53e-008,-0.000618374
5.54e-008,-0.000498468
5.55e-008,-0.000322034
5.56e-008,-0.000157591
5.57e-008,-3.59719e-005
5.58e-008,7.02308e-005
5.59e-008,9.42121e-005
5.6e-008,0.00011648
5.61e-008,0.000135323
5.62e-008,0.000154165
5.63e-008,0.000173008
5.64e-008,0.000200415
5.65e-008,0.000253516
5.66e-008,0.000327173
5.67e-008,0.000376848
5.68e-008,0.000436801
5.69e-008,0.000496755
5.7e-008,0.000548143
5.71e-008,0.000596106
5.72e-008,0.000623513
5.73e-008,0.000645781
5.74e-008,0.000700595
5.75e-008,0.000745132
5.76e-008,0.000775965
5.77e-008,0.000822214
5.78e-008,0.000873603
5.79e-008,0.00093013
5.8e-008,0.000983232
5.81e-008,0.00103976
5.82e-008,0.00111855
5.83e-008,0.0012299
5.84e-008,0.00131897
5.85e-008,0.0014423
5.86e-008,0.00153994
5.87e-008,0.00164614
5.88e-008,0.0017198
5.89e-008,0.00179003
5.9e-008,0.00181744
5.91e-008,0.00182429
5.92e-008,0.00184313
5.93e-008,0.00183457
5.94e-008,0.00184998
5.95e-008,0.00188424
5.96e-008,0.00192021
5.97e-008,0.00202984
5.98e-008,0.00209151
5.99e-008,0.00216174
6e-008,0.00218058
6.01e-008,0.00220799
6.02e-008,0.00221998
6.03e-008,0.00223026
6.04e-008,0.00226623
6.05e-008,0.00228507
6.06e-008,0.00232104
6.07e-008,0.00233475
6.08e-008,0.00234502
6.09e-008,0.00234502
6.1e-008,0.00232961
6.11e-008,0.00233646
6.12e-008,0.00235873
6.13e-008,0.00239984
6.14e-008,0.00245294
6.15e-008,0.00249576
6.16e-008,0.00247863
6.17e-008,0.00245465
6.18e-008,0.00242553
6.19e-008,0.00241697
6.2e-008,0.00243581
6.21e-008,0.00248891
6.22e-008,0.00257799
6.23e-008,0.00263109
6.24e-008,0.00262252
6.25e-008,0.00257285
6.26e-008,0.00248206
6.27e-008,0.00242725
6.28e-008,0.00238785
6.29e-008,0.0023947
6.3e-008,0.00242725
6.31e-008,0.00250262
6.32e-008,0.00255572
6.33e-008,0.00258998
6.34e-008,0.00261567
6.35e-008,0.00263794
6.36e-008,0.0026328
6.37e-008,0.00259854
6.38e-008,0.00255229
6.39e-008,0.00249576
6.4e-008,0.00245637
6.41e-008,0.00245808
6.42e-008,0.00245808
6.43e-008,0.00248206
6.44e-008,0.00247863
6.45e-008,0.0024735
6.46e-008,0.00244266
6.47e-008,0.00240155
6.48e-008,0.00240498
6.49e-008,0.00240669
6.5e-008,0.00241526
6.51e-008,0.00239127
6.52e-008,0.00234674
6.53e-008,0.00229877
6.54e-008,0.00227308
6.55e-008,0.00227651
6.56e-008,0.00233646
6.57e-008,0.00241526
6.58e-008,0.00249576
6.59e-008,0.00254886
6.6e-008,0.00256086
6.61e-008,0.00252488
6.62e-008,0.00249062
6.63e-008,0.00242211
6.64e-008,0.00236387
6.65e-008,0.00228678
6.66e-008,0.00222341
6.67e-008,0.0021566
6.68e-008,0.00207609
6.69e-008,0.00201785
6.7e-008,0.00195105
6.71e-008,0.00191679
6.72e-008,0.00190822
6.73e-008,0.00190308
6.74e-008,0.00190137
6.75e-008,0.00190994
6.76e-008,0.00192364
6.77e-008,0.00190308
6.78e-008,0.0019048
6.79e-008,0.00190137
6.8e-008,0.00190308
6.81e-008,0.00189623
6.82e-008,0.00187054
6.83e-008,0.00183628
6.84e-008,0.00179003
6.85e-008,0.00172322
6.86e-008,0.00164443
6.87e-008,0.00152624
6.88e-008,0.00143545
6.89e-008,0.00133439
6.9e-008,0.00127957
6.91e-008,0.00120249
6.92e-008,0.00118536
6.93e-008,0.00117508
6.94e-008,0.00117166
6.95e-008,0.00118879
6.96e-008,0.00124531
6.97e-008,0.00127786
6.98e-008,0.00126073
6.99e-008,0.00124017
7e-008,0.00118536
7.01e-008,0.00110828
7.02e-008,0.00101235
7.03e-008,0.00091814
7.04e-008,0.000815363
7.05e-008,0.000721151
7.06e-008,0.000613235
7.07e-008,0.000519023
7.08e-008,0.000445366
7.09e-008,0.000363145
7.1e-008,0.000294627
7.11e-008,0.00026722
7.12e-008,0.000256942
7.13e-008,0.00027921
7.14e-008,0.000328886
7.15e-008,0.000346015
7.16e-008,0.000358006
7.17e-008,0.000316895
7.18e-008,0.00022097
7.19e-008,7.36567e-005
7.2e-008,-3.59719e-005
7.21e-008,-0.000128471
7.22e-008,-0.000174721
7.23e-008,-0.000173008
7.24e-008,-0.000150739
7.25e-008,-0.000130184
7.26e-008,-0.000101064
7.27e-008,-0.000114767
7.28e-008,-0.000183285
7.29e-008,-0.000256942
7.3e-008,-0.000320321
7.31e-008,-0.000368284
7.32e-008,-0.00040083
7.33e-008,-0.000416246
7.34e-008,-0.000390552
7.35e-008,-0.000381987
7.36e-008,-0.000397404
7.37e-008,-0.000421385
7.38e-008,-0.000510458
7.39e-008,-0.000611522
7.4e-008,-0.000719438
7.41e-008,-0.000799946
7.42e-008,-0.000817076
7.43e-008,-0.000769113
7.44e-008,-0.00068004
7.45e-008,-0.000589254
7.46e-008,-0.00051731
7.47e-008,-0.000505319
7.48e-008,-0.000529301
7.49e-008,-0.000628652
7.5e-008,-0.000721151
7.51e-008,-0.000791381
7.52e-008,-0.000808511
7.53e-008,-0.0007674
7.54e-008,-0.000731428
7.55e-008,-0.000717725
7.56e-008,-0.000736567
7.57e-008,-0.000769113
7.58e-008,-0.000820502
7.59e-008,-0.000880455
7.6e-008,-0.000892445
7.61e-008,-0.000875316
7.62e-008,-0.000823927
7.63e-008,-0.000765687
7.64e-008,-0.000777678
7.65e-008,-0.000781104
7.66e-008,-0.000801659
7.67e-008,-0.000815363
7.68e-008,-0.000827353
7.69e-008,-0.000811937
7.7e-008,-0.000739993
7.71e-008,-0.000656059
7.72e-008,-0.000597818
7.73e-008,-0.000551569
7.74e-008,-0.00050018
7.75e-008,-0.000462496
7.76e-008,-0.000455644
7.77e-008,-0.000460783
7.78e-008,-0.000455644
7.79e-008,-0.000484764
7.8e-008,-0.000512171
7.81e-008,-0.000527588
7.82e-008,-0.000524162
7.83e-008,-0.000520736
7.84e-008,-0.000510458
7.85e-008,-0.000489903
7.86e-008,-0.000472773
7.87e-008,-0.000455644
7.88e-008,-0.00042995
7.89e-008,-0.000387126
7.9e-008,-0.000328886
7.91e-008,-0.000224396
7.92e-008,-0.000114767
7.93e-008,-5.13884e-006
7.94e-008,6.85179e-005
7.95e-008,0.000125045
7.96e-008,0.000184998
7.97e-008,0.000190137
7.98e-008,0.000186711
7.99e-008,0.00016273
8e-008,0.000131897
8.01e-008,0.000113054
8.02e-008,9.5925e-005
8.03e-008,0.000130184
8.04e-008,0.000154165
8.05e-008,0.000222683
8.06e-008,0.000275784
8.07e-008,0.000340876
8.08e-008,0.000431663
8.09e-008,0.000498468
8.1e-008,0.000584115
8.11e-008,0.000638929
8.12e-008,0.000673188
8.13e-008,0.000692031
8.14e-008,0.000726289
8.15e-008,0.000774252
8.16e-008,0.000841057
8.17e-008,0.000940408
8.18e-008,0.00102777
8.19e-008,0.0010449
8.2e-008,0.00103976
8.21e-008,0.00097638
8.22e-008,0.00094726
8.23e-008,0.000943834
8.24e-008,0.000957537
8.25e-008,0.000991796
8.26e-008,0.00101235
8.27e-008,0.00103805
8.28e-008,0.00103462
8.29e-008,0.0010843
8.3e-008,0.00114596
8.31e-008,0.00128814
8.32e-008,0.001456
8.33e-008,0.00161188
8.34e-008,0.00171809
8.35e-008,0.00176434
8.36e-008,0.00179517
8.37e-008,0.00183457
8.38e-008,0.0018397
8.39e-008,0.00186369
8.4e-008,0.00190308
8.41e-008,0.00196304
8.42e-008,0.00200415
8.43e-008,0.00206581
8.44e-008,0.00214632
8.45e-008,0.00220456
8.46e-008,0.00227137
8.47e-008,0.00233989
8.48e-008,0.00239984
8.49e-008,0.00245808
8.5e-008,0.00249405
8.51e-008,0.00253174
8.52e-008,0.00252317
8.53e-008,0.00251118
8.54e-008,0.00249919
8.55e-008,0.00251803
8.56e-008,0.00259169
8.57e-008,0.00274414
8.58e-008,0.00292914
8.59e-008,0.00312099
8.6e-008,0.00326488
8.61e-008,0.0033214
8.62e-008,0.00333168
8.63e-008,0.00328029
8.64e-008,0.00324432
8.65e-008,0.00325289
8.66e-008,0.00330427
8.67e-008,0.00340705
8.68e-008,0.003479
8.69e-008,0.00356636
8.7e-008,0.00362631
8.71e-008,0.00367085
8.72e-008,0.00374108
8.73e-008,0.00382158
8.74e-008,0.00388839
8.75e-008,0.00395519
8.76e-008,0.00404427
8.77e-008,0.0040751
8.78e-008,0.00413848
8.79e-008,0.00420871
8.8e-008,0.00432176
8.81e-008,0.00444338
8.82e-008,0.00456329
8.83e-008,0.00464209
8.84e-008,0.00468148
8.85e-008,0.00472773
8.86e-008,0.00477741
8.87e-008,0.00483736
8.88e-008,0.00490759
8.89e-008,0.00494528
8.9e-008,0.00497782
8.91e-008,0.00497268
8.92e-008,0.00497954
8.93e-008,0.00499153
8.94e-008,0.00502921
8.95e-008,0.00509773
8.96e-008,0.00514055
8.97e-008,0.00521078
8.98e-008,0.00528444
8.99e-008,0.00534097
9e-008,0.0054112
9.01e-008,0.00550541
9.02e-008,0.00558935
9.03e-008,0.00567842
9.04e-008,0.00573495
9.05e-008,0.00577777
9.06e-008,0.00581032
9.07e-008,0.00578462
9.08e-008,0.00577606
9.09e-008,0.00577606
9.1e-008,0.00578805
9.11e-008,0.00584629
9.12e-008,0.00588397
9.13e-008,0.0059542
9.14e-008,0.00598846
9.15e-008,0.00599531
9.16e-008,0.00603471
9.17e-008,0.00606726
9.18e-008,0.00610494
9.19e-008,0.00615462
9.2e-008,0.00621971
9.21e-008,0.00626767
9.22e-008,0.00628994
9.23e-008,0.00631564
9.24e-008,0.00632591
9.25e-008,0.00633448
9.26e-008,0.00635503
9.27e-008,0.00636188
9.28e-008,0.00633448
9.29e-008,0.00630878
9.3e-008,0.00627966
9.31e-008,0.0062711
9.32e-008,0.00626425
9.33e-008,0.00629508
9.34e-008,0.00634818
9.35e-008,0.00643212
9.36e-008,0.00648179
9.37e-008,0.00649721
9.38e-008,0.00649892
9.39e-008,0.00644411
9.4e-008,0.0064167
9.41e-008,0.00640642
9.42e-008,0.00644068
9.43e-008,0.00652975
9.44e-008,0.00666508
9.45e-008,0.00679183
9.46e-008,0.00686549
9.47e-008,0.00687406
9.48e-008,0.00682095
9.49e-008,0.00672503
9.5e-008,0.00663596
9.51e-008,0.0066154
9.52e-008,0.00663767
9.53e-008,0.0067216
9.54e-008,0.00679012
9.55e-008,0.00682952
9.56e-008,0.00679697
9.57e-008,0.00674901
9.58e-008,0.00667364
9.59e-008,0.00661369
9.6e-008,0.00661026
9.61e-008,0.00663596
9.62e-008,0.00668221
9.63e-008,0.00673017
9.64e-008,0.00674216
9.65e-008,0.00671475
9.66e-008,0.00668049
9.67e-008,0.00661369
9.68e-008,0.00656573
9.69e-008,0.00655031
9.7e-008,0.00656401
9.71e-008,0.00655373
9.72e-008,0.00659656
9.73e-008,0.00661711
9.74e-008,0.00661026
9.75e-008,0.00660684
9.76e-008,0.00658628
9.77e-008,0.00658285
9.78e-008,0.00657943
9.79e-008,0.00656915
9.8e-008,0.00655716
9.81e-008,0.006576
9.82e-008,0.0065486
9.83e-008,0.0065229
9.84e-008,0.00647494
9.85e-008,0.00641841
9.86e-008,0.00636017
9.87e-008,0.00629508
9.88e-008,0.00628309
9.89e-008,0.00629165
9.9e-008,0.00634818
9.91e-008,0.00639272
9.92e-008,0.0064167
9.93e-008,0.00645267
9.94e-008,0.00646295
9.95e-008,0.00644753
9.96e-008,0.00641327
9.97e-008,0.00637045
9.98e-008,0.00632249
9.99e-008,0.00627795
1e-007,0.00623855
1.001e-007,0.00623341
1.002e-007,0.00625568
1.003e-007,0.0062711
1.004e-007,0.00623341
1.005e-007,0.00620258
1.006e-007,0.00613578
1.007e-007,0.00607411
1.008e-007,0.00605698
1.009e-007,0.00608953
1.01e-007,0.00615976
1.011e-007,0.00617003
1.012e-007,0.00618545
1.013e-007,0.0061392
1.014e-007,0.00608439
1.015e-007,0.00606212
1.016e-007,0.00606726
1.017e-007,0.00611522
1.018e-007,0.00618203
1.019e-007,0.00622827
1.02e-007,0.00621115
1.021e-007,0.00612036
1.022e-007,0.00599703
1.023e-007,0.00586513
1.024e-007,0.00575208
1.025e-007,0.00567328
1.026e-007,0.00563388
1.027e-007,0.0056236
1.028e-007,0.00561333
1.029e-007,0.00559962
1.03e-007,0.00559962
1.031e-007,0.00561675
1.032e-007,0.00560134
1.033e-007,0.00562703
1.034e-007,0.00558763
1.035e-007,0.00554823
1.036e-007,0.00549685
1.037e-007,0.00540777
1.038e-007,0.00534268
1.039e-007,0.00532898
1.04e-007,0.00536152
1.041e-007,0.0053855
1.042e-007,0.00540949
1.043e-007,0.00536838
1.044e-007,0.00528102
1.045e-007,0.00516625
1.046e-007,0.00502407
1.047e-007,0.00490759
1.048e-007,0.00484764
1.049e-007,0.0048031
1.05e-007,0.00479111
1.051e-007,0.00478769
1.052e-007,0.00478597
1.053e-007,0.00479454
1.054e-007,0.00478597
1.055e-007,0.00476028
1.056e-007,0.00476542
1.057e-007,0.00470889
1.058e-007,0.00464722
1.059e-007,0.0045513
1.06e-007,0.00443653
1.061e-007,0.00431663
1.062e-007,0.00422584
1.063e-007,0.00420528
1.064e-007,0.00418644
1.065e-007,0.00421556
1.066e-007,0.004207
1.067e-007,0.00421214
1.068e-007,0.00413505
1.069e-007,0.00404598
1.07e-007,0.00395519
1.071e-007,0.0038507
1.072e-007,0.0037976
1.073e-007,0.00376334
1.074e-007,0.00378561
1.075e-007,0.00378219
1.076e-007,0.00377362
1.077e-007,0.00370339
1.078e-007,0.00360747
1.079e-007,0.0034533
1.08e-007,0.00332483
1.081e-007,0.00319807
1.082e-007,0.00308844
1.083e-007,0.00300793
1.084e-007,0.002924
1.085e-007,0.00281437
1.086e-007,0.00271845
1.087e-007,0.00262595
1.088e-007,0.00260025
1.089e-007,0.00259683
1.09e-007,0.00260539
1.091e-007,0.00259683
1.092e-007,0.00254373
1.093e-007,0.00248206
1.094e-007,0.00237243
1.095e-007,0.00228678
1.096e-007,0.00221998
1.097e-007,0.00219428
1.098e-007,0.00218915
1.099e-007,0.00213947
1.1e-007,0.00206924
1.101e-007,0.0019716
1.102e-007,0.00189452
1.103e-007,0.00181915
1.104e-007,0.00177119
1.105e-007,0.00174549
1.106e-007,0.00174549
1.107e-007,0.00171809
1.108e-007,0.00167012
1.109e-007,0.00159133
1.11e-007,0.001468
1.111e-007,0.00136179
1.112e-007,0.00129156
1.113e-007,0.00121962
1.114e-007,0.00118536
1.115e-007,0.00115281
1.116e-007,0.00108943
1.117e-007,0.00101578
1.118e-007,0.000895871
1.119e-007,0.000787956
1.12e-007,0.000695456
1.121e-007,0.000642355
1.122e-007,0.000608096
1.123e-007,0.000585828
1.124e-007,0.000549856
1.125e-007,0.000484764
1.126e-007,0.000424811
1.127e-007,0.000347728
1.128e-007,0.000298053
1.129e-007,0.000244951
1.13e-007,0.00019185
1.131e-007,0.000143888
1.132e-007,0.000107916
1.133e-007,5.48143e-005
1.134e-007,-1.37036e-005
1.135e-007,-8.39344e-005
1.136e-007,-0.000123332
1.137e-007,-0.000184998
1.138e-007,-0.000253516
1.139e-007,-0.000316895
1.14e-007,-0.000369997
1.141e-007,-0.000436801
1.142e-007,-0.000486477
1.143e-007,-0.000512171
1.144e-007,-0.000543004
1.145e-007,-0.000556708
1.146e-007,-0.000596106
1.147e-007,-0.000640642
1.148e-007,-0.000688605
1.149e-007,-0.000753697
1.15e-007,-0.00081365
1.151e-007,-0.000870177
1.152e-007,-0.000899297
1.153e-007,-0.000924991
1.154e-007,-0.000995222
1.155e-007,-0.00108087
1.156e-007,-0.00114254
1.157e-007,-0.00119221
1.158e-007,-0.00121277
1.159e-007,-0.00123332
1.16e-007,-0.0012299
1.161e-007,-0.00123846
1.162e-007,-0.00124531
1.163e-007,-0.00127272
1.164e-007,-0.00131383
1.165e-007,-0.00135494
1.166e-007,-0.00142517
1.167e-007,-0.0014817
1.168e-007,-0.00154508
1.169e-007,-0.00158105
1.17e-007,-0.00159647
1.171e-007,-0.0015879
1.172e-007,-0.00158448
1.173e-007,-0.00162901
1.174e-007,-0.00167012
1.175e-007,-0.00174549
1.176e-007,-0.00179174
1.177e-007,-0.00181744
1.178e-007,-0.00180887
1.179e-007,-0.00178489
1.18e-007,-0.00176434
1.181e-007,-0.00175406
1.182e-007,-0.00175406
1.183e-007,-0.00176262
1.184e-007,-0.00180545
1.185e-007,-0.00185683
1.186e-007,-0.00192021
1.187e-007,-0.00200586
1.188e-007,-0.00206581
1.189e-007,-0.00214632
1.19e-007,-0.00220799
1.191e-007,-0.00224567
1.192e-007,-0.00225253
1.193e-007,-0.00226109
1.194e-007,-0.00229535
1.195e-007,-0.00227479
1.196e-007,-0.00230563
1.197e-007,-0.00228678
1.198e-007,-0.00224396
1.199e-007,-0.0022097
1.2e-007,-0.00216859
1.201e-007,-0.00213776
1.202e-007,-0.00213604
1.203e-007,-0.00213947
1.204e-007,-0.00216859
1.205e-007,-0.00225081
1.206e-007,-0.0022885
1.207e-007,-0.00232104
1.208e-007,-0.00238442
1.209e-007,-0.00242039
1.21e-007,-0.00247521
1.211e-007,-0.00254715
1.212e-007,-0.00254544
1.213e-007,-0.00253345
1.214e-007,-0.00248377
1.215e-007,-0.00241354
1.216e-007,-0.0023553
1.217e-007,-0.00231077
1.218e-007,-0.00229535
1.219e-007,-0.00231419
1.22e-007,-0.00235701
1.221e-007,-0.00242725
1.222e-007,-0.00251632
1.223e-007,-0.00261738
1.224e-007,-0.00264479
1.225e-007,-0.00264993
1.226e-007,-0.00259854
1.227e-007,-0.00250433
1.228e-007,-0.00241697
1.229e-007,-0.00240669
1.23e-007,-0.0024478
1.231e-007,-0.002554
1.232e-007,-0.00267048
1.233e-007,-0.00276812
1.234e-007,-0.00282808
1.235e-007,-0.00282122
1.236e-007,-0.00276984
1.237e-007,-0.00270303
1.238e-007,-0.00264822
1.239e-007,-0.00262423
1.24e-007,-0.00261224
1.241e-007,-0.00261224
1.242e-007,-0.00262081
1.243e-007,-0.00263794
1.244e-007,-0.00267905
1.245e-007,-0.00272701
1.246e-007,-0.00281437
1.247e-007,-0.00291201
1.248e-007,-0.00296169
1.249e-007,-0.00295141
1.25e-007,-0.00285891
1.251e-007,-0.00271673
1.252e-007,-0.00260539
1.253e-007,-0.00256428
1.254e-007,-0.00260197
1.255e-007,-0.00269104
1.256e-007,-0.00275784
1.257e-007,-0.00277326
1.258e-007,-0.00269447
1.259e-007,-0.00259169
1.26e-007,-0.00249576
1.261e-007,-0.00247521
1.262e-007,-0.00253516
1.263e-007,-0.0025797
1.264e-007,-0.00263794
1.265e-007,-0.00266192
1.266e-007,-0.00260197
1.267e-007,-0.00250947
1.268e-007,-0.00242725
1.269e-007,-0.00235359
1.27e-007,-0.00230049
1.271e-007,-0.0022628
1.272e-007,-0.00221484
1.273e-007,-0.00218401
1.274e-007,-0.00214461
1.275e-007,-0.0021429
1.276e-007,-0.00216345
1.277e-007,-0.00221141
1.278e-007,-0.0022628
1.279e-007,-0.00228507
1.28e-007,-0.00226965
1.281e-007,-0.00219086
1.282e-007,-0.00210864
1.283e-007,-0.0020247
1.284e-007,-0.00202642
1.285e-007,-0.00206924
1.286e-007,-0.00216516
1.287e-007,-0.00228507
1.288e-007,-0.00235188
1.289e-007,-0.00236558
1.29e-007,-0.0023159
1.291e-007,-0.00224567
1.292e-007,-0.00216345
1.293e-007,-0.00209665
1.294e-007,-0.00208294
1.295e-007,-0.00211035
1.296e-007,-0.00218743
1.297e-007,-0.00224567
1.298e-007,-0.00226623
1.299e-007,-0.0022628
1.3e-007,-0.00221655
1.301e-007,-0.0021703
1.302e-007,-0.00216859
1.303e-007,-0.00220114
1.304e-007,-0.00225766
1.305e-007,-0.00232276
1.306e-007,-0.00237757
1.307e-007,-0.00239813
1.308e-007,-0.00234845
1.309e-007,-0.00229192
1.31e-007,-0.00217544
1.311e-007,-0.00209493
1.312e-007,-0.0020247
1.313e-007,-0.00201443
1.314e-007,-0.00204012
1.315e-007,-0.00207438
1.316e-007,-0.00212748
1.317e-007,-0.00216688
1.318e-007,-0.00218058
1.319e-007,-0.00221313
1.32e-007,-0.00227822
1.321e-007,-0.00235359
1.322e-007,-0.00242039
1.323e-007,-0.00245465
1.324e-007,-0.00245294
1.325e-007,-0.00242211
1.326e-007,-0.00236558
1.327e-007,-0.00232104
1.328e-007,-0.00227822
1.329e-007,-0.00227137
1.33e-007,-0.00229535
1.331e-007,-0.00232618
1.332e-007,-0.00236215
1.333e-007,-0.00237586
1.334e-007,-0.00238785
1.335e-007,-0.00242553
1.336e-007,-0.00246322
1.337e-007,-0.00252488
1.338e-007,-0.00254886
1.339e-007,-0.00257456
1.34e-007,-0.00255229
1.341e-007,-0.0025009
1.342e-007,-0.00243238
1.343e-007,-0.00240155
1.344e-007,-0.00238442
1.345e-007,-0.00247863
1.346e-007,-0.00261224
1.347e-007,-0.00275613
1.348e-007,-0.00287775
1.349e-007,-0.00293085
1.35e-007,-0.00288974
1.351e-007,-0.00280923
1.352e-007,-0.00270988
1.353e-007,-0.00269104
1.354e-007,-0.00272872
1.355e-007,-0.00281437
1.356e-007,-0.00292743
1.357e-007,-0.00299937
1.358e-007,-0.00300451
1.359e-007,-0.00292914
1.36e-007,-0.00284692
1.361e-007,-0.00282122
1.362e-007,-0.00286233
1.363e-007,-0.00295483
1.364e-007,-0.00307131
1.365e-007,-0.00315867
1.366e-007,-0.00317066
1.367e-007,-0.00314668
1.368e-007,-0.00309187
1.369e-007,-0.00304391
1.37e-007,-0.0030559
1.371e-007,-0.00306446
1.372e-007,-0.003109
1.373e-007,-0.00313127
1.374e-007,-0.0031621
1.375e-007,-0.00318266
1.376e-007,-0.0032409
1.377e-007,-0.00330427
1.378e-007,-0.00332997
1.379e-007,-0.00335052
1.38e-007,-0.00332826
1.381e-007,-0.00328543
1.382e-007,-0.00323747
1.383e-007,-0.00324432
1.384e-007,-0.00328543
1.385e-007,-0.00331113
1.386e-007,-0.00335566
1.387e-007,-0.00338478
1.388e-007,-0.00340191
1.389e-007,-0.00341904
1.39e-007,-0.00344645
1.391e-007,-0.0035064
1.392e-007,-0.00355265
1.393e-007,-0.00362117
1.394e-007,-0.0036383
1.395e-007,-0.00363145
1.396e-007,-0.00356293
1.397e-007,-0.00348756
1.398e-007,-0.00342761
1.399e-007,-0.00340363
1.4e-007,-0.00343446
1.401e-007,-0.00349441
1.402e-007,-0.00356122
1.403e-007,-0.00360061
1.404e-007,-0.00359376
1.405e-007,-0.00354751
1.406e-007,-0.00350298
1.407e-007,-0.0035321
1.408e-007,-0.0036126
1.409e-007,-0.0037445
1.41e-007,-0.00388325
1.411e-007,-0.00399117
1.412e-007,-0.00398603
1.413e-007,-0.00390038
1.414e-007,-0.00376334
1.415e-007,-0.00364001
1.416e-007,-0.00358348
1.417e-007,-0.00356807
1.418e-007,-0.00362117
1.419e-007,-0.00370339
1.42e-007,-0.00377191
1.421e-007,-0.00382158
1.422e-007,-0.00381816
1.423e-007,-0.00380788
1.424e-007,-0.00376163
1.425e-007,-0.00372395
1.426e-007,-0.00363487
1.427e-007,-0.00355779
1.428e-007,-0.00344645
1.429e-007,-0.00337964
1.43e-007,-0.00334539
1.431e-007,-0.0033471
1.432e-007,-0.00339677
1.433e-007,-0.00347214
1.434e-007,-0.00352182
1.435e-007,-0.00353038
1.436e-007,-0.00352696
1.437e-007,-0.00345673
1.438e-007,-0.00338992
1.439e-007,-0.00332312
1.44e-007,-0.00329228
1.441e-007,-0.00326659
1.442e-007,-0.00325802
1.443e-007,-0.0032546
1.444e-007,-0.00323918
1.445e-007,-0.00321863
1.446e-007,-0.00321691
1.447e-007,-0.00320492
1.448e-007,-0.00319293
1.449e-007,-0.00318437
1.45e-007,-0.00315867
1.451e-007,-0.00315525
1.452e-007,-0.00309701
1.453e-007,-0.00304219
1.454e-007,-0.00298738
1.455e-007,-0.00289831
1.456e-007,-0.00285548
1.457e-007,-0.00283321
1.458e-007,-0.00282808
1.459e-007,-0.00284178
1.46e-007,-0.00282122
1.461e-007,-0.00278011
1.462e-007,-0.00271331
1.463e-007,-0.00266021
1.464e-007,-0.00265164
1.465e-007,-0.00264308
1.466e-007,-0.00261396
1.467e-007,-0.00260025
1.468e-007,-0.00256257
1.469e-007,-0.00255229
1.47e-007,-0.00256086
1.471e-007,-0.00254715
1.472e-007,-0.00255572
1.473e-007,-0.00251974
1.474e-007,-0.00243752
1.475e-007,-0.00232276
1.476e-007,-0.00221827
1.477e-007,-0.00215146
1.478e-007,-0.00212405
1.479e-007,-0.00212063
1.48e-007,-0.00213262
1.481e-007,-0.00212577
1.482e-007,-0.0021172
1.483e-007,-0.00207952
1.484e-007,-0.00204183
1.485e-007,-0.00199044
1.486e-007,-0.00193906
1.487e-007,-0.00186711
1.488e-007,-0.00174378
1.489e-007,-0.00165299
1.49e-007,-0.00155878
1.491e-007,-0.00150225
1.492e-007,-0.00150225
1.493e-007,-0.00152452
1.494e-007,-0.00156392
1.495e-007,-0.00155878
1.496e-007,-0.00152452
1.497e-007,-0.00146114
1.498e-007,-0.0013892
1.499e-007,-0.00132925
1.5e-007,-0.00130184
1.501e-007,-0.00130355
1.502e-007,-0.00129841
1.503e-007,-0.0012299
1.504e-007,-0.00115281
1.505e-007,-0.00110828
1.506e-007,-0.00101235
1.507e-007,-0.000950686
1.508e-007,-0.000890732
1.509e-007,-0.000829066
1.51e-007,-0.000793094
1.511e-007,-0.000741706
1.512e-007,-0.000673188
1.513e-007,-0.000659485
1.514e-007,-0.000668049
1.515e-007,-0.000688605
1.516e-007,-0.000685179
1.517e-007,-0.00068004
1.518e-007,-0.000635503
1.519e-007,-0.000543004
1.52e-007,-0.000426524
1.521e-007,-0.000328886
1.522e-007,-0.000232961
1.523e-007,-0.000190137
1.524e-007,-0.000169582
1.525e-007,-0.000169582
1.526e-007,-0.000173008
1.527e-007,-0.000155878
1.528e-007,-0.000147313
1.529e-007,-0.000119906
1.53e-007,-0.000113054
1.531e-007,-0.000101064
1.532e-007,-8.22214e-005
1.533e-007,-4.62496e-005
1.534e-007,2.56942e-005
1.535e-007,0.000130184
1.536e-007,0.000260368
1.537e-007,0.000378561
1.538e-007,0.000477912
1.539e-007,0.000544717
1.54e-007,0.000577263
1.541e-007,0.000560134
1.542e-007,0.000515597
1.543e-007,0.000479625
1.544e-007,0.000457357
1.545e-007,0.000532726
1.546e-007,0.000628652
1.547e-007,0.000748558
1.548e-007,0.000878742
1.549e-007,0.000948973
1.55e-007,0.000993509
1.551e-007,0.000967815
1.552e-007,0.00093013
1.553e-007,0.000919852
1.554e-007,0.000950686
1.555e-007,0.0010192
1.556e-007,0.00106031
1.557e-007,0.00113397
1.558e-007,0.00116823
1.559e-007,0.00119735
1.56e-007,0.00123332
1.561e-007,0.00124531
1.562e-007,0.00129327
1.563e-007,0.00136864
1.564e-007,0.00145258
1.565e-007,0.00152281
1.566e-007,0.00159475
1.567e-007,0.00165985
1.568e-007,0.00169582
1.569e-007,0.00172322
1.57e-007,0.00174549
1.571e-007,0.00171809
1.572e-007,0.00170952
1.573e-007,0.00169239
1.574e-007,0.0017061
1.575e-007,0.00177804
1.576e-007,0.00187225
1.577e-007,0.00197331
1.578e-007,0.00206068
1.579e-007,0.00208123
1.58e-007,0.00207952
1.581e-007,0.00206068
1.582e-007,0.00204355
1.583e-007,0.0020641
1.584e-007,0.00211549
1.585e-007,0.00214975
1.586e-007,0.00221484
1.587e-007,0.00223368
1.588e-007,0.0022097
1.589e-007,0.00218743
1.59e-007,0.0021703
1.591e-007,0.00216859
1.592e-007,0.00220799
1.593e-007,0.00226109
1.594e-007,0.00233817
1.595e-007,0.00237072
1.596e-007,0.00237414
1.597e-007,0.00231762
1.598e-007,0.00225253
1.599e-007,0.00220456
1.6e-007,0.0022097
1.601e-007,0.00225766
1.602e-007,0.0023416
1.603e-007,0.00242725
1.604e-007,0.00244609
1.605e-007,0.00243924
1.606e-007,0.00236901
1.607e-007,0.00231933
1.608e-007,0.00228336
1.609e-007,0.00229364
1.61e-007,0.00237928
1.611e-007,0.0024872
1.612e-007,0.00258141
1.613e-007,0.00263794
1.614e-007,0.00264308
1.615e-007,0.00260711
1.616e-007,0.00256428
1.617e-007,0.00254544
1.618e-007,0.00255914
1.619e-007,0.00256599
1.62e-007,0.002554
1.621e-007,0.00250262
1.622e-007,0.00243924
1.623e-007,0.00240326
1.624e-007,0.00238613
1.625e-007,0.00240498
1.626e-007,0.00245637
1.627e-007,0.00252488
1.628e-007,0.00255743
1.629e-007,0.00258312
1.63e-007,0.00257113
1.631e-007,0.00252317
1.632e-007,0.00250947
1.633e-007,0.0025009
1.634e-007,0.00251632
1.635e-007,0.00255572
1.636e-007,0.0026191
1.637e-007,0.00265507
1.638e-007,0.0026722
1.639e-007,0.00264993
1.64e-007,0.00257799
1.641e-007,0.00252317
1.642e-007,0.00244438
1.643e-007,0.00239813
1.644e-007,0.002381
1.645e-007,0.00242382
1.646e-007,0.00247692
1.647e-007,0.00255914
1.648e-007,0.00264136
1.649e-007,0.00269618
1.65e-007,0.00270988
1.651e-007,0.00268247
1.652e-007,0.00263623
1.653e-007,0.00258141
1.654e-007,0.002554
1.655e-007,0.00252831
1.656e-007,0.00257627
1.657e-007,0.00260711
1.658e-007,0.00262423
1.659e-007,0.0025934
1.66e-007,0.00258998
1.661e-007,0.00260025
1.662e-007,0.00263965
1.663e-007,0.00270303
1.664e-007,0.00280409
1.665e-007,0.00286576
1.666e-007,0.00283321
1.667e-007,0.00274071
1.668e-007,0.00261053
1.669e-007,0.0024735
1.67e-007,0.00240669
1.671e-007,0.00238785
1.672e-007,0.00245637
1.673e-007,0.00253859
1.674e-007,0.00260711
1.675e-007,0.00262766
1.676e-007,0.00261396
1.677e-007,0.00259169
1.678e-007,0.00258484
1.679e-007,0.00256771
1.68e-007,0.00256771
1.681e-007,0.00254544
1.682e-007,0.00249405
1.683e-007,0.00238785
1.684e-007,0.00228336
1.685e-007,0.00223368
1.686e-007,0.00222512
1.687e-007,0.0022885
1.688e-007,0.00236044
1.689e-007,0.0024478
1.69e-007,0.00248891
1.691e-007,0.00247692
1.692e-007,0.00243581
1.693e-007,0.00235359
1.694e-007,0.00231762
1.695e-007,0.00230734
1.696e-007,0.00234502
1.697e-007,0.00240326
1.698e-007,0.00247178
1.699e-007,0.00248377
1.7e-007,0.00242553
1.701e-007,0.00233646
1.702e-007,0.00223026
1.703e-007,0.00217373
1.704e-007,0.00214975
1.705e-007,0.00219257
1.706e-007,0.00225938
1.707e-007,0.00231248
1.708e-007,0.0022885
1.709e-007,0.00217716
1.71e-007,0.00205725
1.711e-007,0.00191336
1.712e-007,0.00180373
1.713e-007,0.00176947
1.714e-007,0.00176091
1.715e-007,0.00178318
1.716e-007,0.00182086
1.717e-007,0.00184142
1.718e-007,0.0018397
1.719e-007,0.00182943
1.72e-007,0.00183628
1.721e-007,0.00182429
1.722e-007,0.00183799
1.723e-007,0.00184827
1.724e-007,0.00185855
1.725e-007,0.0018397
1.726e-007,0.00181401
1.727e-007,0.0017866
1.728e-007,0.00174892
1.729e-007,0.00170096
1.73e-007,0.00164957
1.731e-007,0.0016136
1.732e-007,0.00158448
1.733e-007,0.00160674
1.734e-007,0.00163586
1.735e-007,0.00171123
1.736e-007,0.00171809
1.737e-007,0.00172151
1.738e-007,0.0016667
1.739e-007,0.00156221
1.74e-007,0.00145429
1.741e-007,0.0013498
1.742e-007,0.00126758
1.743e-007,0.00123161
1.744e-007,0.00122647
1.745e-007,0.00123161
1.746e-007,0.00127443
1.747e-007,0.00130869
1.748e-007,0.00131554
1.749e-007,0.00132068
1.75e-007,0.00127101
1.751e-007,0.00119392
1.752e-007,0.00110656
1.753e-007,0.00101749
1.754e-007,0.000942121
1.755e-007,0.000890732
1.756e-007,0.000866751
