LECROYWM8500,500500138,Waveform
Segments,1,SegmentSize,2002
Segment,TrigTime,TimeSinceSegment1
#1,21-Mar-2024 17:06:54,0                 
Time,Ampl
-2.45e-008,0.000243238
-2.44e-008,0.000193563
-2.43e-008,0.000190137
-2.42e-008,0.000202128
-2.41e-008,0.00022097
-2.4e-008,0.00025009
-2.39e-008,0.000255229
-2.38e-008,0.000272359
-2.37e-008,0.000287775
-2.36e-008,0.000294627
-2.35e-008,0.000332312
-2.34e-008,0.000337451
-2.33e-008,0.000335738
-2.32e-008,0.000323747
-2.31e-008,0.000287775
-2.3e-008,0.000243238
-2.29e-008,0.000202128
-2.28e-008,0.000215831
-2.27e-008,0.00022097
-2.26e-008,0.000251803
-2.25e-008,0.000287775
-2.24e-008,0.000286062
-2.23e-008,0.000275784
-2.22e-008,0.000255229
-2.21e-008,0.000212405
-2.2e-008,0.000198702
-2.19e-008,0.000231248
-2.18e-008,0.000241526
-2.17e-008,0.00030833
-2.16e-008,0.000347728
-2.15e-008,0.000392265
-2.14e-008,0.000381987
-2.13e-008,0.000358006
-2.12e-008,0.000304905
-2.11e-008,0.000241526
-2.1e-008,0.000207267
-2.09e-008,0.000147313
-2.08e-008,9.93509e-005
-2.07e-008,7.02308e-005
-2.06e-008,2.05554e-005
-2.05e-008,1.71295e-005
-2.04e-008,4.45366e-005
-2.03e-008,6.16661e-005
-2.02e-008,9.24991e-005
-2.01e-008,0.000135323
-2e-008,0.000157591
-1.99e-008,0.000179859
-1.98e-008,0.000171295
-1.97e-008,0.000150739
-1.96e-008,0.000159304
-1.95e-008,0.000171295
-1.94e-008,0.00016273
-1.93e-008,0.000173008
-1.92e-008,0.000186711
-1.91e-008,0.000195276
-1.9e-008,0.000183285
-1.89e-008,0.00019185
-1.88e-008,0.000231248
-1.87e-008,0.000287775
-1.86e-008,0.000366571
-1.85e-008,0.000388839
-1.84e-008,0.000373422
-1.83e-008,0.000346015
-1.82e-008,0.000287775
-1.81e-008,0.000215831
-1.8e-008,0.000173008
-1.79e-008,0.000159304
-1.78e-008,0.000184998
-1.77e-008,0.000212405
-1.76e-008,0.000231248
-1.75e-008,0.000222683
-1.74e-008,0.000214118
-1.73e-008,0.000231248
-1.72e-008,0.000256942
-1.71e-008,0.00027921
-1.7e-008,0.000286062
-1.69e-008,0.00027921
-1.68e-008,0.000260368
-1.67e-008,0.000219257
-1.66e-008,0.000178146
-1.65e-008,0.000166156
-1.64e-008,0.000159304
-1.63e-008,0.000171295
-1.62e-008,0.000178146
-1.61e-008,0.000193563
-1.6e-008,0.000188424
-1.59e-008,0.000202128
-1.58e-008,0.000203841
-1.57e-008,0.00022097
-1.56e-008,0.000248377
-1.55e-008,0.00027921
-1.54e-008,0.000289488
-1.53e-008,0.000304905
-1.52e-008,0.000318608
-1.51e-008,0.00032546
-1.5e-008,0.000282636
-1.49e-008,0.000244951
-1.48e-008,0.000205554
-1.47e-008,0.000164443
-1.46e-008,0.00011648
-1.45e-008,9.93509e-005
-1.44e-008,0.000118193
-1.43e-008,0.000155878
-1.42e-008,0.000205554
-1.41e-008,0.000248377
-1.4e-008,0.000244951
-1.39e-008,0.000202128
-1.38e-008,0.000113054
-1.37e-008,4.96755e-005
-1.36e-008,1.88424e-005
-1.35e-008,4.11107e-005
-1.34e-008,0.000109629
-1.33e-008,0.000198702
-1.32e-008,0.000255229
-1.31e-008,0.000286062
-1.3e-008,0.000291201
-1.29e-008,0.000275784
-1.28e-008,0.000299766
-1.27e-008,0.000301479
-1.26e-008,0.000298053
-1.25e-008,0.00029634
-1.24e-008,0.000262081
-1.23e-008,0.000244951
-1.22e-008,0.000227822
-1.21e-008,0.000222683
-1.2e-008,0.000263794
-1.19e-008,0.000306617
-1.18e-008,0.000344302
-1.17e-008,0.000361432
-1.16e-008,0.000352867
-1.15e-008,0.000301479
-1.14e-008,0.00026722
-1.13e-008,0.0002381
-1.12e-008,0.000244951
-1.11e-008,0.000291201
-1.1e-008,0.000359719
-1.09e-008,0.000440227
-1.08e-008,0.00054643
-1.07e-008,0.000620087
-1.06e-008,0.000698882
-1.05e-008,0.000743419
-1.04e-008,0.000777678
-1.03e-008,0.000803372
-1.02e-008,0.000837631
-1.01e-008,0.000889019
-1e-008,0.000933556
-9.9e-009,0.000967815
-9.8e-009,0.000984944
-9.7e-009,0.000991796
-9.6e-009,0.000954111
-9.5e-009,0.000907862
-9.4e-009,0.000858186
-9.3e-009,0.000817076
-9.2e-009,0.000789669
-9.1e-009,0.000779391
-9e-009,0.000760548
-8.9e-009,0.000762261
-8.8e-009,0.000763974
-8.7e-009,0.000775965
-8.6e-009,0.000762261
-8.5e-009,0.000748558
-8.4e-009,0.000726289
-8.3e-009,0.000674901
-8.2e-009,0.000656059
-8.1e-009,0.000654346
-8e-009,0.000719438
-7.9e-009,0.000837631
-7.8e-009,0.000952398
-7.7e-009,0.00104147
-7.6e-009,0.00102092
-7.5e-009,0.000892445
-7.4e-009,0.00065092
-7.3e-009,0.000342589
-7.2e-009,7.87956e-005
-7.1e-009,-9.42121e-005
-7e-009,-7.87956e-005
-6.9e-009,5.13884e-005
-6.8e-009,0.00029634
-6.7e-009,0.000549856
-6.6e-009,0.000760548
-6.5e-009,0.00087189
-6.4e-009,0.000861612
-6.3e-009,0.000763974
-6.2e-009,0.000625226
-6.1e-009,0.00045907
-6e-009,0.000328886
-5.9e-009,0.000215831
-5.8e-009,0.000128471
-5.7e-009,8.39344e-005
-5.6e-009,9.07862e-005
-5.5e-009,0.000101064
-5.4e-009,0.000126758
-5.3e-009,0.00016273
-5.2e-009,0.000183285
-5.1e-009,0.000196989
-5e-009,0.000178146
-4.9e-009,0.000188424
-4.8e-009,0.000217544
-4.7e-009,0.000284349
-4.6e-009,0.000375135
-4.5e-009,0.000447079
-4.4e-009,0.000505319
-4.3e-009,0.000544717
-4.2e-009,0.000558421
-4.1e-009,0.000536152
-4e-009,0.000467634
-3.9e-009,0.000373422
-3.8e-009,0.00026722
-3.7e-009,0.000176434
-3.6e-009,0.000121619
-3.5e-009,0.000137036
-3.4e-009,0.000195276
-3.3e-009,0.000231248
-3.2e-009,0.000241526
-3.1e-009,0.000227822
-3e-009,0.00019185
-2.9e-009,0.000164443
-2.8e-009,0.00022097
-2.7e-009,0.00035458
-2.6e-009,0.000513884
-2.5e-009,0.000647494
-2.4e-009,0.000673188
-2.3e-009,0.000594393
-2.2e-009,0.000378561
-2.1e-009,8.56473e-005
-2e-009,-0.000174721
-1.9e-009,-0.000366571
-1.8e-009,-0.000433376
-1.7e-009,-0.000423098
-1.6e-009,-0.000349441
-1.5e-009,-0.000248377
-1.4e-009,-0.000179859
-1.3e-009,-0.000161017
-1.2e-009,-0.000186711
-1.1e-009,-0.000159304
-1e-009,-0.000123332
-9e-010,-4.45366e-005
-8e-010,8.05085e-005
-7e-010,0.000195276
-6e-010,0.000339163
-5e-010,0.000385413
-4e-010,0.000330599
-3e-010,0.000173008
-2e-010,-8.56473e-005
-1e-010,-0.000388839
4.138488e-023,-0.000676614
1e-010,-0.00085476
2e-010,-0.000870177
3e-010,-0.00073828
4e-010,-0.00054643
5e-010,-0.000330599
6e-010,-0.000178146
7e-010,-0.000118193
8e-010,-0.000126758
9e-010,-0.000193563
1e-009,-0.000277497
1.1e-009,-0.000364858
1.2e-009,-0.000424811
1.3e-009,-0.000503606
1.4e-009,-0.000544717
1.5e-009,-0.00057555
1.6e-009,-0.000565272
1.7e-009,-0.000536152
1.8e-009,-0.000476199
1.9e-009,-0.000421385
2e-009,-0.000381987
2.1e-009,-0.000330599
2.2e-009,-0.000256942
2.3e-009,-0.000196989
2.4e-009,-0.000164443
2.5e-009,-0.000166156
2.6e-009,-0.000203841
2.7e-009,-0.000327173
2.8e-009,-0.000460783
2.9e-009,-0.000594393
3e-009,-0.000710873
3.1e-009,-0.000837631
3.2e-009,-0.000960963
3.3e-009,-0.00109115
3.4e-009,-0.00119564
3.5e-009,-0.00127615
3.6e-009,-0.00135152
3.7e-009,-0.00136693
3.8e-009,-0.00136522
3.9e-009,-0.00135494
4e-009,-0.00138749
4.1e-009,-0.00142175
4.2e-009,-0.00144915
4.3e-009,-0.00149026
4.4e-009,-0.0014954
4.5e-009,-0.00150054
4.6e-009,-0.00149198
4.7e-009,-0.00150397
4.8e-009,-0.00151082
4.9e-009,-0.00151425
5e-009,-0.0015211
5.1e-009,-0.00149026
5.2e-009,-0.00150568
5.3e-009,-0.00149198
5.4e-009,-0.00150911
5.5e-009,-0.00151767
5.6e-009,-0.00154508
5.7e-009,-0.00158448
5.8e-009,-0.00164957
5.9e-009,-0.00169753
6e-009,-0.00176947
6.1e-009,-0.00178489
6.2e-009,-0.00179346
6.3e-009,-0.00176947
6.4e-009,-0.00173693
6.5e-009,-0.00168554
6.6e-009,-0.00158276
6.7e-009,-0.00146114
6.8e-009,-0.00130013
6.9e-009,-0.0011374
7e-009,-0.0010449
7.1e-009,-0.00103976
7.2e-009,-0.00110314
7.3e-009,-0.00123332
7.4e-009,-0.00135494
7.5e-009,-0.00143202
7.6e-009,-0.00145772
7.7e-009,-0.00144573
7.8e-009,-0.00144059
7.9e-009,-0.00145943
8e-009,-0.00150225
8.1e-009,-0.00159989
8.2e-009,-0.00168554
8.3e-009,-0.00176776
8.4e-009,-0.00184313
8.5e-009,-0.00190308
8.6e-009,-0.00195105
8.7e-009,-0.00196132
8.8e-009,-0.00192707
8.9e-009,-0.00186197
9e-009,-0.00174721
9.1e-009,-0.00165299
9.2e-009,-0.00156906
9.3e-009,-0.00151425
9.4e-009,-0.00148684
9.5e-009,-0.00147656
9.6e-009,-0.00147827
9.7e-009,-0.00146628
9.8e-009,-0.00151253
9.9e-009,-0.00157249
1e-008,-0.00166327
1.01e-008,-0.00180545
1.02e-008,-0.00194933
1.03e-008,-0.00208294
1.04e-008,-0.00221484
1.05e-008,-0.0023159
1.06e-008,-0.00240669
1.07e-008,-0.0024084
1.08e-008,-0.00236044
1.09e-008,-0.00227822
1.1e-008,-0.00218229
1.11e-008,-0.00208123
1.12e-008,-0.00199901
1.13e-008,-0.0019322
1.14e-008,-0.00185855
1.15e-008,-0.00183628
1.16e-008,-0.00183285
1.17e-008,-0.00182771
1.18e-008,-0.00186711
1.19e-008,-0.00192878
1.2e-008,-0.00199387
1.21e-008,-0.00207267
1.22e-008,-0.00211378
1.23e-008,-0.00213262
1.24e-008,-0.00214118
1.25e-008,-0.00212234
1.26e-008,-0.00204697
1.27e-008,-0.00189966
1.28e-008,-0.00169924
1.29e-008,-0.00149026
1.3e-008,-0.00132582
1.31e-008,-0.00121277
1.32e-008,-0.0011905
1.33e-008,-0.00121791
1.34e-008,-0.0012573
1.35e-008,-0.00130355
1.36e-008,-0.00132068
1.37e-008,-0.00132925
1.38e-008,-0.00133267
1.39e-008,-0.00134466
1.4e-008,-0.0013498
1.41e-008,-0.00133267
1.42e-008,-0.00130869
1.43e-008,-0.00126929
1.44e-008,-0.00124703
1.45e-008,-0.00121448
1.46e-008,-0.00116823
1.47e-008,-0.0011117
1.48e-008,-0.00106374
1.49e-008,-0.000998648
1.5e-008,-0.000919852
1.51e-008,-0.000906149
1.52e-008,-0.000887306
1.53e-008,-0.000913001
1.54e-008,-0.000943834
1.55e-008,-0.00094726
1.56e-008,-0.000919852
1.57e-008,-0.000866751
1.58e-008,-0.000799946
1.59e-008,-0.000712586
1.6e-008,-0.000664623
1.61e-008,-0.00065092
1.62e-008,-0.000657772
1.63e-008,-0.000712586
1.64e-008,-0.000777678
1.65e-008,-0.000810224
1.66e-008,-0.000803372
1.67e-008,-0.000722864
1.68e-008,-0.000640642
1.69e-008,-0.00056356
1.7e-008,-0.000531014
1.71e-008,-0.00051731
1.72e-008,-0.000503606
1.73e-008,-0.000507032
1.74e-008,-0.000505319
1.75e-008,-0.000477912
1.76e-008,-0.000495042
1.77e-008,-0.000532726
1.78e-008,-0.000578976
1.79e-008,-0.000628652
1.8e-008,-0.000644068
1.81e-008,-0.000618374
1.82e-008,-0.000537865
1.83e-008,-0.000476199
1.84e-008,-0.00040083
1.85e-008,-0.000366571
1.86e-008,-0.000373422
1.87e-008,-0.000405968
1.88e-008,-0.00045907
1.89e-008,-0.000525875
1.9e-008,-0.000573837
1.91e-008,-0.000589254
1.92e-008,-0.00056356
1.93e-008,-0.00056356
1.94e-008,-0.000541291
1.95e-008,-0.000537865
1.96e-008,-0.000527588
1.97e-008,-0.000483051
1.98e-008,-0.000404255
1.99e-008,-0.00032546
2e-008,-0.000222683
2.01e-008,-0.000164443
2.02e-008,-0.000164443
2.03e-008,-0.000219257
2.04e-008,-0.000236387
2.05e-008,-0.000256942
2.06e-008,-0.000222683
2.07e-008,-0.000186711
2.08e-008,-0.000147313
2.09e-008,-0.000154165
2.1e-008,-0.000193563
2.11e-008,-0.000239813
2.12e-008,-0.000299766
2.13e-008,-0.00032546
2.14e-008,-0.000339163
2.15e-008,-0.000366571
2.16e-008,-0.000387126
2.17e-008,-0.00042995
2.18e-008,-0.000424811
2.19e-008,-0.00040083
2.2e-008,-0.000351154
2.21e-008,-0.00029634
2.22e-008,-0.000222683
2.23e-008,-0.000169582
2.24e-008,-0.000102777
2.25e-008,-3.93978e-005
2.26e-008,5.31014e-005
2.27e-008,0.000135323
2.28e-008,0.000202128
2.29e-008,0.000231248
2.3e-008,0.000203841
2.31e-008,0.000147313
2.32e-008,9.07862e-005
2.33e-008,6.68049e-005
2.34e-008,6.5092e-005
2.35e-008,8.73603e-005
2.36e-008,0.000114767
2.37e-008,0.000123332
2.38e-008,0.000131897
2.39e-008,0.000107916
2.4e-008,0.000131897
2.41e-008,0.00016273
2.42e-008,0.000262081
2.43e-008,0.00035458
2.44e-008,0.00044194
2.45e-008,0.000489903
2.46e-008,0.000512171
2.47e-008,0.000491616
2.48e-008,0.000435089
2.49e-008,0.000385413
2.5e-008,0.000378561
2.51e-008,0.000390552
2.52e-008,0.000405968
2.53e-008,0.000457357
2.54e-008,0.000513884
2.55e-008,0.00054643
2.56e-008,0.000551569
2.57e-008,0.000556708
2.58e-008,0.000560134
2.59e-008,0.00056356
2.6e-008,0.000539578
2.61e-008,0.000515597
2.62e-008,0.000465922
2.63e-008,0.00044194
2.64e-008,0.000417959
2.65e-008,0.000423098
2.66e-008,0.000452218
2.67e-008,0.000489903
2.68e-008,0.000501893
2.69e-008,0.000476199
2.7e-008,0.000455644
2.71e-008,0.000445366
2.72e-008,0.000455644
2.73e-008,0.00045907
2.74e-008,0.000469347
2.75e-008,0.000467634
2.76e-008,0.000428237
2.77e-008,0.000346015
2.78e-008,0.000263794
2.79e-008,0.000169582
2.8e-008,5.82402e-005
2.81e-008,-5.65272e-005
2.82e-008,-0.000130184
2.83e-008,-0.0001456
2.84e-008,-0.0001456
2.85e-008,-0.00013361
2.86e-008,-0.000150739
2.87e-008,-0.000184998
2.88e-008,-0.000236387
2.89e-008,-0.000315182
2.9e-008,-0.000358006
2.91e-008,-0.000381987
2.92e-008,-0.000361432
2.93e-008,-0.000351154
2.94e-008,-0.000375135
2.95e-008,-0.000440227
2.96e-008,-0.000553282
2.97e-008,-0.000674901
2.98e-008,-0.000815363
2.99e-008,-0.000904436
3e-008,-0.000926704
3.01e-008,-0.000885594
3.02e-008,-0.00081365
3.03e-008,-0.000721151
3.04e-008,-0.000640642
3.05e-008,-0.000537865
3.06e-008,-0.000484764
3.07e-008,-0.000465922
3.08e-008,-0.000464209
3.09e-008,-0.000512171
3.1e-008,-0.000573837
3.11e-008,-0.000630364
3.12e-008,-0.000700595
3.13e-008,-0.0007674
3.14e-008,-0.000817076
3.15e-008,-0.000878742
3.16e-008,-0.000928417
3.17e-008,-0.00097638
3.18e-008,-0.00100036
3.19e-008,-0.000978093
3.2e-008,-0.000967815
3.21e-008,-0.000974667
3.22e-008,-0.000991796
3.23e-008,-0.00102948
3.24e-008,-0.00106888
3.25e-008,-0.0011117
3.26e-008,-0.00114425
3.27e-008,-0.00117851
3.28e-008,-0.00120249
3.29e-008,-0.00125045
3.3e-008,-0.00128471
3.31e-008,-0.00132925
3.32e-008,-0.00135494
3.33e-008,-0.00136008
3.34e-008,-0.00138749
3.35e-008,-0.00140462
3.36e-008,-0.0014423
3.37e-008,-0.00148341
3.38e-008,-0.00147485
3.39e-008,-0.00145429
3.4e-008,-0.00143716
3.41e-008,-0.00143202
3.42e-008,-0.00142003
3.43e-008,-0.00141832
3.44e-008,-0.00145772
3.45e-008,-0.00148684
3.46e-008,-0.00151596
3.47e-008,-0.00154508
3.48e-008,-0.00159989
3.49e-008,-0.00165985
3.5e-008,-0.00174549
3.51e-008,-0.00184998
3.52e-008,-0.00193563
3.53e-008,-0.00200072
3.54e-008,-0.00203841
3.55e-008,-0.00206581
3.56e-008,-0.00207267
3.57e-008,-0.00204355
3.58e-008,-0.00205896
3.59e-008,-0.00205725
3.6e-008,-0.00202984
3.61e-008,-0.00203327
3.62e-008,-0.00200757
3.63e-008,-0.00199558
3.64e-008,-0.00199901
3.65e-008,-0.00203155
3.66e-008,-0.00210521
3.67e-008,-0.00218229
3.68e-008,-0.00229877
3.69e-008,-0.00241012
3.7e-008,-0.00250262
3.71e-008,-0.00255229
3.72e-008,-0.0025403
3.73e-008,-0.00251803
3.74e-008,-0.00249234
3.75e-008,-0.00248206
3.76e-008,-0.00251289
3.77e-008,-0.00257456
3.78e-008,-0.00267905
3.79e-008,-0.00272872
3.8e-008,-0.0027647
3.81e-008,-0.00273215
3.82e-008,-0.0026859
3.83e-008,-0.00264993
3.84e-008,-0.00263794
3.85e-008,-0.00267391
3.86e-008,-0.00276127
3.87e-008,-0.00288118
3.88e-008,-0.00296511
3.89e-008,-0.00300451
3.9e-008,-0.00303192
3.91e-008,-0.00304219
3.92e-008,-0.00305076
3.93e-008,-0.00309187
3.94e-008,-0.00314154
3.95e-008,-0.00319465
3.96e-008,-0.00320835
3.97e-008,-0.00319122
3.98e-008,-0.00320492
3.99e-008,-0.00320492
4e-008,-0.0032409
4.01e-008,-0.00330427
4.02e-008,-0.00340876
4.03e-008,-0.00347386
4.04e-008,-0.00348242
4.05e-008,-0.00342761
4.06e-008,-0.00337108
4.07e-008,-0.00331113
4.08e-008,-0.00326488
4.09e-008,-0.00325802
4.1e-008,-0.00329571
4.11e-008,-0.0033471
4.12e-008,-0.00336423
4.13e-008,-0.0033608
4.14e-008,-0.00335909
4.15e-008,-0.00334881
4.16e-008,-0.00334025
4.17e-008,-0.00330941
4.18e-008,-0.00327687
4.19e-008,-0.0032546
4.2e-008,-0.0032152
4.21e-008,-0.00318779
4.22e-008,-0.00318094
4.23e-008,-0.00321863
4.24e-008,-0.00329228
4.25e-008,-0.00337108
4.26e-008,-0.00343788
4.27e-008,-0.00346529
4.28e-008,-0.00343617
4.29e-008,-0.00337279
4.3e-008,-0.00330256
4.31e-008,-0.00324603
4.32e-008,-0.00323918
4.33e-008,-0.00327002
4.34e-008,-0.00331284
4.35e-008,-0.00336765
4.36e-008,-0.00340705
4.37e-008,-0.00341219
4.38e-008,-0.00340191
4.39e-008,-0.00340363
4.4e-008,-0.00336251
4.41e-008,-0.00335052
4.42e-008,-0.00332312
4.43e-008,-0.00332997
4.44e-008,-0.00335738
4.45e-008,-0.00341733
4.46e-008,-0.0034927
4.47e-008,-0.00355779
4.48e-008,-0.00360061
4.49e-008,-0.0035989
4.5e-008,-0.00355436
4.51e-008,-0.00352696
4.52e-008,-0.00353381
4.53e-008,-0.00358348
4.54e-008,-0.00365372
4.55e-008,-0.00374279
4.56e-008,-0.00381473
4.57e-008,-0.00385242
4.58e-008,-0.00384043
4.59e-008,-0.0037976
4.6e-008,-0.00373594
4.61e-008,-0.00367427
4.62e-008,-0.00363659
4.63e-008,-0.0036126
4.64e-008,-0.0035989
4.65e-008,-0.0035989
4.66e-008,-0.00360233
4.67e-008,-0.0036246
4.68e-008,-0.0036126
4.69e-008,-0.00361089
4.7e-008,-0.00361603
4.71e-008,-0.00361603
4.72e-008,-0.00361603
4.73e-008,-0.00357663
4.74e-008,-0.00354923
4.75e-008,-0.00355265
4.76e-008,-0.00354409
4.77e-008,-0.00353552
4.78e-008,-0.00348071
4.79e-008,-0.00339677
4.8e-008,-0.00326145
4.81e-008,-0.00313983
4.82e-008,-0.00303705
4.83e-008,-0.00299252
4.84e-008,-0.0030028
4.85e-008,-0.00302849
4.86e-008,-0.00306789
4.87e-008,-0.00307817
4.88e-008,-0.00304733
4.89e-008,-0.00299937
4.9e-008,-0.00293257
4.91e-008,-0.00286062
4.92e-008,-0.00280067
4.93e-008,-0.00278354
4.94e-008,-0.00275099
4.95e-008,-0.00276984
4.96e-008,-0.0027784
4.97e-008,-0.00279039
4.98e-008,-0.002739
4.99e-008,-0.00268076
5e-008,-0.00257113
5.01e-008,-0.00247521
5.02e-008,-0.00239984
5.03e-008,-0.00234674
5.04e-008,-0.00231248
5.05e-008,-0.00232618
5.06e-008,-0.0023416
5.07e-008,-0.0023159
5.08e-008,-0.00229364
5.09e-008,-0.00221484
5.1e-008,-0.00212748
5.11e-008,-0.00204697
5.12e-008,-0.00199387
5.13e-008,-0.0019185
5.14e-008,-0.00187054
5.15e-008,-0.00183285
5.16e-008,-0.00180716
5.17e-008,-0.00179346
5.18e-008,-0.0017592
5.19e-008,-0.00173693
5.2e-008,-0.00171295
5.21e-008,-0.00167355
5.22e-008,-0.0016273
5.23e-008,-0.00158961
5.24e-008,-0.00158105
5.25e-008,-0.00158105
5.26e-008,-0.00157249
5.27e-008,-0.0015485
5.28e-008,-0.00153137
5.29e-008,-0.00145087
5.3e-008,-0.00138064
5.31e-008,-0.00128471
5.32e-008,-0.00121962
5.33e-008,-0.00115453
5.34e-008,-0.00111684
5.35e-008,-0.00106717
5.36e-008,-0.00097638
5.37e-008,-0.000911288
5.38e-008,-0.00085476
5.39e-008,-0.000810224
5.4e-008,-0.000779391
5.41e-008,-0.000760548
5.42e-008,-0.000717725
5.43e-008,-0.000657772
5.44e-008,-0.00060467
5.45e-008,-0.000570411
5.46e-008,-0.000553282
5.47e-008,-0.000549856
5.48e-008,-0.000551569
5.49e-008,-0.000515597
5.5e-008,-0.000436801
5.51e-008,-0.000352867
5.52e-008,-0.000246664
5.53e-008,-0.000205554
5.54e-008,-0.000157591
5.55e-008,-0.0001456
5.56e-008,-0.000152452
5.57e-008,-0.000155878
5.58e-008,-0.000125045
5.59e-008,-0.000114767
5.6e-008,-0.000101064
5.61e-008,-5.82402e-005
5.62e-008,-4.11107e-005
5.63e-008,-3.42589e-006
5.64e-008,4.62496e-005
5.65e-008,0.000101064
5.66e-008,0.000205554
5.67e-008,0.000299766
5.68e-008,0.000369997
5.69e-008,0.000450505
5.7e-008,0.000513884
5.71e-008,0.000608096
5.72e-008,0.000664623
5.73e-008,0.000745132
5.74e-008,0.000801659
5.75e-008,0.000882168
5.76e-008,0.000933556
5.77e-008,0.00098837
5.78e-008,0.00105175
5.79e-008,0.00107916
5.8e-008,0.00110142
5.81e-008,0.00111855
5.82e-008,0.00114254
5.83e-008,0.00116994
5.84e-008,0.00124189
5.85e-008,0.00133781
5.86e-008,0.00143031
5.87e-008,0.00153651
5.88e-008,0.0016136
5.89e-008,0.00167355
5.9e-008,0.00172151
5.91e-008,0.00176262
5.92e-008,0.00181401
5.93e-008,0.00190137
5.94e-008,0.0019716
5.95e-008,0.00203327
5.96e-008,0.00208808
5.97e-008,0.00213604
5.98e-008,0.00216688
5.99e-008,0.00218058
6e-008,0.00216174
6.01e-008,0.00213433
6.02e-008,0.00210864
6.03e-008,0.00206753
6.04e-008,0.00206924
6.05e-008,0.00210692
6.06e-008,0.00217716
6.07e-008,0.00225424
6.08e-008,0.00235873
6.09e-008,0.00243752
6.1e-008,0.00248035
6.11e-008,0.0025266
6.12e-008,0.00254715
6.13e-008,0.0025403
6.14e-008,0.00255914
6.15e-008,0.00259511
6.16e-008,0.00258826
6.17e-008,0.00262252
6.18e-008,0.00264993
6.19e-008,0.00270303
6.2e-008,0.00274071
6.21e-008,0.00279039
6.22e-008,0.00281095
6.23e-008,0.00280752
6.24e-008,0.00276641
6.25e-008,0.00270303
6.26e-008,0.00265507
6.27e-008,0.00260882
6.28e-008,0.00261053
6.29e-008,0.00263794
6.3e-008,0.00271159
6.31e-008,0.00275613
6.32e-008,0.00280409
6.33e-008,0.00280238
6.34e-008,0.00278525
6.35e-008,0.00273729
6.36e-008,0.00271845
6.37e-008,0.00270988
6.38e-008,0.00272701
6.39e-008,0.00280238
6.4e-008,0.00285891
6.41e-008,0.00290858
6.42e-008,0.00291886
6.43e-008,0.00290516
6.44e-008,0.00286405
6.45e-008,0.00279039
6.46e-008,0.00269275
6.47e-008,0.00260197
6.48e-008,0.00253687
6.49e-008,0.00249748
6.5e-008,0.00251118
6.51e-008,0.00255743
6.52e-008,0.00261738
6.53e-008,0.00265678
6.54e-008,0.00269447
6.55e-008,0.00269618
6.56e-008,0.00267048
6.57e-008,0.0026191
6.58e-008,0.00252317
6.59e-008,0.00241354
6.6e-008,0.00232276
6.61e-008,0.00222683
6.62e-008,0.00213604
6.63e-008,0.00210692
6.64e-008,0.0021172
6.65e-008,0.00212063
6.66e-008,0.00212405
6.67e-008,0.0021035
6.68e-008,0.00210692
6.69e-008,0.00210864
6.7e-008,0.00213604
6.71e-008,0.00218058
6.72e-008,0.00226623
6.73e-008,0.00229364
6.74e-008,0.00226623
6.75e-008,0.0022354
6.76e-008,0.00217373
6.77e-008,0.00212234
6.78e-008,0.00208637
6.79e-008,0.0020778
6.8e-008,0.00203841
6.81e-008,0.00198017
6.82e-008,0.00186883
6.83e-008,0.00174549
6.84e-008,0.00165642
6.85e-008,0.00160332
6.86e-008,0.00158619
6.87e-008,0.00158961
6.88e-008,0.00158276
6.89e-008,0.0015879
6.9e-008,0.00154679
6.91e-008,0.00148855
6.92e-008,0.00143374
6.93e-008,0.00141318
6.94e-008,0.0013498
6.95e-008,0.00127786
6.96e-008,0.00118193
6.97e-008,0.00110485
6.98e-008,0.00101235
6.99e-008,0.000945547
7e-008,0.000921565
7.01e-008,0.000921565
7.02e-008,0.000942121
7.03e-008,0.000945547
7.04e-008,0.000943834
7.05e-008,0.00093013
7.06e-008,0.000878742
7.07e-008,0.000794807
7.08e-008,0.000704021
7.09e-008,0.000644068
7.1e-008,0.00056356
7.11e-008,0.000495042
7.12e-008,0.000407681
7.13e-008,0.000356293
7.14e-008,0.000320321
7.15e-008,0.000262081
7.16e-008,0.000214118
7.17e-008,0.000166156
7.18e-008,0.000114767
7.19e-008,7.53697e-005
7.2e-008,1.02777e-005
7.21e-008,-3.93978e-005
7.22e-008,-6.3379e-005
7.23e-008,-7.53697e-005
7.24e-008,-8.56473e-005
7.25e-008,-9.42121e-005
7.26e-008,-0.000114767
7.27e-008,-0.000143888
7.28e-008,-0.000161017
7.29e-008,-0.000184998
7.3e-008,-0.000200415
7.31e-008,-0.000207267
7.32e-008,-0.000210692
7.33e-008,-0.0002381
7.34e-008,-0.000292914
7.35e-008,-0.000381987
7.36e-008,-0.000465922
7.37e-008,-0.000524162
7.38e-008,-0.000541291
7.39e-008,-0.000548143
7.4e-008,-0.000496755
7.41e-008,-0.000476199
7.42e-008,-0.000469347
7.43e-008,-0.000512171
7.44e-008,-0.000558421
7.45e-008,-0.000632077
7.46e-008,-0.000661197
7.47e-008,-0.000668049
7.48e-008,-0.00066291
7.49e-008,-0.000673188
7.5e-008,-0.000681753
7.51e-008,-0.000717725
7.52e-008,-0.000750271
7.53e-008,-0.000770826
7.54e-008,-0.000748558
7.55e-008,-0.000724577
7.56e-008,-0.000673188
7.57e-008,-0.000618374
7.58e-008,-0.000616661
7.59e-008,-0.000640642
7.6e-008,-0.000674901
7.61e-008,-0.000705734
7.62e-008,-0.000750271
7.63e-008,-0.000769113
7.64e-008,-0.000801659
7.65e-008,-0.000823927
7.66e-008,-0.000832492
7.67e-008,-0.000803372
7.68e-008,-0.000750271
7.69e-008,-0.000690318
7.7e-008,-0.000616661
7.71e-008,-0.000556708
7.72e-008,-0.000524162
7.73e-008,-0.000531014
7.74e-008,-0.000527588
7.75e-008,-0.000548143
7.76e-008,-0.000543004
7.77e-008,-0.000543004
7.78e-008,-0.000522449
7.79e-008,-0.000495042
7.8e-008,-0.000479625
7.81e-008,-0.000448792
7.82e-008,-0.000433376
7.83e-008,-0.000378561
7.84e-008,-0.000315182
7.85e-008,-0.000231248
7.86e-008,-0.000169582
7.87e-008,-0.00011648
7.88e-008,-8.05085e-005
7.89e-008,-5.99531e-005
7.9e-008,-3.2546e-005
7.91e-008,-1.54165e-005
7.92e-008,1.02777e-005
7.93e-008,1.88424e-005
7.94e-008,3.2546e-005
7.95e-008,6.85179e-005
7.96e-008,7.36567e-005
7.97e-008,0.000140462
7.98e-008,0.000188424
7.99e-008,0.000229535
8e-008,0.000306617
8.01e-008,0.000356293
8.02e-008,0.000423098
8.03e-008,0.000481338
8.04e-008,0.000524162
8.05e-008,0.000529301
8.06e-008,0.00050018
8.07e-008,0.00047106
8.08e-008,0.000462496
8.09e-008,0.00048819
8.1e-008,0.00054643
8.11e-008,0.000587541
8.12e-008,0.000659485
8.13e-008,0.000688605
8.14e-008,0.000712586
8.15e-008,0.000719438
8.16e-008,0.000765687
8.17e-008,0.000853048
8.18e-008,0.000957537
8.19e-008,0.00105175
8.2e-008,0.0011374
8.21e-008,0.00119906
8.22e-008,0.00120591
8.23e-008,0.00120591
8.24e-008,0.00122304
8.25e-008,0.00126415
8.26e-008,0.00127615
8.27e-008,0.00135494
8.28e-008,0.00139776
8.29e-008,0.00144401
8.3e-008,0.00150911
8.31e-008,0.00157077
8.32e-008,0.00163073
8.33e-008,0.00168725
8.34e-008,0.00174207
8.35e-008,0.00178318
8.36e-008,0.00184656
8.37e-008,0.00189281
8.38e-008,0.00192193
8.39e-008,0.00193906
8.4e-008,0.00196818
8.41e-008,0.00201785
8.42e-008,0.00208637
8.43e-008,0.00216688
8.44e-008,0.00225595
8.45e-008,0.00235359
8.46e-008,0.00242039
8.47e-008,0.00246836
8.48e-008,0.00250604
8.49e-008,0.00256771
8.5e-008,0.00262766
8.51e-008,0.00271845
8.52e-008,0.0027921
8.53e-008,0.00284863
8.54e-008,0.00292057
8.55e-008,0.00297881
8.56e-008,0.0030302
8.57e-008,0.00309701
8.58e-008,0.00315525
8.59e-008,0.00322034
8.6e-008,0.00330256
8.61e-008,0.00333853
8.62e-008,0.00337451
8.63e-008,0.00340705
8.64e-008,0.00343446
8.65e-008,0.00350126
8.66e-008,0.00356464
8.67e-008,0.0036383
8.68e-008,0.00372909
8.69e-008,0.00379418
8.7e-008,0.00384728
8.71e-008,0.00392436
8.72e-008,0.00401686
8.73e-008,0.00410765
8.74e-008,0.00418473
8.75e-008,0.00425839
8.76e-008,0.00431491
8.77e-008,0.00435602
8.78e-008,0.00440741
8.79e-008,0.00443653
8.8e-008,0.00453417
8.81e-008,0.00463523
8.82e-008,0.00474144
8.83e-008,0.00485792
8.84e-008,0.00494014
8.85e-008,0.00499153
8.86e-008,0.00500694
8.87e-008,0.00501893
8.88e-008,0.00505148
8.89e-008,0.00509944
8.9e-008,0.00515083
8.91e-008,0.00521078
8.92e-008,0.0052399
8.93e-008,0.0052399
8.94e-008,0.00526046
8.95e-008,0.00531527
8.96e-008,0.00541291
8.97e-008,0.00550027
8.98e-008,0.00557222
8.99e-008,0.00563731
9e-008,0.00566814
9.01e-008,0.00567157
9.02e-008,0.00566472
9.03e-008,0.00567499
9.04e-008,0.00571782
9.05e-008,0.00576235
9.06e-008,0.00579661
9.07e-008,0.00583772
9.08e-008,0.00583944
9.09e-008,0.00583601
9.1e-008,0.00585314
9.11e-008,0.00585999
9.12e-008,0.00591309
9.13e-008,0.00599531
9.14e-008,0.0060861
9.15e-008,0.0061786
9.16e-008,0.00624369
9.17e-008,0.00625397
9.18e-008,0.00622485
9.19e-008,0.00614263
9.2e-008,0.00609638
9.21e-008,0.00610666
9.22e-008,0.00615633
9.23e-008,0.00624712
9.24e-008,0.00634647
9.25e-008,0.00640128
9.26e-008,0.00641156
9.27e-008,0.00641156
9.28e-008,0.00643212
9.29e-008,0.00648522
9.3e-008,0.00655373
9.31e-008,0.00663253
9.32e-008,0.00668906
9.33e-008,0.00668049
9.34e-008,0.00668049
9.35e-008,0.00663253
9.36e-008,0.00663938
9.37e-008,0.00665994
9.38e-008,0.00668734
9.39e-008,0.00671818
9.4e-008,0.00673188
9.41e-008,0.00675758
9.42e-008,0.00675929
9.43e-008,0.00676271
9.44e-008,0.00679869
9.45e-008,0.00685521
9.46e-008,0.00689975
9.47e-008,0.00692544
9.48e-008,0.00695628
9.49e-008,0.00694257
9.5e-008,0.00692202
9.51e-008,0.00686207
9.52e-008,0.00680382
9.53e-008,0.00678327
9.54e-008,0.00680725
9.55e-008,0.00686035
9.56e-008,0.00694257
9.57e-008,0.00703679
9.58e-008,0.00708304
9.59e-008,0.0070916
9.6e-008,0.00705734
9.61e-008,0.00697341
9.62e-008,0.00689975
9.63e-008,0.00680725
9.64e-008,0.00674216
9.65e-008,0.00670447
9.66e-008,0.00672332
9.67e-008,0.00673188
9.68e-008,0.00676443
9.69e-008,0.00679183
9.7e-008,0.00681239
9.71e-008,0.00683808
9.72e-008,0.00686892
9.73e-008,0.00690831
9.74e-008,0.00695628
9.75e-008,0.00698711
9.76e-008,0.00697855
9.77e-008,0.00693572
9.78e-008,0.00686035
9.79e-008,0.00679869
9.8e-008,0.0067216
9.81e-008,0.00664795
9.82e-008,0.00664281
9.83e-008,0.0066411
9.84e-008,0.00663424
9.85e-008,0.00663596
9.86e-008,0.00664623
9.87e-008,0.00663596
9.88e-008,0.00661883
9.89e-008,0.00659998
9.9e-008,0.00658114
9.91e-008,0.0066017
9.92e-008,0.00661197
9.93e-008,0.00661883
9.94e-008,0.00660341
9.95e-008,0.00655373
9.96e-008,0.0064835
9.97e-008,0.00638415
9.98e-008,0.00628994
9.99e-008,0.00624712
1e-007,0.00626425
1.001e-007,0.00633619
1.002e-007,0.00638587
1.003e-007,0.0064167
1.004e-007,0.00640985
1.005e-007,0.0063636
1.006e-007,0.00630878
1.007e-007,0.00626596
1.008e-007,0.0062711
1.009e-007,0.00629679
1.01e-007,0.00636017
1.011e-007,0.00638073
1.012e-007,0.00638244
1.013e-007,0.00636874
1.014e-007,0.00633962
1.015e-007,0.00629165
1.016e-007,0.00625054
1.017e-007,0.00618374
1.018e-007,0.00613064
1.019e-007,0.00606554
1.02e-007,0.00604328
1.021e-007,0.00605527
1.022e-007,0.00608267
1.023e-007,0.00609124
1.024e-007,0.0060724
1.025e-007,0.00604499
1.026e-007,0.00602101
1.027e-007,0.00597305
1.028e-007,0.0059405
1.029e-007,0.00592166
1.03e-007,0.00588397
1.031e-007,0.00584971
1.032e-007,0.00579147
1.033e-007,0.00570754
1.034e-007,0.00565101
1.035e-007,0.00559791
1.036e-007,0.00555166
1.037e-007,0.00556194
1.038e-007,0.00558763
1.039e-007,0.00563046
1.04e-007,0.00565272
1.041e-007,0.00562703
1.042e-007,0.00554138
1.043e-007,0.00540949
1.044e-007,0.00526731
1.045e-007,0.00518509
1.046e-007,0.00516282
1.047e-007,0.00521935
1.048e-007,0.00528273
1.049e-007,0.00531185
1.05e-007,0.00526217
1.051e-007,0.00510972
1.052e-007,0.00494185
1.053e-007,0.00479968
1.054e-007,0.00469176
1.055e-007,0.00466778
1.056e-007,0.00469005
1.057e-007,0.00470547
1.058e-007,0.00468148
1.059e-007,0.00461468
1.06e-007,0.00454445
1.061e-007,0.00448107
1.062e-007,0.00444167
1.063e-007,0.00438343
1.064e-007,0.00433033
1.065e-007,0.0042464
1.066e-007,0.00419672
1.067e-007,0.00414362
1.068e-007,0.00413677
1.069e-007,0.00414191
1.07e-007,0.00411107
1.071e-007,0.00405626
1.072e-007,0.00395691
1.073e-007,0.00384557
1.074e-007,0.0037702
1.075e-007,0.0037051
1.076e-007,0.00366913
1.077e-007,0.00364858
1.078e-007,0.00360404
1.079e-007,0.00353895
1.08e-007,0.00347043
1.081e-007,0.00337451
1.082e-007,0.00331798
1.083e-007,0.00322377
1.084e-007,0.00309701
1.085e-007,0.00297881
1.086e-007,0.00286747
1.087e-007,0.00274757
1.088e-007,0.00265678
1.089e-007,0.00261396
1.09e-007,0.00258655
1.091e-007,0.00258826
1.092e-007,0.00255058
1.093e-007,0.00251118
1.094e-007,0.00242553
1.095e-007,0.00235873
1.096e-007,0.00227308
1.097e-007,0.00224053
1.098e-007,0.00221484
1.099e-007,0.00220628
1.1e-007,0.00213947
1.101e-007,0.00203327
1.102e-007,0.00189795
1.103e-007,0.00176434
1.104e-007,0.00165299
1.105e-007,0.00158619
1.106e-007,0.00154679
1.107e-007,0.00157934
1.108e-007,0.00156906
1.109e-007,0.0015211
1.11e-007,0.00145258
1.111e-007,0.00132239
1.112e-007,0.00120249
1.113e-007,0.00109457
1.114e-007,0.00100893
1.115e-007,0.000952398
1.116e-007,0.000904436
1.117e-007,0.000830779
1.118e-007,0.0007674
1.119e-007,0.000686892
1.12e-007,0.000618374
1.121e-007,0.000590967
1.122e-007,0.000565272
1.123e-007,0.000568698
1.124e-007,0.00054643
1.125e-007,0.000513884
1.126e-007,0.000448792
1.127e-007,0.000376848
1.128e-007,0.000327173
1.129e-007,0.000275784
1.13e-007,0.00019185
1.131e-007,0.00013361
1.132e-007,4.45366e-005
1.133e-007,-5.13884e-005
1.134e-007,-0.000109629
1.135e-007,-0.000179859
1.136e-007,-0.000239813
1.137e-007,-0.000277497
1.138e-007,-0.000332312
1.139e-007,-0.000378561
1.14e-007,-0.000416246
1.141e-007,-0.000436801
1.142e-007,-0.00045907
1.143e-007,-0.000453931
1.144e-007,-0.000452218
1.145e-007,-0.000513884
1.146e-007,-0.000590967
1.147e-007,-0.000697169
1.148e-007,-0.000777678
1.149e-007,-0.000846196
1.15e-007,-0.000859899
1.151e-007,-0.000889019
1.152e-007,-0.000914714
1.153e-007,-0.0010055
1.154e-007,-0.00109971
1.155e-007,-0.00118879
1.156e-007,-0.00126929
1.157e-007,-0.00130013
1.158e-007,-0.00128642
1.159e-007,-0.00126073
1.16e-007,-0.00127443
1.161e-007,-0.00129499
1.162e-007,-0.00132068
1.163e-007,-0.0013498
1.164e-007,-0.00137721
1.165e-007,-0.00140119
1.166e-007,-0.00139605
1.167e-007,-0.00141661
1.168e-007,-0.001456
1.169e-007,-0.00151767
1.17e-007,-0.00159989
1.171e-007,-0.00168554
1.172e-007,-0.00175063
1.173e-007,-0.00181572
1.174e-007,-0.0018517
1.175e-007,-0.00184998
1.176e-007,-0.00185855
1.177e-007,-0.00182943
1.178e-007,-0.00184142
1.179e-007,-0.00184313
1.18e-007,-0.00189452
1.181e-007,-0.0019716
1.182e-007,-0.00201956
1.183e-007,-0.00202984
1.184e-007,-0.00201443
1.185e-007,-0.00198702
1.186e-007,-0.0019579
1.187e-007,-0.00198359
1.188e-007,-0.00203327
1.189e-007,-0.0020641
1.19e-007,-0.00211892
1.191e-007,-0.00210521
1.192e-007,-0.00208466
1.193e-007,-0.00207438
1.194e-007,-0.00209322
1.195e-007,-0.00216516
1.196e-007,-0.00227137
1.197e-007,-0.00238956
1.198e-007,-0.0024735
1.199e-007,-0.00254886
1.2e-007,-0.0025797
1.201e-007,-0.00256086
1.202e-007,-0.0025403
1.203e-007,-0.0024872
1.204e-007,-0.00244951
1.205e-007,-0.00242382
1.206e-007,-0.00245637
1.207e-007,-0.00250433
1.208e-007,-0.00255058
1.209e-007,-0.00255058
1.21e-007,-0.00253345
1.211e-007,-0.00245979
1.212e-007,-0.00239984
1.213e-007,-0.00236558
1.214e-007,-0.00238442
1.215e-007,-0.00245294
1.216e-007,-0.00254373
1.217e-007,-0.00262595
1.218e-007,-0.00265507
1.219e-007,-0.00264479
1.22e-007,-0.00260025
1.221e-007,-0.00256771
1.222e-007,-0.00255572
1.223e-007,-0.00258826
1.224e-007,-0.00266706
1.225e-007,-0.00278354
1.226e-007,-0.00290858
1.227e-007,-0.00297368
1.228e-007,-0.0029771
1.229e-007,-0.00292571
1.23e-007,-0.00288118
1.231e-007,-0.00283664
1.232e-007,-0.00281951
1.233e-007,-0.0028452
1.234e-007,-0.00290858
1.235e-007,-0.00295141
1.236e-007,-0.00297368
1.237e-007,-0.00294969
1.238e-007,-0.00292743
1.239e-007,-0.00291372
1.24e-007,-0.00293257
1.241e-007,-0.0029771
1.242e-007,-0.00302335
1.243e-007,-0.00303705
1.244e-007,-0.00298567
1.245e-007,-0.00293942
1.246e-007,-0.00289317
1.247e-007,-0.0028315
1.248e-007,-0.00280923
1.249e-007,-0.00282294
1.25e-007,-0.00282808
1.251e-007,-0.00283493
1.252e-007,-0.00283835
1.253e-007,-0.00282808
1.254e-007,-0.00282294
1.255e-007,-0.00276641
1.256e-007,-0.00273558
1.257e-007,-0.00266877
1.258e-007,-0.00261567
1.259e-007,-0.00256428
1.26e-007,-0.00253174
1.261e-007,-0.00251118
1.262e-007,-0.00247863
1.263e-007,-0.00243067
1.264e-007,-0.00239127
1.265e-007,-0.002381
1.266e-007,-0.00238956
1.267e-007,-0.0024478
1.268e-007,-0.0025266
1.269e-007,-0.00258312
1.27e-007,-0.00259854
1.271e-007,-0.0025797
1.272e-007,-0.00249062
1.273e-007,-0.00240326
1.274e-007,-0.00229021
1.275e-007,-0.0022097
1.276e-007,-0.00218229
1.277e-007,-0.00219086
1.278e-007,-0.00224567
1.279e-007,-0.00228678
1.28e-007,-0.00238271
1.281e-007,-0.0024478
1.282e-007,-0.00249919
1.283e-007,-0.00248377
1.284e-007,-0.00243581
1.285e-007,-0.00235701
1.286e-007,-0.00224053
1.287e-007,-0.00215146
1.288e-007,-0.00211378
1.289e-007,-0.00212919
1.29e-007,-0.00216516
1.291e-007,-0.00223711
1.292e-007,-0.00230734
1.293e-007,-0.00233475
1.294e-007,-0.00232789
1.295e-007,-0.00230391
1.296e-007,-0.00228678
1.297e-007,-0.00230049
1.298e-007,-0.00233132
1.299e-007,-0.00234845
1.3e-007,-0.00234845
1.301e-007,-0.00232618
1.302e-007,-0.00226109
1.303e-007,-0.00220285
1.304e-007,-0.00218229
1.305e-007,-0.00220285
1.306e-007,-0.00222512
1.307e-007,-0.00225253
1.308e-007,-0.00223711
1.309e-007,-0.00222512
1.31e-007,-0.00220628
1.311e-007,-0.00217202
1.312e-007,-0.00216174
1.313e-007,-0.00217887
1.314e-007,-0.00220285
1.315e-007,-0.00221998
1.316e-007,-0.00223368
1.317e-007,-0.00224053
1.318e-007,-0.00227479
1.319e-007,-0.00229192
1.32e-007,-0.0023159
1.321e-007,-0.00231933
1.322e-007,-0.00233817
1.323e-007,-0.00234331
1.324e-007,-0.0023416
1.325e-007,-0.00237928
1.326e-007,-0.00241697
1.327e-007,-0.00244438
1.328e-007,-0.00244438
1.329e-007,-0.00244095
1.33e-007,-0.00245979
1.331e-007,-0.0024615
1.332e-007,-0.0024735
1.333e-007,-0.00248549
1.334e-007,-0.00251461
1.335e-007,-0.00251632
1.336e-007,-0.00255743
1.337e-007,-0.0025934
1.338e-007,-0.00263451
1.339e-007,-0.00267562
1.34e-007,-0.00270817
1.341e-007,-0.00274757
1.342e-007,-0.00274414
1.343e-007,-0.00274757
1.344e-007,-0.00274414
1.345e-007,-0.00275442
1.346e-007,-0.00278525
1.347e-007,-0.00284007
1.348e-007,-0.00287775
1.349e-007,-0.00291544
1.35e-007,-0.00296682
1.351e-007,-0.00301479
1.352e-007,-0.00301136
1.353e-007,-0.00299594
1.354e-007,-0.0029771
1.355e-007,-0.00295655
1.356e-007,-0.00291544
1.357e-007,-0.00288974
1.358e-007,-0.002924
1.359e-007,-0.00295141
1.36e-007,-0.00298738
1.361e-007,-0.00302849
1.362e-007,-0.00304733
1.363e-007,-0.00304391
1.364e-007,-0.00301479
1.365e-007,-0.00295997
1.366e-007,-0.00292229
1.367e-007,-0.00290687
1.368e-007,-0.00295312
1.369e-007,-0.00306104
1.37e-007,-0.00318951
1.371e-007,-0.00330941
1.372e-007,-0.00341733
1.373e-007,-0.00347728
1.374e-007,-0.00348413
1.375e-007,-0.00347386
1.376e-007,-0.00346358
1.377e-007,-0.00343617
1.378e-007,-0.00342247
1.379e-007,-0.00342418
1.38e-007,-0.00344474
1.381e-007,-0.00349784
1.382e-007,-0.00354237
1.383e-007,-0.00362288
1.384e-007,-0.00365372
1.385e-007,-0.003652
1.386e-007,-0.00365714
1.387e-007,-0.0036383
1.388e-007,-0.00363659
1.389e-007,-0.00362288
1.39e-007,-0.00362802
1.391e-007,-0.00361946
1.392e-007,-0.0035852
1.393e-007,-0.00356464
1.394e-007,-0.0035321
1.395e-007,-0.00350126
1.396e-007,-0.00348756
1.397e-007,-0.00350126
1.398e-007,-0.00353038
1.399e-007,-0.00356464
1.4e-007,-0.00358862
1.401e-007,-0.00359034
1.402e-007,-0.00358862
1.403e-007,-0.00359548
1.404e-007,-0.00361946
1.405e-007,-0.00366057
1.406e-007,-0.00370168
1.407e-007,-0.00375478
1.408e-007,-0.00379932
1.409e-007,-0.00381302
1.41e-007,-0.00381131
1.411e-007,-0.00381131
1.412e-007,-0.00376848
1.413e-007,-0.00371196
1.414e-007,-0.00364686
1.415e-007,-0.00365543
1.416e-007,-0.003652
1.417e-007,-0.00367941
1.418e-007,-0.00375478
1.419e-007,-0.00377876
1.42e-007,-0.00383015
1.421e-007,-0.00383529
1.422e-007,-0.00381816
1.423e-007,-0.00379589
1.424e-007,-0.00377705
1.425e-007,-0.00375649
1.426e-007,-0.00371367
1.427e-007,-0.0036914
1.428e-007,-0.00366057
1.429e-007,-0.00362802
1.43e-007,-0.0035852
1.431e-007,-0.00355608
1.432e-007,-0.00352696
1.433e-007,-0.00353381
1.434e-007,-0.00352011
1.435e-007,-0.0035321
1.436e-007,-0.00351325
1.437e-007,-0.00348927
1.438e-007,-0.00344816
1.439e-007,-0.00340363
1.44e-007,-0.0033471
1.441e-007,-0.003294
1.442e-007,-0.00325117
1.443e-007,-0.00321006
1.444e-007,-0.00319122
1.445e-007,-0.00319636
1.446e-007,-0.00323918
1.447e-007,-0.00326659
1.448e-007,-0.00325631
1.449e-007,-0.00324603
1.45e-007,-0.00318094
1.451e-007,-0.00313127
1.452e-007,-0.00308844
1.453e-007,-0.00305247
1.454e-007,-0.00301307
1.455e-007,-0.00296854
1.456e-007,-0.00292914
1.457e-007,-0.00287775
1.458e-007,-0.00284178
1.459e-007,-0.00281951
1.46e-007,-0.00279553
1.461e-007,-0.00276812
1.462e-007,-0.002739
1.463e-007,-0.00269275
1.464e-007,-0.00263794
1.465e-007,-0.0025797
1.466e-007,-0.00252146
1.467e-007,-0.00250775
1.468e-007,-0.00250262
1.469e-007,-0.00251632
1.47e-007,-0.00253174
1.471e-007,-0.00252831
1.472e-007,-0.00249062
1.473e-007,-0.00244609
1.474e-007,-0.00237586
1.475e-007,-0.0022885
1.476e-007,-0.002196
1.477e-007,-0.00210521
1.478e-007,-0.00202642
1.479e-007,-0.00198702
1.48e-007,-0.00194248
1.481e-007,-0.00190822
1.482e-007,-0.00184827
1.483e-007,-0.00178832
1.484e-007,-0.00173522
1.485e-007,-0.00168211
1.486e-007,-0.00165642
1.487e-007,-0.00164272
1.488e-007,-0.00165642
1.489e-007,-0.00165813
1.49e-007,-0.00164614
1.491e-007,-0.00164443
1.492e-007,-0.00162901
1.493e-007,-0.00159475
1.494e-007,-0.00153137
1.495e-007,-0.00148512
1.496e-007,-0.00141147
1.497e-007,-0.00134638
1.498e-007,-0.00127786
1.499e-007,-0.00122476
1.5e-007,-0.00119221
1.501e-007,-0.00114082
1.502e-007,-0.00112712
1.503e-007,-0.00110485
1.504e-007,-0.0010723
1.505e-007,-0.00103291
1.506e-007,-0.000966102
1.507e-007,-0.000936982
1.508e-007,-0.000923278
1.509e-007,-0.000933556
1.51e-007,-0.000928417
1.511e-007,-0.000904436
1.512e-007,-0.000837631
1.513e-007,-0.000705734
1.514e-007,-0.000561847
1.515e-007,-0.000423098
1.516e-007,-0.000327173
1.517e-007,-0.000291201
1.518e-007,-0.000304905
1.519e-007,-0.000310043
1.52e-007,-0.000263794
1.521e-007,-0.000217544
1.522e-007,-0.000143888
1.523e-007,-8.73603e-005
1.524e-007,-2.56942e-005
1.525e-007,5.13884e-006
1.526e-007,8.56473e-006
1.527e-007,2.22683e-005
1.528e-007,2.74071e-005
1.529e-007,9.24991e-005
1.53e-007,0.000150739
1.531e-007,0.000195276
1.532e-007,0.000227822
1.533e-007,0.000241526
1.534e-007,0.000241526
1.535e-007,0.000253516
1.536e-007,0.000275784
1.537e-007,0.000311756
1.538e-007,0.000363145
1.539e-007,0.000445366
1.54e-007,0.000501893
1.541e-007,0.000565272
1.542e-007,0.000645781
1.543e-007,0.000710873
1.544e-007,0.000817076
1.545e-007,0.00093013
1.546e-007,0.0010586
1.547e-007,0.00117166
1.548e-007,0.00122133
1.549e-007,0.00122304
1.55e-007,0.00119735
1.551e-007,0.00116309
1.552e-007,0.00117166
1.553e-007,0.00120591
1.554e-007,0.00126244
1.555e-007,0.00131383
1.556e-007,0.00133952
1.557e-007,0.00132068
1.558e-007,0.00131212
1.559e-007,0.00131554
1.56e-007,0.00135494
1.561e-007,0.00140119
1.562e-007,0.00145772
1.563e-007,0.00152966
1.564e-007,0.00156563
1.565e-007,0.00163073
1.566e-007,0.00169582
1.567e-007,0.00175406
1.568e-007,0.00181401
1.569e-007,0.00186883
1.57e-007,0.00188424
1.571e-007,0.00188595
1.572e-007,0.00188253
1.573e-007,0.00187739
1.574e-007,0.00188767
1.575e-007,0.00189452
1.576e-007,0.00189281
1.577e-007,0.00190822
1.578e-007,0.00191679
1.579e-007,0.00195447
1.58e-007,0.0019716
1.581e-007,0.002011
1.582e-007,0.00205725
1.583e-007,0.0020898
1.584e-007,0.00212748
1.585e-007,0.00213262
1.586e-007,0.00215146
1.587e-007,0.00215831
1.588e-007,0.00220799
1.589e-007,0.00222854
1.59e-007,0.00226794
1.591e-007,0.00231762
1.592e-007,0.00238442
1.593e-007,0.00243752
1.594e-007,0.00249405
1.595e-007,0.00251289
1.596e-007,0.00248549
1.597e-007,0.00241697
1.598e-007,0.00237072
1.599e-007,0.00234674
1.6e-007,0.00235188
1.601e-007,0.00237586
1.602e-007,0.00243067
1.603e-007,0.00245465
1.604e-007,0.0024615
1.605e-007,0.00246493
1.606e-007,0.0024478
1.607e-007,0.00241526
1.608e-007,0.00239641
1.609e-007,0.00239299
1.61e-007,0.0024084
1.611e-007,0.0024615
1.612e-007,0.00249919
1.613e-007,0.00254886
1.614e-007,0.00257799
1.615e-007,0.00258998
1.616e-007,0.00258826
1.617e-007,0.00260197
1.618e-007,0.00261738
1.619e-007,0.00262252
1.62e-007,0.00262937
1.621e-007,0.00262252
1.622e-007,0.0026328
1.623e-007,0.00265335
1.624e-007,0.00266192
1.625e-007,0.0026859
1.626e-007,0.00270646
1.627e-007,0.00272872
1.628e-007,0.00273044
1.629e-007,0.00268761
1.63e-007,0.0026722
1.631e-007,0.00265335
1.632e-007,0.00263794
1.633e-007,0.00261396
1.634e-007,0.00258655
1.635e-007,0.00259683
1.636e-007,0.00260882
1.637e-007,0.00262081
1.638e-007,0.00266192
1.639e-007,0.00267391
1.64e-007,0.00267562
1.641e-007,0.00265849
1.642e-007,0.00262081
1.643e-007,0.00258998
1.644e-007,0.00257627
1.645e-007,0.00259683
1.646e-007,0.00262937
1.647e-007,0.00265164
1.648e-007,0.00269104
1.649e-007,0.00272016
1.65e-007,0.00275271
1.651e-007,0.00275271
1.652e-007,0.00274243
1.653e-007,0.00272359
1.654e-007,0.00271159
1.655e-007,0.00270132
1.656e-007,0.00271502
1.657e-007,0.0027647
1.658e-007,0.0028315
1.659e-007,0.00286919
1.66e-007,0.00284692
1.661e-007,0.00279382
1.662e-007,0.00269275
1.663e-007,0.00258998
1.664e-007,0.00252317
1.665e-007,0.00250604
1.666e-007,0.00253174
1.667e-007,0.00260025
1.668e-007,0.0026722
1.669e-007,0.00274243
1.67e-007,0.00280752
1.671e-007,0.00284863
1.672e-007,0.00284349
1.673e-007,0.00280581
1.674e-007,0.00276641
1.675e-007,0.0027253
1.676e-007,0.00270132
1.677e-007,0.00269275
1.678e-007,0.00271331
1.679e-007,0.00274757
1.68e-007,0.00278696
1.681e-007,0.00280067
1.682e-007,0.00281095
1.683e-007,0.00282465
1.684e-007,0.00280752
1.685e-007,0.00278354
1.686e-007,0.00273044
1.687e-007,0.00266877
1.688e-007,0.0025934
1.689e-007,0.00254201
1.69e-007,0.00249405
1.691e-007,0.00248206
1.692e-007,0.00248549
1.693e-007,0.00249748
1.694e-007,0.00245465
1.695e-007,0.00238956
1.696e-007,0.00230391
1.697e-007,0.00221484
1.698e-007,0.00214632
1.699e-007,0.00213262
1.7e-007,0.00213947
1.701e-007,0.00216688
1.702e-007,0.00218572
1.703e-007,0.0021703
1.704e-007,0.00216516
1.705e-007,0.00214975
1.706e-007,0.00215317
1.707e-007,0.00214632
1.708e-007,0.00215317
1.709e-007,0.00216688
1.71e-007,0.00216174
1.711e-007,0.00215146
1.712e-007,0.00212577
1.713e-007,0.00212234
1.714e-007,0.0021172
1.715e-007,0.00213776
1.716e-007,0.00214804
1.717e-007,0.00214632
1.718e-007,0.00214118
1.719e-007,0.00212405
1.72e-007,0.00207438
1.721e-007,0.0020247
1.722e-007,0.00195619
1.723e-007,0.00189452
1.724e-007,0.0018654
1.725e-007,0.00183799
1.726e-007,0.00181915
1.727e-007,0.00179003
1.728e-007,0.00173693
1.729e-007,0.00165813
1.73e-007,0.00158961
1.731e-007,0.00156049
1.732e-007,0.00157591
1.733e-007,0.00161017
1.734e-007,0.00166841
1.735e-007,0.00170096
1.736e-007,0.00167697
1.737e-007,0.00161017
1.738e-007,0.00154679
1.739e-007,0.00148684
1.74e-007,0.00144573
1.741e-007,0.00144744
1.742e-007,0.0014423
1.743e-007,0.00143202
1.744e-007,0.00140804
1.745e-007,0.00137892
1.746e-007,0.00134124
1.747e-007,0.00130698
1.748e-007,0.00126244
1.749e-007,0.00121962
1.75e-007,0.0011511
1.751e-007,0.00106545
1.752e-007,0.000981519
1.753e-007,0.000913001
1.754e-007,0.000887306
1.755e-007,0.000909575
1.756e-007,0.000950686
