Study Name	Tungsten_Calibration
Sample Name	2024-04-04
Run Name	spot22
Operator	Jonas
Date	4/4/2024
Time	11:14 AM
Sign	FIX
Grating Spacing	07.6 um
Channel	3
Number Traces	6000
Files in Batch	1
Batch Number	1
dt	50.000001E-12
time stamp (ms)	11:15:08 AM
	
Time	Amplitude
0.000000E+0	-1.051717E-3
5.000000E-11	-1.087689E-3
1.000000E-10	-1.115097E-3
1.500000E-10	-1.139079E-3
2.000000E-10	-1.178478E-3
2.500000E-10	-1.211025E-3
3.000000E-10	-1.188756E-3
3.500000E-10	-1.127088E-3
4.000000E-10	-1.060282E-3
4.500000E-10	-9.934749E-4
5.000000E-10	-9.198163E-4
5.500000E-10	-8.650007E-4
6.000000E-10	-8.204629E-4
6.500000E-10	-7.913421E-4
7.000000E-10	-8.153239E-4
7.500000E-10	-8.941215E-4
8.000000E-10	-9.883359E-4
8.500000E-10	-1.094541E-3
9.000000E-10	-1.219590E-3
9.500000E-10	-1.324082E-3
1.000000E-9	-1.375472E-3
1.050000E-9	-1.394315E-3
1.100000E-9	-1.387463E-3
1.150000E-9	-1.315517E-3
1.200000E-9	-1.181904E-3
1.250000E-9	-1.019170E-3
1.300000E-9	-8.307409E-4
1.350000E-9	-6.183301E-4
1.400000E-9	-4.179103E-4
1.450000E-9	-2.586022E-4
1.500000E-9	-1.438319E-4
1.550000E-9	-7.702528E-5
1.600000E-9	-6.846033E-5
1.650000E-9	-1.078591E-4
1.700000E-9	-1.935086E-4
1.750000E-9	-3.271218E-4
1.800000E-9	-4.693000E-4
1.850000E-9	-5.960612E-4
1.900000E-9	-7.228225E-4
1.950000E-9	-8.444448E-4
2.000000E-9	-9.403722E-4
2.050000E-9	-1.014031E-3
2.100000E-9	-1.080837E-3
2.150000E-9	-1.127088E-3
2.200000E-9	-1.144218E-3
2.250000E-9	-1.154496E-3
2.300000E-9	-1.185330E-3
2.350000E-9	-1.219590E-3
2.400000E-9	-1.265840E-3
2.450000E-9	-1.346351E-3
2.500000E-9	-1.464547E-3
2.550000E-9	-1.575891E-3
2.600000E-9	-1.654689E-3
2.650000E-9	-1.685523E-3
2.700000E-9	-1.664967E-3
2.750000E-9	-1.586169E-3
2.800000E-9	-1.443991E-3
2.850000E-9	-1.245284E-3
2.900000E-9	-1.019170E-3
2.950000E-9	-8.016200E-4
3.000000E-9	-6.080522E-4
3.050000E-9	-4.641610E-4
3.100000E-9	-3.870765E-4
3.150000E-9	-3.767985E-4
3.200000E-9	-4.076323E-4
3.250000E-9	-4.641610E-4
3.300000E-9	-5.720794E-4
3.350000E-9	-7.159705E-4
3.400000E-9	-8.530097E-4
3.450000E-9	-9.557891E-4
3.500000E-9	-1.020883E-3
3.550000E-9	-1.024309E-3
3.600000E-9	-9.729190E-4
3.650000E-9	-8.821306E-4
3.700000E-9	-7.639342E-4
3.750000E-9	-6.251821E-4
3.800000E-9	-5.292546E-4
3.850000E-9	-4.967078E-4
3.900000E-9	-4.744389E-4
3.950000E-9	-4.727260E-4
4.000000E-9	-5.224027E-4
4.050000E-9	-5.909223E-4
4.100000E-9	-6.457379E-4
4.150000E-9	-6.919887E-4
4.200000E-9	-7.228225E-4
4.250000E-9	-7.176835E-4
4.300000E-9	-7.142575E-4
4.350000E-9	-7.382394E-4
4.400000E-9	-7.433784E-4
4.450000E-9	-7.262485E-4
4.500000E-9	-7.262485E-4
4.550000E-9	-7.313874E-4
4.600000E-9	-7.348134E-4
4.650000E-9	-7.793512E-4
4.700000E-9	-8.787046E-4
4.750000E-9	-9.797710E-4
4.800000E-9	-1.060282E-3
4.850000E-9	-1.130514E-3
4.900000E-9	-1.197321E-3
4.950000E-9	-1.243571E-3
5.000000E-9	-1.250423E-3
5.050000E-9	-1.207599E-3
5.100000E-9	-1.111671E-3
5.150000E-9	-1.005466E-3
5.200000E-9	-9.129644E-4
5.250000E-9	-8.324538E-4
5.300000E-9	-7.690732E-4
5.350000E-9	-7.348134E-4
5.400000E-9	-7.176835E-4
5.450000E-9	-7.313874E-4
5.500000E-9	-7.964811E-4
5.550000E-9	-8.924085E-4
5.600000E-9	-9.592151E-4
5.650000E-9	-1.000327E-3
5.700000E-9	-1.043152E-3
5.750000E-9	-1.063707E-3
5.800000E-9	-1.020883E-3
5.850000E-9	-9.352332E-4
5.900000E-9	-8.341668E-4
5.950000E-9	-7.108316E-4
6.000000E-9	-5.429585E-4
6.050000E-9	-3.716595E-4
6.100000E-9	-2.534632E-4
6.150000E-9	-2.089255E-4
6.200000E-9	-1.883696E-4
6.250000E-9	-1.832307E-4
6.300000E-9	-2.329074E-4
6.350000E-9	-3.254088E-4
6.400000E-9	-4.384662E-4
6.450000E-9	-5.806443E-4
6.500000E-9	-7.673602E-4
6.550000E-9	-9.489372E-4
6.600000E-9	-1.111671E-3
6.650000E-9	-1.276118E-3
6.700000E-9	-1.411444E-3
6.750000E-9	-1.473112E-3
6.800000E-9	-1.491955E-3
6.850000E-9	-1.514224E-3
6.900000E-9	-1.531354E-3
6.950000E-9	-1.533067E-3
7.000000E-9	-1.505659E-3
7.050000E-9	-1.425148E-3
7.100000E-9	-1.291535E-3
7.150000E-9	-1.133940E-3
7.200000E-9	-9.712060E-4
7.250000E-9	-7.759252E-4
7.300000E-9	-5.703664E-4
7.350000E-9	-3.956414E-4
7.400000E-9	-2.723061E-4
7.450000E-9	-1.935086E-4
7.500000E-9	-1.523968E-4
7.550000E-9	-1.832307E-4
7.600000E-9	-2.911490E-4
7.650000E-9	-4.196233E-4
7.700000E-9	-5.258286E-4
7.750000E-9	-6.217561E-4
7.800000E-9	-6.954146E-4
7.850000E-9	-7.228225E-4
7.900000E-9	-7.228225E-4
7.950000E-9	-7.142575E-4
8.000000E-9	-6.714328E-4
8.050000E-9	-5.892093E-4
8.100000E-9	-4.984208E-4
8.150000E-9	-3.887894E-4
8.200000E-9	-2.586022E-4
8.250000E-9	-1.541098E-4
8.300000E-9	-1.010071E-4
8.350000E-9	-7.188631E-5
8.400000E-9	-7.017332E-5
8.450000E-9	-1.267020E-4
8.500000E-9	-2.260554E-4
8.550000E-9	-3.254088E-4
8.600000E-9	-4.144843E-4
8.650000E-9	-4.984208E-4
8.700000E-9	-5.840703E-4
8.750000E-9	-6.817107E-4
8.800000E-9	-7.862031E-4
8.850000E-9	-8.804176E-4
8.900000E-9	-9.883359E-4
8.950000E-9	-1.139079E-3
9.000000E-9	-1.286396E-3
9.050000E-9	-1.387463E-3
9.100000E-9	-1.469686E-3
9.150000E-9	-1.546771E-3
9.200000E-9	-1.577604E-3
9.250000E-9	-1.565614E-3
9.300000E-9	-1.531354E-3
9.350000E-9	-1.442278E-3
9.400000E-9	-1.294961E-3
9.450000E-9	-1.135653E-3
9.500000E-9	-9.660671E-4
9.550000E-9	-7.622213E-4
9.600000E-9	-5.463845E-4
9.650000E-9	-3.528167E-4
9.700000E-9	-1.849436E-4
9.750000E-9	-3.762651E-5
9.800000E-9	7.543083E-5
9.850000E-9	1.439504E-4
9.900000E-9	1.439504E-4
9.950000E-9	6.686588E-5
1.000000E-8	-3.762651E-5
1.005000E-8	-1.626748E-4
1.010000E-8	-3.236958E-4
1.015000E-8	-5.018468E-4
1.020000E-8	-6.594419E-4
1.025000E-8	-7.913421E-4
1.030000E-8	-8.941215E-4
1.035000E-8	-9.557891E-4
1.040000E-8	-9.797710E-4
1.045000E-8	-9.626411E-4
1.050000E-8	-8.906955E-4
1.055000E-8	-7.673602E-4
1.060000E-8	-6.388860E-4
1.065000E-8	-5.155507E-4
1.070000E-8	-4.024934E-4
1.075000E-8	-3.082789E-4
1.080000E-8	-2.586022E-4
1.085000E-8	-2.637412E-4
1.090000E-8	-3.305478E-4
1.095000E-8	-4.299012E-4
1.100000E-8	-5.378196E-4
1.105000E-8	-6.508769E-4
1.110000E-8	-7.913421E-4
1.115000E-8	-9.540761E-4
1.120000E-8	-1.103106E-3
1.125000E-8	-1.212738E-3
1.130000E-8	-1.276118E-3
1.135000E-8	-1.305239E-3
1.140000E-8	-1.308665E-3
1.145000E-8	-1.284683E-3
1.150000E-8	-1.229868E-3
1.155000E-8	-1.149357E-3
1.160000E-8	-1.060282E-3
1.165000E-8	-9.437982E-4
1.170000E-8	-8.067590E-4
1.175000E-8	-6.988406E-4
1.180000E-8	-6.268951E-4
1.185000E-8	-5.669404E-4
1.190000E-8	-5.361066E-4
1.195000E-8	-5.737924E-4
1.200000E-8	-6.765718E-4
1.205000E-8	-8.221759E-4
1.210000E-8	-1.010605E-3
1.215000E-8	-1.197321E-3
1.220000E-8	-1.346351E-3
1.225000E-8	-1.459408E-3
1.230000E-8	-1.521076E-3
1.235000E-8	-1.521076E-3
1.240000E-8	-1.512511E-3
1.245000E-8	-1.527928E-3
1.250000E-8	-1.490242E-3
1.255000E-8	-1.390889E-3
1.260000E-8	-1.269266E-3
1.265000E-8	-1.130514E-3
1.270000E-8	-9.677801E-4
1.275000E-8	-8.307409E-4
1.280000E-8	-7.485173E-4
1.285000E-8	-7.005536E-4
1.290000E-8	-6.868497E-4
1.295000E-8	-6.765718E-4
1.300000E-8	-6.234691E-4
1.305000E-8	-5.635144E-4
1.310000E-8	-5.206897E-4
1.315000E-8	-4.504571E-4
1.320000E-8	-3.254088E-4
1.325000E-8	-1.695267E-4
1.330000E-8	1.772262E-6
1.335000E-8	2.295999E-4
1.340000E-8	5.345121E-4
1.345000E-8	9.387778E-4
1.350000E-8	1.454388E-3
1.355000E-8	2.071064E-3
1.360000E-8	2.776816E-3
1.365000E-8	3.563078E-3
1.370000E-8	4.414434E-3
1.375000E-8	5.334310E-3
1.380000E-8	6.334696E-3
1.385000E-8	7.383046E-3
1.390000E-8	8.441674E-3
1.395000E-8	9.503728E-3
1.400000E-8	1.055722E-2
1.405000E-8	1.155760E-2
1.410000E-8	1.250317E-2
1.415000E-8	1.339907E-2
1.420000E-8	1.424528E-2
1.425000E-8	1.504868E-2
1.430000E-8	1.583323E-2
1.435000E-8	1.661606E-2
1.440000E-8	1.736293E-2
1.445000E-8	1.806354E-2
1.450000E-8	1.874873E-2
1.455000E-8	1.943050E-2
1.460000E-8	2.004889E-2
1.465000E-8	2.058849E-2
1.470000E-8	2.109553E-2
1.475000E-8	2.158202E-2
1.480000E-8	2.201541E-2
1.485000E-8	2.238884E-2
1.490000E-8	2.274343E-2
1.495000E-8	2.308431E-2
1.500000E-8	2.339265E-2
1.505000E-8	2.367358E-2
1.510000E-8	2.393224E-2
1.515000E-8	2.417720E-2
1.520000E-8	2.436392E-2
1.525000E-8	2.449924E-2
1.530000E-8	2.459174E-2
1.535000E-8	2.460716E-2
1.540000E-8	2.446841E-2
1.545000E-8	2.415493E-2
1.550000E-8	2.370441E-2
1.555000E-8	2.310315E-2
1.560000E-8	2.231689E-2
1.565000E-8	2.140216E-2
1.570000E-8	2.042575E-2
1.575000E-8	1.940652E-2
1.580000E-8	1.834961E-2
1.585000E-8	1.727728E-2
1.590000E-8	1.624092E-2
1.595000E-8	1.529535E-2
1.600000E-8	1.447140E-2
1.605000E-8	1.371083E-2
1.610000E-8	1.300165E-2
1.615000E-8	1.239354E-2
1.620000E-8	1.189677E-2
1.625000E-8	1.143427E-2
1.630000E-8	1.098718E-2
1.635000E-8	1.058976E-2
1.640000E-8	1.023689E-2
1.645000E-8	9.897715E-3
1.650000E-8	9.575673E-3
1.655000E-8	9.286178E-3
1.660000E-8	9.073767E-3
1.665000E-8	8.984692E-3
1.670000E-8	9.044646E-3
1.675000E-8	9.214232E-3
1.680000E-8	9.476320E-3
1.685000E-8	9.856603E-3
1.690000E-8	1.032425E-2
1.695000E-8	1.083129E-2
1.700000E-8	1.138802E-2
1.705000E-8	1.198928E-2
1.710000E-8	1.259054E-2
1.715000E-8	1.318152E-2
1.720000E-8	1.375879E-2
1.725000E-8	1.428126E-2
1.730000E-8	1.476089E-2
1.735000E-8	1.524910E-2
1.740000E-8	1.574586E-2
1.745000E-8	1.621008E-2
1.750000E-8	1.664347E-2
1.755000E-8	1.707343E-2
1.760000E-8	1.749140E-2
1.765000E-8	1.791108E-2
1.770000E-8	1.832905E-2
1.775000E-8	1.871276E-2
1.780000E-8	1.906050E-2
1.785000E-8	1.933286E-2
1.790000E-8	1.951273E-2
1.795000E-8	1.960009E-2
1.800000E-8	1.963092E-2
1.805000E-8	1.958296E-2
1.810000E-8	1.944763E-2
1.815000E-8	1.924379E-2
1.820000E-8	1.899540E-2
1.825000E-8	1.869049E-2
1.830000E-8	1.832049E-2
1.835000E-8	1.790080E-2
1.840000E-8	1.742117E-2
1.845000E-8	1.689185E-2
1.850000E-8	1.633171E-2
1.855000E-8	1.573730E-2
1.860000E-8	1.509150E-2
1.865000E-8	1.441658E-2
1.870000E-8	1.371254E-2
1.875000E-8	1.297082E-2
1.880000E-8	1.221882E-2
1.885000E-8	1.145482E-2
1.890000E-8	1.064800E-2
1.895000E-8	9.815492E-3
1.900000E-8	9.000109E-3
1.905000E-8	8.210420E-3
1.910000E-8	7.489251E-3
1.915000E-8	6.877714E-3
1.920000E-8	6.384373E-3
1.925000E-8	6.014367E-3
1.930000E-8	5.777974E-3
1.935000E-8	5.659778E-3
1.940000E-8	5.675195E-3
1.945000E-8	5.810521E-3
1.950000E-8	6.022932E-3
1.955000E-8	6.281593E-3
1.960000E-8	6.603636E-3
1.965000E-8	6.977067E-3
1.970000E-8	7.377907E-3
1.975000E-8	7.826710E-3
1.980000E-8	8.335468E-3
1.985000E-8	8.864782E-3
1.990000E-8	9.394096E-3
1.995000E-8	9.945679E-3
2.000000E-8	1.050925E-2
2.005000E-8	1.103514E-2
2.010000E-8	1.148566E-2
2.015000E-8	1.191904E-2
2.020000E-8	1.235928E-2
2.025000E-8	1.277040E-2
2.030000E-8	1.315068E-2
2.035000E-8	1.352754E-2
2.040000E-8	1.388727E-2
2.045000E-8	1.420417E-2
2.050000E-8	1.449024E-2
2.055000E-8	1.480372E-2
2.060000E-8	1.513775E-2
2.065000E-8	1.544266E-2
2.070000E-8	1.571160E-2
2.075000E-8	1.599596E-2
2.080000E-8	1.628203E-2
2.085000E-8	1.653726E-2
2.090000E-8	1.674454E-2
2.095000E-8	1.691584E-2
2.100000E-8	1.706487E-2
2.105000E-8	1.714366E-2
2.110000E-8	1.712653E-2
2.115000E-8	1.700662E-2
2.120000E-8	1.677537E-2
2.125000E-8	1.642249E-2
2.130000E-8	1.593600E-2
2.135000E-8	1.533475E-2
2.140000E-8	1.463927E-2
2.145000E-8	1.385986E-2
2.150000E-8	1.302735E-2
2.155000E-8	1.220169E-2
2.160000E-8	1.141371E-2
2.165000E-8	1.062745E-2
2.170000E-8	9.817205E-3
2.175000E-8	9.039507E-3
2.180000E-8	8.342320E-3
2.185000E-8	7.694810E-3
2.190000E-8	7.090125E-3
2.195000E-8	6.564237E-3
2.200000E-8	6.137702E-3
2.205000E-8	5.776261E-3
2.210000E-8	5.449080E-3
2.215000E-8	5.166437E-3
2.220000E-8	4.957452E-3
2.225000E-8	4.813561E-3
2.230000E-8	4.721060E-3
2.235000E-8	4.685087E-3
2.240000E-8	4.715921E-3
2.245000E-8	4.820413E-3
2.250000E-8	4.983147E-3
2.255000E-8	5.180141E-3
2.260000E-8	5.435376E-3
2.265000E-8	5.772835E-3
2.270000E-8	6.187379E-3
2.275000E-8	6.613913E-3
2.280000E-8	7.038735E-3
2.285000E-8	7.466982E-3
2.290000E-8	7.919212E-3
2.295000E-8	8.415979E-3
2.300000E-8	8.972701E-3
2.305000E-8	9.541413E-3
2.310000E-8	1.009814E-2
2.315000E-8	1.066856E-2
2.320000E-8	1.125440E-2
2.325000E-8	1.185052E-2
2.330000E-8	1.243465E-2
2.335000E-8	1.298452E-2
2.340000E-8	1.348129E-2
2.345000E-8	1.392495E-2
2.350000E-8	1.432579E-2
2.355000E-8	1.464270E-2
2.360000E-8	1.485340E-2
2.365000E-8	1.496988E-2
2.370000E-8	1.500414E-2
2.375000E-8	1.498187E-2
2.380000E-8	1.494076E-2
2.385000E-8	1.489451E-2
2.390000E-8	1.482941E-2
2.395000E-8	1.471978E-2
2.400000E-8	1.452279E-2
2.405000E-8	1.421616E-2
2.410000E-8	1.383759E-2
2.415000E-8	1.340934E-2
2.420000E-8	1.290230E-2
2.425000E-8	1.227706E-2
2.430000E-8	1.157131E-2
2.435000E-8	1.086384E-2
2.440000E-8	1.019578E-2
2.445000E-8	9.553404E-3
2.450000E-8	8.897329E-3
2.455000E-8	8.241254E-3
2.460000E-8	7.616013E-3
2.465000E-8	7.028457E-3
2.470000E-8	6.463170E-3
2.475000E-8	5.921866E-3
2.480000E-8	5.414821E-3
2.485000E-8	4.959165E-3
2.490000E-8	4.546335E-3
2.495000E-8	4.148921E-3
2.500000E-8	3.761785E-3
2.505000E-8	3.429465E-3
2.510000E-8	3.191360E-3
2.515000E-8	3.006357E-3
2.520000E-8	2.877882E-3
2.525000E-8	2.853901E-3
2.530000E-8	2.927559E-3
2.535000E-8	3.054320E-3
2.540000E-8	3.249601E-3
2.545000E-8	3.551087E-3
2.550000E-8	3.931371E-3
2.555000E-8	4.385314E-3
2.560000E-8	4.935183E-3
2.565000E-8	5.556999E-3
2.570000E-8	6.211361E-3
2.575000E-8	6.879427E-3
2.580000E-8	7.561197E-3
2.585000E-8	8.248106E-3
2.590000E-8	8.945293E-3
2.595000E-8	9.663036E-3
2.600000E-8	1.034823E-2
2.605000E-8	1.098546E-2
2.610000E-8	1.157987E-2
2.615000E-8	1.212632E-2
2.620000E-8	1.261623E-2
2.625000E-8	1.302906E-2
2.630000E-8	1.335795E-2
2.635000E-8	1.361490E-2
2.640000E-8	1.379648E-2
2.645000E-8	1.388727E-2
2.650000E-8	1.386500E-2
2.655000E-8	1.374680E-2
2.660000E-8	1.356009E-2
2.665000E-8	1.330828E-2
2.670000E-8	1.298624E-2
2.675000E-8	1.260767E-2
2.680000E-8	1.219483E-2
2.685000E-8	1.177001E-2
2.690000E-8	1.134348E-2
2.695000E-8	1.088440E-2
2.700000E-8	1.038592E-2
2.705000E-8	9.863455E-3
2.710000E-8	9.339281E-3
2.715000E-8	8.825384E-3
2.720000E-8	8.285792E-3
2.725000E-8	7.723931E-3
2.730000E-8	7.150079E-3
2.735000E-8	6.567663E-3
2.740000E-8	5.961264E-3
2.745000E-8	5.368570E-3
2.750000E-8	4.830691E-3
2.755000E-8	4.369897E-3
2.760000E-8	3.982761E-3
2.765000E-8	3.643589E-3
2.770000E-8	3.354094E-3
2.775000E-8	3.153674E-3
2.780000E-8	3.066311E-3
2.785000E-8	3.071450E-3
2.790000E-8	3.143396E-3
2.795000E-8	3.263305E-3
2.800000E-8	3.417474E-3
2.805000E-8	3.621320E-3
2.810000E-8	3.862852E-3
2.815000E-8	4.133504E-3
2.820000E-8	4.433277E-3
2.825000E-8	4.755319E-3
2.830000E-8	5.079074E-3
2.835000E-8	5.407969E-3
2.840000E-8	5.774548E-3
2.845000E-8	6.163397E-3
2.850000E-8	6.565950E-3
2.855000E-8	6.995910E-3
2.860000E-8	7.468695E-3
2.865000E-8	7.991157E-3
2.870000E-8	8.549592E-3
2.875000E-8	9.092610E-3
2.880000E-8	9.608220E-3
2.885000E-8	1.012383E-2
2.890000E-8	1.063087E-2
2.895000E-8	1.108139E-2
2.900000E-8	1.147195E-2
2.905000E-8	1.179913E-2
2.910000E-8	1.202696E-2
2.915000E-8	1.212974E-2
2.920000E-8	1.213831E-2
2.925000E-8	1.206979E-2
2.930000E-8	1.194131E-2
2.935000E-8	1.179571E-2
2.940000E-8	1.164668E-2
2.945000E-8	1.147195E-2
2.950000E-8	1.126982E-2
2.955000E-8	1.103171E-2
2.960000E-8	1.073194E-2
2.965000E-8	1.040305E-2
2.970000E-8	1.007073E-2
2.975000E-8	9.692156E-3
2.980000E-8	9.224510E-3
2.985000E-8	8.712326E-3
2.990000E-8	8.188151E-3
2.995000E-8	7.641707E-3
3.000000E-8	7.074708E-3
3.005000E-8	6.507708E-3
3.010000E-8	5.928718E-3
3.015000E-8	5.336023E-3
3.020000E-8	4.722773E-3
3.025000E-8	4.104383E-3
3.030000E-8	3.509976E-3
3.035000E-8	2.975523E-3
3.040000E-8	2.514729E-3
3.045000E-8	2.122454E-3
3.050000E-8	1.796986E-3
3.055000E-8	1.533185E-3
3.060000E-8	1.349895E-3
3.065000E-8	1.245403E-3
3.070000E-8	1.226560E-3
3.075000E-8	1.288228E-3
3.080000E-8	1.449249E-3
3.085000E-8	1.690780E-3
3.090000E-8	1.971711E-3
3.095000E-8	2.281762E-3
3.100000E-8	2.626073E-3
3.105000E-8	2.987514E-3
3.110000E-8	3.367798E-3
3.115000E-8	3.782341E-3
3.120000E-8	4.227718E-3
3.125000E-8	4.673096E-3
3.130000E-8	5.118473E-3
3.135000E-8	5.575842E-3
3.140000E-8	6.038349E-3
3.145000E-8	6.505995E-3
3.150000E-8	6.978780E-3
3.155000E-8	7.460131E-3
3.160000E-8	7.922638E-3
3.165000E-8	8.347459E-3
3.170000E-8	8.731169E-3
3.175000E-8	9.077193E-3
3.180000E-8	9.412939E-3
3.185000E-8	9.728129E-3
3.190000E-8	9.990217E-3
3.195000E-8	1.018378E-2
3.200000E-8	1.033624E-2
3.205000E-8	1.043046E-2
3.210000E-8	1.044416E-2
3.215000E-8	1.041333E-2
3.220000E-8	1.036022E-2
3.225000E-8	1.023346E-2
3.230000E-8	1.002619E-2
3.235000E-8	9.774380E-3
3.240000E-8	9.479746E-3
3.245000E-8	9.130296E-3
3.250000E-8	8.753438E-3
3.255000E-8	8.398849E-3
3.260000E-8	8.049399E-3
3.265000E-8	7.675967E-3
3.270000E-8	7.251146E-3
3.275000E-8	6.776648E-3
3.280000E-8	6.252473E-3
3.285000E-8	5.688899E-3
3.290000E-8	5.080787E-3
3.295000E-8	4.458972E-3
3.300000E-8	3.833731E-3
3.305000E-8	3.206776E-3
3.310000E-8	2.588387E-3
3.315000E-8	2.021387E-3
3.320000E-8	1.504064E-3
3.325000E-8	1.026140E-3
3.330000E-8	6.184486E-4
3.335000E-8	2.878416E-4
3.340000E-8	1.772262E-6
3.345000E-8	-2.586022E-4
3.350000E-8	-4.710130E-4
3.355000E-8	-6.217561E-4
3.360000E-8	-7.125445E-4
3.365000E-8	-7.382394E-4
3.370000E-8	-6.937017E-4
3.375000E-8	-5.789313E-4
3.380000E-8	-3.819375E-4
3.385000E-8	-1.129981E-4
3.390000E-8	2.364519E-4
3.395000E-8	6.818293E-4
3.400000E-8	1.209430E-3
3.405000E-8	1.784995E-3
3.410000E-8	2.382828E-3
3.415000E-8	2.989227E-3
3.420000E-8	3.588773E-3
3.425000E-8	4.186607E-3
3.430000E-8	4.767310E-3
3.435000E-8	5.313754E-3
3.440000E-8	5.836216E-3
3.445000E-8	6.346687E-3
3.450000E-8	6.810907E-3
3.455000E-8	7.242581E-3
3.460000E-8	7.662263E-3
3.465000E-8	8.015139E-3
3.470000E-8	8.296070E-3
3.475000E-8	8.530749E-3
3.480000E-8	8.710613E-3
3.485000E-8	8.820245E-3
3.490000E-8	8.883625E-3
3.495000E-8	8.897329E-3
3.500000E-8	8.844226E-3
3.505000E-8	8.760290E-3
3.510000E-8	8.652372E-3
3.515000E-8	8.477647E-3
3.520000E-8	8.272088E-3
3.525000E-8	8.100789E-3
3.530000E-8	7.931203E-3
3.535000E-8	7.710227E-3
3.540000E-8	7.420732E-3
3.545000E-8	7.028457E-3
3.550000E-8	6.516273E-3
3.555000E-8	5.908162E-3
3.560000E-8	5.210975E-3
3.565000E-8	4.467537E-3
3.570000E-8	3.739516E-3
3.575000E-8	3.047468E-3
3.580000E-8	2.381115E-3
3.585000E-8	1.762726E-3
3.590000E-8	1.221421E-3
3.595000E-8	7.589138E-4
3.600000E-8	3.837690E-4
3.605000E-8	9.256073E-5
3.610000E-8	-1.523968E-4
3.615000E-8	-3.579556E-4
3.620000E-8	-4.949948E-4
3.625000E-8	-5.840703E-4
3.630000E-8	-6.680068E-4
3.635000E-8	-7.416654E-4
3.640000E-8	-7.776382E-4
3.645000E-8	-7.519433E-4
3.650000E-8	-6.525899E-4
3.655000E-8	-4.967078E-4
3.660000E-8	-2.842971E-4
3.665000E-8	6.911232E-6
3.670000E-8	4.094639E-4
3.675000E-8	8.873881E-4
3.680000E-8	1.396146E-3
3.685000E-8	1.944303E-3
3.690000E-8	2.533571E-3
3.695000E-8	3.097145E-3
3.700000E-8	3.616181E-3
3.705000E-8	4.116374E-3
3.710000E-8	4.596011E-3
3.715000E-8	4.998564E-3
3.720000E-8	5.322319E-3
3.725000E-8	5.603249E-3
3.730000E-8	5.853346E-3
3.735000E-8	6.089739E-3
3.740000E-8	6.324418E-3
3.745000E-8	6.523125E-3
3.750000E-8	6.680720E-3
3.755000E-8	6.850306E-3
3.760000E-8	7.052439E-3
3.765000E-8	7.244294E-3
3.770000E-8	7.407028E-3
3.775000E-8	7.525224E-3
3.780000E-8	7.569762E-3
3.785000E-8	7.535502E-3
3.790000E-8	7.420732E-3
3.795000E-8	7.220312E-3
3.800000E-8	6.961650E-3
3.805000E-8	6.656738E-3
3.810000E-8	6.281593E-3
3.815000E-8	5.867050E-3
3.820000E-8	5.442228E-3
3.825000E-8	4.972869E-3
3.830000E-8	4.445268E-3
3.835000E-8	3.886833E-3
3.840000E-8	3.292426E-3
3.845000E-8	2.668898E-3
3.850000E-8	2.060786E-3
3.855000E-8	1.497212E-3
3.860000E-8	9.644726E-4
3.865000E-8	4.557146E-4
3.870000E-8	-3.248754E-5
3.875000E-8	-4.761519E-4
3.880000E-8	-8.341668E-4
3.885000E-8	-1.091115E-3
3.890000E-8	-1.270979E-3
3.895000E-8	-1.387463E-3
3.900000E-8	-1.426861E-3
3.905000E-8	-1.426861E-3
3.910000E-8	-1.426861E-3
3.915000E-8	-1.420009E-3
3.920000E-8	-1.394315E-3
3.925000E-8	-1.348064E-3
3.930000E-8	-1.240145E-3
3.935000E-8	-1.058569E-3
3.940000E-8	-8.393058E-4
3.945000E-8	-6.063392E-4
3.950000E-8	-3.733725E-4
3.955000E-8	-1.404059E-4
3.960000E-8	1.079776E-4
3.965000E-8	4.043249E-4
3.970000E-8	7.383579E-4
3.975000E-8	1.092947E-3
3.980000E-8	1.507490E-3
3.985000E-8	1.995693E-3
3.990000E-8	2.514729E-3
3.995000E-8	3.054320E-3
4.000000E-8	3.624746E-3
4.005000E-8	4.202024E-3
4.010000E-8	4.750180E-3
4.015000E-8	5.281207E-3
4.020000E-8	5.795104E-3
4.025000E-8	6.247334E-3
4.030000E-8	6.608775E-3
4.035000E-8	6.894844E-3
4.040000E-8	7.105542E-3
4.045000E-8	7.211747E-3
4.050000E-8	7.242581E-3
4.055000E-8	7.216886E-3
4.060000E-8	7.150079E-3
4.065000E-8	7.055865E-3
4.070000E-8	6.908548E-3
4.075000E-8	6.685859E-3
4.080000E-8	6.403216E-3
4.085000E-8	6.098304E-3
4.090000E-8	5.771122E-3
4.095000E-8	5.390839E-3
4.100000E-8	4.984860E-3
4.105000E-8	4.584020E-3
4.110000E-8	4.169477E-3
4.115000E-8	3.741229E-3
4.120000E-8	3.336964E-3
4.125000E-8	2.948115E-3
4.130000E-8	2.550701E-3
4.135000E-8	2.151575E-3
4.140000E-8	1.764439E-3
4.145000E-8	1.379016E-3
4.150000E-8	9.918805E-4
4.155000E-8	6.372915E-4
4.160000E-8	3.118234E-4
4.165000E-8	-2.049661E-5
4.170000E-8	-3.630946E-4
4.175000E-8	-6.662938E-4
4.180000E-8	-9.300943E-4
4.185000E-8	-1.168200E-3
4.190000E-8	-1.366907E-3
4.195000E-8	-1.488529E-3
4.200000E-8	-1.531354E-3
4.205000E-8	-1.488529E-3
4.210000E-8	-1.353203E-3
4.215000E-8	-1.113384E-3
4.220000E-8	-7.587953E-4
4.225000E-8	-3.168439E-4
4.230000E-8	1.336725E-4
4.235000E-8	5.499290E-4
4.240000E-8	9.593336E-4
4.245000E-8	1.375590E-3
4.250000E-8	1.759300E-3
4.255000E-8	2.098472E-3
4.260000E-8	2.393106E-3
4.265000E-8	2.644916E-3
4.270000E-8	2.850475E-3
4.275000E-8	3.026913E-3
4.280000E-8	3.199925E-3
4.285000E-8	3.398631E-3
4.290000E-8	3.638450E-3
4.295000E-8	3.898824E-3
4.300000E-8	4.167764E-3
4.305000E-8	4.467537E-3
4.310000E-8	4.810135E-3
4.315000E-8	5.152733E-3
4.320000E-8	5.507322E-3
4.325000E-8	5.894458E-3
4.330000E-8	6.237056E-3
4.335000E-8	6.473448E-3
4.340000E-8	6.629330E-3
4.345000E-8	6.723545E-3
4.350000E-8	6.713267E-3
4.355000E-8	6.584793E-3
4.360000E-8	6.374095E-3
4.365000E-8	6.070896E-3
4.370000E-8	5.688899E-3
4.375000E-8	5.258938E-3
4.380000E-8	4.801570E-3
4.385000E-8	4.342489E-3
4.390000E-8	3.898824E-3
4.395000E-8	3.482568E-3
4.400000E-8	3.074876E-3
4.405000E-8	2.682602E-3
4.410000E-8	2.288614E-3
4.415000E-8	1.886061E-3
4.420000E-8	1.478370E-3
4.425000E-8	1.087808E-3
4.430000E-8	6.921072E-4
4.435000E-8	2.741377E-4
4.440000E-8	-1.506838E-4
4.445000E-8	-5.857833E-4
4.450000E-8	-1.032874E-3
4.455000E-8	-1.450843E-3
4.460000E-8	-1.815710E-3
4.465000E-8	-2.122335E-3
4.470000E-8	-2.348450E-3
4.475000E-8	-2.492341E-3
4.480000E-8	-2.569426E-3
4.485000E-8	-2.566000E-3
4.490000E-8	-2.464933E-3
4.495000E-8	-2.302199E-3
4.500000E-8	-2.117196E-3
4.505000E-8	-1.891082E-3
4.510000E-8	-1.596447E-3
4.515000E-8	-1.264127E-3
4.520000E-8	-9.009734E-4
4.525000E-8	-5.018468E-4
4.530000E-8	-9.072920E-5
4.535000E-8	3.238144E-4
4.540000E-8	7.349320E-4
4.545000E-8	1.130633E-3
4.550000E-8	1.536611E-3
4.555000E-8	1.968285E-3
4.560000E-8	2.396532E-3
4.565000E-8	2.793946E-3
4.570000E-8	3.181082E-3
4.575000E-8	3.566504E-3
4.580000E-8	3.957066E-3
4.585000E-8	4.342489E-3
4.590000E-8	4.721060E-3
4.595000E-8	5.079074E-3
4.600000E-8	5.418247E-3
4.605000E-8	5.728298E-3
4.610000E-8	5.981820E-3
4.615000E-8	6.144554E-3
4.620000E-8	6.218213E-3
4.625000E-8	6.226778E-3
4.630000E-8	6.177101E-3
4.635000E-8	6.069183E-3
4.640000E-8	5.906449E-3
4.645000E-8	5.661491E-3
4.650000E-8	5.339449E-3
4.655000E-8	5.000277E-3
4.660000E-8	4.676522E-3
4.665000E-8	4.369897E-3
4.670000E-8	4.076975E-3
4.675000E-8	3.801184E-3
4.680000E-8	3.537384E-3
4.685000E-8	3.253027E-3
4.690000E-8	2.963532E-3
4.695000E-8	2.675750E-3
4.700000E-8	2.387967E-3
4.705000E-8	2.091620E-3
4.710000E-8	1.755874E-3
4.715000E-8	1.370451E-3
4.720000E-8	9.507687E-4
4.725000E-8	5.636330E-4
4.730000E-8	2.021921E-4
4.735000E-8	-1.609618E-4
4.740000E-8	-5.001338E-4
4.745000E-8	-7.605083E-4
4.750000E-8	-9.403722E-4
4.755000E-8	-1.068846E-3
4.760000E-8	-1.135653E-3
4.765000E-8	-1.123662E-3
4.770000E-8	-1.058569E-3
4.775000E-8	-9.369462E-4
4.780000E-8	-7.450914E-4
4.785000E-8	-4.847169E-4
4.790000E-8	-1.969346E-4
4.795000E-8	1.182556E-4
4.800000E-8	4.899744E-4
4.805000E-8	8.634062E-4
4.810000E-8	1.199152E-3
4.815000E-8	1.526333E-3
4.820000E-8	1.877496E-3
4.825000E-8	2.206390E-3
4.830000E-8	2.480469E-3
4.835000E-8	2.744269E-3
4.840000E-8	3.008070E-3
4.845000E-8	3.263305E-3
4.850000E-8	3.544235E-3
4.855000E-8	3.900537E-3
4.860000E-8	4.321933E-3
4.865000E-8	4.781014E-3
4.870000E-8	5.265790E-3
4.875000E-8	5.771122E-3
4.880000E-8	6.245621E-3
4.885000E-8	6.644747E-3
4.890000E-8	6.973641E-3
4.895000E-8	7.257998E-3
4.900000E-8	7.470408E-3
4.905000E-8	7.550919E-3
4.910000E-8	7.501242E-3
4.915000E-8	7.372768E-3
4.920000E-8	7.155218E-3
4.925000E-8	6.800629E-3
4.930000E-8	6.363817E-3
4.935000E-8	5.909875E-3
4.940000E-8	5.452506E-3
4.945000E-8	4.978008E-3
4.950000E-8	4.503510E-3
4.955000E-8	4.032438E-3
4.960000E-8	3.556226E-3
4.965000E-8	3.092006E-3
4.970000E-8	2.660333E-3
4.975000E-8	2.247502E-3
4.980000E-8	1.850088E-3
4.985000E-8	1.481796E-3
4.990000E-8	1.125494E-3
4.995000E-8	7.846087E-4
5.000000E-8	4.899744E-4
5.005000E-8	2.689987E-4
5.010000E-8	8.742176E-5
5.015000E-8	-6.503435E-5
5.020000E-8	-1.746657E-4
5.025000E-8	-2.380463E-4
5.030000E-8	-3.031399E-4
5.035000E-8	-3.802245E-4
5.040000E-8	-4.367532E-4
5.045000E-8	-4.641610E-4
5.050000E-8	-4.727260E-4
5.055000E-8	-4.812909E-4
5.060000E-8	-4.761519E-4
5.065000E-8	-4.350402E-4
5.070000E-8	-3.630946E-4
5.075000E-8	-2.705931E-4
5.080000E-8	-1.301280E-4
5.085000E-8	9.427372E-5
5.090000E-8	3.940470E-4
5.095000E-8	7.366450E-4
5.100000E-8	1.135772E-3
5.105000E-8	1.591427E-3
5.110000E-8	2.091620E-3
5.115000E-8	2.617508E-3
5.120000E-8	3.165665E-3
5.125000E-8	3.710396E-3
5.130000E-8	4.229431E-3
5.135000E-8	4.690226E-3
5.140000E-8	5.055093E-3
5.145000E-8	5.341162E-3
5.150000E-8	5.560425E-3
5.155000E-8	5.706029E-3
5.160000E-8	5.755706E-3
5.165000E-8	5.740289E-3
5.170000E-8	5.668343E-3
5.175000E-8	5.534730E-3
5.180000E-8	5.373709E-3
5.185000E-8	5.240096E-3
5.190000E-8	5.097917E-3
5.195000E-8	4.899211E-3
5.200000E-8	4.671383E-3
5.205000E-8	4.476102E-3
5.210000E-8	4.299664E-3
5.215000E-8	4.118087E-3
5.220000E-8	3.938223E-3
5.225000E-8	3.725812E-3
5.230000E-8	3.467151E-3
5.235000E-8	3.172517E-3
5.240000E-8	2.838484E-3
5.245000E-8	2.465052E-3
5.250000E-8	2.069351E-3
5.255000E-8	1.659947E-3
5.260000E-8	1.223134E-3
5.265000E-8	7.760437E-4
5.270000E-8	3.375183E-4
5.275000E-8	-9.415518E-5
5.280000E-8	-4.932818E-4
5.285000E-8	-8.153239E-4
5.290000E-8	-1.070559E-3
5.295000E-8	-1.294961E-3
5.300000E-8	-1.459408E-3
5.305000E-8	-1.545058E-3
5.310000E-8	-1.574178E-3
5.315000E-8	-1.557049E-3
5.320000E-8	-1.485103E-3
5.325000E-8	-1.378898E-3
5.330000E-8	-1.246997E-3
5.335000E-8	-1.085976E-3
5.340000E-8	-9.335203E-4
5.345000E-8	-8.067590E-4
5.350000E-8	-6.817107E-4
5.355000E-8	-5.532365E-4
5.360000E-8	-4.230492E-4
5.365000E-8	-2.568892E-4
5.370000E-8	-5.989538E-5
5.375000E-8	1.490894E-4
5.380000E-8	3.923340E-4
5.385000E-8	7.109501E-4
5.390000E-8	1.063826E-3
5.395000E-8	1.409850E-3
5.400000E-8	1.795273E-3
5.405000E-8	2.240650E-3
5.410000E-8	2.689454E-3
5.415000E-8	3.115988E-3
5.420000E-8	3.533958E-3
5.425000E-8	3.910815E-3
5.430000E-8	4.220867E-3
5.435000E-8	4.464111E-3
5.440000E-8	4.619993E-3
5.445000E-8	4.674809E-3
5.450000E-8	4.690226E-3
5.455000E-8	4.671383E-3
5.460000E-8	4.573742E-3
5.465000E-8	4.434990E-3
5.470000E-8	4.304803E-3
5.475000E-8	4.154060E-3
5.480000E-8	3.993039E-3
5.485000E-8	3.869704E-3
5.490000E-8	3.763498E-3
5.495000E-8	3.628172E-3
5.500000E-8	3.501411E-3
5.505000E-8	3.362659E-3
5.510000E-8	3.141683E-3
5.515000E-8	2.881308E-3
5.520000E-8	2.641490E-3
5.525000E-8	2.350281E-3
5.530000E-8	1.988841E-3
5.535000E-8	1.634252E-3
5.540000E-8	1.313923E-3
5.545000E-8	9.764635E-4
5.550000E-8	6.407175E-4
5.555000E-8	3.375183E-4
5.560000E-8	5.658794E-5
5.565000E-8	-2.003606E-4
5.570000E-8	-4.161973E-4
5.575000E-8	-6.251821E-4
5.580000E-8	-8.393058E-4
5.585000E-8	-1.026022E-3
5.590000E-8	-1.169913E-3
5.595000E-8	-1.289822E-3
5.600000E-8	-1.396028E-3
5.605000E-8	-1.488529E-3
5.610000E-8	-1.558762E-3
5.615000E-8	-1.586169E-3
5.620000E-8	-1.563901E-3
5.625000E-8	-1.509085E-3
5.630000E-8	-1.414870E-3
5.635000E-8	-1.269266E-3
5.640000E-8	-1.080837E-3
5.645000E-8	-8.735656E-4
5.650000E-8	-6.405990E-4
5.655000E-8	-3.956414E-4
5.660000E-8	-1.729527E-4
5.665000E-8	1.890216E-5
5.670000E-8	2.039051E-4
5.675000E-8	3.871950E-4
5.680000E-8	5.790499E-4
5.685000E-8	7.914606E-4
5.690000E-8	1.026140E-3
5.695000E-8	1.277950E-3
5.700000E-8	1.565732E-3
5.705000E-8	1.868931E-3
5.710000E-8	2.146436E-3
5.715000E-8	2.410236E-3
5.720000E-8	2.692879E-3
5.725000E-8	2.980662E-3
5.730000E-8	3.230758E-3
5.735000E-8	3.439743E-3
5.740000E-8	3.595625E-3
5.745000E-8	3.669284E-3
5.750000E-8	3.647015E-3
5.755000E-8	3.532245E-3
5.760000E-8	3.318121E-3
5.765000E-8	3.038903E-3
5.770000E-8	2.739130E-3
5.775000E-8	2.417088E-3
5.780000E-8	2.083055E-3
5.785000E-8	1.759300E-3
5.790000E-8	1.461240E-3
5.795000E-8	1.209430E-3
5.800000E-8	1.017575E-3
5.805000E-8	8.771101E-4
5.810000E-8	7.640528E-4
5.815000E-8	6.629864E-4
5.820000E-8	5.602070E-4
5.825000E-8	4.317327E-4
5.830000E-8	2.741377E-4
5.835000E-8	7.543083E-5
5.840000E-8	-1.849436E-4
5.845000E-8	-5.018468E-4
5.850000E-8	-8.581487E-4
5.855000E-8	-1.219590E-3
5.860000E-8	-1.533067E-3
5.865000E-8	-1.790015E-3
5.870000E-8	-1.987009E-3
5.875000E-8	-2.086362E-3
5.880000E-8	-2.072659E-3
5.885000E-8	-1.983583E-3
5.890000E-8	-1.853396E-3
5.895000E-8	-1.673532E-3
5.900000E-8	-1.452556E-3
5.905000E-8	-1.221303E-3
5.910000E-8	-9.917619E-4
5.915000E-8	-7.810641E-4
5.920000E-8	-6.183301E-4
5.925000E-8	-4.864299E-4
5.930000E-8	-3.665206E-4
5.935000E-8	-2.500373E-4
5.940000E-8	-1.369799E-4
5.945000E-8	8.624222E-6
5.950000E-8	1.816362E-4
5.955000E-8	3.923340E-4
5.960000E-8	6.458565E-4
5.965000E-8	9.302128E-4
5.970000E-8	1.219708E-3
5.975000E-8	1.507490E-3
5.980000E-8	1.771291E-3
5.985000E-8	2.002545E-3
5.990000E-8	2.230372E-3
5.995000E-8	2.465052E-3
6.000000E-8	2.708296E-3
6.005000E-8	2.958393E-3
6.010000E-8	3.163952E-3
6.015000E-8	3.289000E-3
6.020000E-8	3.391779E-3
6.025000E-8	3.511689E-3
6.030000E-8	3.581921E-3
6.035000E-8	3.564791E-3
6.040000E-8	3.530532E-3
6.045000E-8	3.474003E-3
6.050000E-8	3.364372E-3
6.055000E-8	3.222193E-3
6.060000E-8	3.074876E-3
6.065000E-8	2.888160E-3
6.070000E-8	2.641490E-3
6.075000E-8	2.370837E-3
6.080000E-8	2.100185E-3
6.085000E-8	1.839810E-3
6.090000E-8	1.588001E-3
6.095000E-8	1.312210E-3
6.100000E-8	1.010723E-3
6.105000E-8	7.280800E-4
6.110000E-8	4.522886E-4
6.115000E-8	1.610803E-4
6.120000E-8	-1.215630E-4
6.125000E-8	-3.750855E-4
6.130000E-8	-6.234691E-4
6.135000E-8	-8.598617E-4
6.140000E-8	-1.029448E-3
6.145000E-8	-1.130514E-3
6.150000E-8	-1.205886E-3
6.155000E-8	-1.250423E-3
6.160000E-8	-1.257275E-3
6.165000E-8	-1.257275E-3
6.170000E-8	-1.248710E-3
6.175000E-8	-1.216164E-3
6.180000E-8	-1.187043E-3
6.185000E-8	-1.207599E-3
6.190000E-8	-1.224729E-3
6.195000E-8	-1.216164E-3
6.200000E-8	-1.219590E-3
6.205000E-8	-1.231581E-3
6.210000E-8	-1.199034E-3
6.215000E-8	-1.116810E-3
6.220000E-8	-9.849100E-4
6.225000E-8	-7.690732E-4
6.230000E-8	-4.847169E-4
6.235000E-8	-2.037865E-4
6.240000E-8	8.913475E-5
6.245000E-8	4.180288E-4
6.250000E-8	7.486359E-4
6.255000E-8	1.032992E-3
6.260000E-8	1.307071E-3
6.265000E-8	1.582862E-3
6.270000E-8	1.798699E-3
6.275000E-8	1.937451E-3
6.280000E-8	2.048795E-3
6.285000E-8	2.156714E-3
6.290000E-8	2.266345E-3
6.295000E-8	2.406810E-3
6.300000E-8	2.586674E-3
6.305000E-8	2.742556E-3
6.310000E-8	2.869317E-3
6.315000E-8	3.013209E-3
6.320000E-8	3.146822E-3
6.325000E-8	3.189647E-3
6.330000E-8	3.127979E-3
6.335000E-8	3.021774E-3
6.340000E-8	2.852188E-3
6.345000E-8	2.614082E-3
6.350000E-8	2.338291E-3
6.355000E-8	2.040230E-3
6.360000E-8	1.702771E-3
6.365000E-8	1.356747E-3
6.370000E-8	1.046696E-3
6.375000E-8	7.640528E-4
6.380000E-8	5.396511E-4
6.385000E-8	4.163158E-4
6.390000E-8	3.255274E-4
6.395000E-8	1.867752E-4
6.400000E-8	4.631000E-5
6.405000E-8	-5.133043E-5
6.410000E-8	-1.695267E-4
6.415000E-8	-3.476777E-4
6.420000E-8	-5.532365E-4
6.425000E-8	-7.570823E-4
6.430000E-8	-9.951879E-4
6.435000E-8	-1.226442E-3
6.440000E-8	-1.414870E-3
6.445000E-8	-1.574178E-3
6.450000E-8	-1.738626E-3
6.455000E-8	-1.843118E-3
6.460000E-8	-1.848257E-3
6.465000E-8	-1.807145E-3
6.470000E-8	-1.750616E-3
6.475000E-8	-1.637559E-3
6.480000E-8	-1.497094E-3
6.485000E-8	-1.396028E-3
6.490000E-8	-1.327508E-3
6.495000E-8	-1.240145E-3
6.500000E-8	-1.135653E-3
6.505000E-8	-1.010605E-3
6.510000E-8	-8.512967E-4
6.515000E-8	-6.731458E-4
6.520000E-8	-4.727260E-4
6.525000E-8	-2.380463E-4
6.530000E-8	2.575412E-5
6.535000E-8	3.289533E-4
6.540000E-8	6.698383E-4
6.545000E-8	1.000445E-3
6.550000E-8	1.271098E-3
6.555000E-8	1.498925E-3
6.560000E-8	1.687354E-3
6.565000E-8	1.820968E-3
6.570000E-8	1.892913E-3
6.575000E-8	1.879209E-3
6.580000E-8	1.781569E-3
6.585000E-8	1.663373E-3
6.590000E-8	1.579436E-3
6.595000E-8	1.509203E-3
6.600000E-8	1.440684E-3
6.605000E-8	1.406424E-3
6.610000E-8	1.421841E-3
6.615000E-8	1.462953E-3
6.620000E-8	1.500638E-3
6.625000E-8	1.531472E-3
6.630000E-8	1.546889E-3
6.635000E-8	1.521194E-3
6.640000E-8	1.428693E-3
6.645000E-8	1.272811E-3
6.650000E-8	1.072391E-3
6.655000E-8	8.137295E-4
6.660000E-8	5.071043E-4
6.665000E-8	2.073311E-4
6.670000E-8	-6.503435E-5
6.675000E-8	-3.117049E-4
6.680000E-8	-5.189767E-4
6.685000E-8	-6.577289E-4
6.690000E-8	-7.416654E-4
6.695000E-8	-8.067590E-4
6.700000E-8	-8.718526E-4
6.705000E-8	-9.335203E-4
6.710000E-8	-1.020883E-3
6.715000E-8	-1.149357E-3
6.720000E-8	-1.318943E-3
6.725000E-8	-1.514224E-3
6.730000E-8	-1.731774E-3
6.735000E-8	-1.944184E-3
6.740000E-8	-2.122335E-3
6.745000E-8	-2.249097E-3
6.750000E-8	-2.309051E-3
6.755000E-8	-2.273078E-3
6.760000E-8	-2.141178E-3
6.765000E-8	-1.916776E-3
6.770000E-8	-1.586169E-3
6.775000E-8	-1.169913E-3
6.780000E-8	-7.262485E-4
6.785000E-8	-2.654542E-4
6.790000E-8	1.919141E-4
6.795000E-8	5.876148E-4
6.800000E-8	8.959530E-4
6.805000E-8	1.154615E-3
6.810000E-8	1.351608E-3
6.815000E-8	1.456101E-3
6.820000E-8	1.500638E-3
6.825000E-8	1.522907E-3
6.830000E-8	1.517768E-3
6.835000E-8	1.500638E-3
6.840000E-8	1.504064E-3
6.845000E-8	1.519481E-3
6.850000E-8	1.548602E-3
6.855000E-8	1.613696E-3
6.860000E-8	1.701058E-3
6.865000E-8	1.795273E-3
6.870000E-8	1.918608E-3
6.875000E-8	2.062499E-3
6.880000E-8	2.178982E-3
6.885000E-8	2.245789E-3
6.890000E-8	2.269771E-3
6.895000E-8	2.245789E-3
6.900000E-8	2.166992E-3
6.905000E-8	2.040230E-3
6.910000E-8	1.843236E-3
6.915000E-8	1.570871E-3
6.920000E-8	1.248829E-3
6.925000E-8	9.147959E-4
6.930000E-8	5.739109E-4
6.935000E-8	2.587208E-4
6.940000E-8	3.485252E-6
6.945000E-8	-1.986476E-4
6.950000E-8	-3.408257E-4
6.955000E-8	-4.247622E-4
6.960000E-8	-4.641610E-4
6.965000E-8	-4.830039E-4
6.970000E-8	-5.086987E-4
6.975000E-8	-5.566625E-4
6.980000E-8	-6.611549E-4
6.985000E-8	-8.204629E-4
6.990000E-8	-1.017457E-3
6.995000E-8	-1.262414E-3
7.000000E-8	-1.545058E-3
7.005000E-8	-1.844831E-3
7.010000E-8	-2.129187E-3
7.015000E-8	-2.367293E-3
7.020000E-8	-2.523175E-3
7.025000E-8	-2.617389E-3
7.030000E-8	-2.665353E-3
7.035000E-8	-2.636232E-3
7.040000E-8	-2.514610E-3
7.045000E-8	-2.346737E-3
7.050000E-8	-2.132613E-3
7.055000E-8	-1.844831E-3
7.060000E-8	-1.521076E-3
7.065000E-8	-1.209312E-3
7.070000E-8	-9.129644E-4
7.075000E-8	-6.286080E-4
7.080000E-8	-3.476777E-4
7.085000E-8	-6.503435E-5
7.090000E-8	2.039051E-4
7.095000E-8	4.283068E-4
7.100000E-8	6.098837E-4
7.105000E-8	7.760437E-4
7.110000E-8	8.856751E-4
7.115000E-8	9.370648E-4
7.120000E-8	9.576207E-4
7.125000E-8	9.541947E-4
7.130000E-8	9.370648E-4
7.135000E-8	9.507687E-4
7.140000E-8	1.012436E-3
7.145000E-8	1.104938E-3
7.150000E-8	1.235125E-3
7.155000E-8	1.420128E-3
7.160000E-8	1.610270E-3
7.165000E-8	1.771291E-3
7.170000E-8	1.891200E-3
7.175000E-8	1.954581E-3
7.180000E-8	1.956294E-3
7.185000E-8	1.918608E-3
7.190000E-8	1.851801E-3
7.195000E-8	1.725040E-3
7.200000E-8	1.538324E-3
7.205000E-8	1.310497E-3
7.210000E-8	1.067252E-3
7.215000E-8	7.863217E-4
7.220000E-8	4.505756E-4
7.225000E-8	9.256073E-5
7.230000E-8	-2.791581E-4
7.235000E-8	-6.662938E-4
7.240000E-8	-1.061995E-3
7.245000E-8	-1.420009E-3
7.250000E-8	-1.735200E-3
7.255000E-8	-2.009278E-3
7.260000E-8	-2.218263E-3
7.265000E-8	-2.357015E-3
7.270000E-8	-2.423822E-3
7.275000E-8	-2.406692E-3
7.280000E-8	-2.336459E-3
7.285000E-8	-2.226828E-3
7.290000E-8	-2.088075E-3
7.295000E-8	-1.923628E-3
7.300000E-8	-1.764320E-3
7.305000E-8	-1.611864E-3
7.310000E-8	-1.476538E-3
7.315000E-8	-1.406305E-3
7.320000E-8	-1.380611E-3
7.325000E-8	-1.370333E-3
7.330000E-8	-1.380611E-3
7.335000E-8	-1.384037E-3
7.340000E-8	-1.344638E-3
7.345000E-8	-1.276118E-3
7.350000E-8	-1.193895E-3
7.355000E-8	-1.053430E-3
7.360000E-8	-8.410188E-4
7.365000E-8	-6.012002E-4
7.370000E-8	-3.391127E-4
7.375000E-8	-3.591352E-5
7.380000E-8	2.929806E-4
7.385000E-8	6.184486E-4
7.390000E-8	9.216479E-4
7.395000E-8	1.206004E-3
7.400000E-8	1.459527E-3
7.405000E-8	1.665086E-3
7.410000E-8	1.767865E-3
7.415000E-8	1.779856E-3
7.420000E-8	1.745596E-3
7.425000E-8	1.692493E-3
7.430000E-8	1.615409E-3
7.435000E-8	1.510916E-3
7.440000E-8	1.370451E-3
7.445000E-8	1.190587E-3
7.450000E-8	1.010723E-3
7.455000E-8	8.753971E-4
7.460000E-8	7.606268E-4
7.465000E-8	6.664124E-4
7.470000E-8	6.355785E-4
7.475000E-8	6.612734E-4
7.480000E-8	6.784033E-4
7.485000E-8	6.424305E-4
7.490000E-8	5.927538E-4
7.495000E-8	5.482161E-4
7.500000E-8	4.934004E-4
7.505000E-8	4.111769E-4
7.510000E-8	3.238144E-4
7.515000E-8	2.381649E-4
7.520000E-8	1.525154E-4
7.525000E-8	4.117103E-5
7.530000E-8	-8.730322E-5
7.535000E-8	-2.140645E-4
7.540000E-8	-3.493907E-4
7.545000E-8	-5.155507E-4
7.550000E-8	-6.782848E-4
7.555000E-8	-8.136110E-4
7.560000E-8	-9.386592E-4
7.565000E-8	-1.038013E-3
7.570000E-8	-1.111671E-3
7.575000E-8	-1.207599E-3
7.580000E-8	-1.306952E-3
7.585000E-8	-1.358342E-3
7.590000E-8	-1.372046E-3
7.595000E-8	-1.399454E-3
7.600000E-8	-1.409731E-3
7.605000E-8	-1.368620E-3
7.610000E-8	-1.301813E-3
7.615000E-8	-1.212738E-3
7.620000E-8	-1.080837E-3
7.625000E-8	-9.369462E-4
7.630000E-8	-7.913421E-4
7.635000E-8	-6.063392E-4
7.640000E-8	-3.956414E-4
7.645000E-8	-2.106385E-4
7.650000E-8	-3.933950E-5
7.655000E-8	1.370985E-4
7.660000E-8	3.083975E-4
7.665000E-8	4.522886E-4
7.670000E-8	5.756239E-4
7.675000E-8	6.681254E-4
7.680000E-8	7.589138E-4
7.685000E-8	8.634062E-4
7.690000E-8	9.884545E-4
7.695000E-8	1.110077E-3
7.700000E-8	1.200865E-3
7.705000E-8	1.250542E-3
7.710000E-8	1.291654E-3
7.715000E-8	1.334478E-3
7.720000E-8	1.361886E-3
7.725000E-8	1.355034E-3
7.730000E-8	1.320775E-3
7.735000E-8	1.252255E-3
7.740000E-8	1.140911E-3
7.745000E-8	1.017575E-3
7.750000E-8	9.045180E-4
7.755000E-8	7.794697E-4
7.760000E-8	6.304396E-4
7.765000E-8	4.574276E-4
7.770000E-8	2.964065E-4
7.775000E-8	1.679323E-4
7.780000E-8	8.742176E-5
7.785000E-8	3.089309E-5
7.790000E-8	-4.105249E-5
7.795000E-8	-1.472579E-4
7.800000E-8	-2.757321E-4
7.805000E-8	-4.247622E-4
7.810000E-8	-5.960612E-4
7.815000E-8	-7.742122E-4
7.820000E-8	-9.420852E-4
7.825000E-8	-1.097967E-3
7.830000E-8	-1.238432E-3
7.835000E-8	-1.353203E-3
7.840000E-8	-1.445704E-3
7.845000E-8	-1.514224E-3
7.850000E-8	-1.533067E-3
7.855000E-8	-1.500520E-3
7.860000E-8	-1.423435E-3
7.865000E-8	-1.320656E-3
7.870000E-8	-1.233293E-3
7.875000E-8	-1.180191E-3
7.880000E-8	-1.139079E-3
7.885000E-8	-1.115097E-3
7.890000E-8	-1.104819E-3
7.895000E-8	-1.103106E-3
7.900000E-8	-1.128801E-3
7.905000E-8	-1.200747E-3
7.910000E-8	-1.265840E-3
7.915000E-8	-1.274405E-3
7.920000E-8	-1.235006E-3
7.925000E-8	-1.144218E-3
7.930000E-8	-9.780580E-4
7.935000E-8	-7.468043E-4
7.940000E-8	-4.778649E-4
7.945000E-8	-1.780917E-4
7.950000E-8	1.182556E-4
7.955000E-8	3.769171E-4
7.960000E-8	5.807629E-4
7.965000E-8	7.297930E-4
7.970000E-8	8.222945E-4
7.975000E-8	8.771101E-4
7.980000E-8	9.028050E-4
7.985000E-8	8.805361E-4
7.990000E-8	8.188685E-4
7.995000E-8	7.589138E-4
8.000000E-8	7.349320E-4
8.005000E-8	7.434969E-4
8.010000E-8	7.828957E-4
8.015000E-8	8.531283E-4
8.020000E-8	9.404908E-4
8.025000E-8	1.024427E-3
8.030000E-8	1.080956E-3
8.035000E-8	1.099799E-3
8.040000E-8	1.072391E-3
8.045000E-8	9.987324E-4
8.050000E-8	9.079439E-4
8.055000E-8	7.931736E-4
8.060000E-8	6.270136E-4
8.065000E-8	3.957600E-4
8.070000E-8	1.285335E-4
8.075000E-8	-1.506838E-4
8.080000E-8	-4.350402E-4
8.085000E-8	-7.074056E-4
8.090000E-8	-9.575021E-4
8.095000E-8	-1.188756E-3
8.100000E-8	-1.394315E-3
8.105000E-8	-1.562188E-3
8.110000E-8	-1.702653E-3
8.115000E-8	-1.812284E-3
8.120000E-8	-1.885943E-3
8.125000E-8	-1.918489E-3
8.130000E-8	-1.930480E-3
8.135000E-8	-1.944184E-3
8.140000E-8	-1.964740E-3
8.145000E-8	-1.983583E-3
8.150000E-8	-1.983583E-3
8.155000E-8	-1.932193E-3
8.160000E-8	-1.819136E-3
8.165000E-8	-1.685523E-3
8.170000E-8	-1.575891E-3
8.175000E-8	-1.449130E-3
8.180000E-8	-1.293248E-3
8.185000E-8	-1.111671E-3
8.190000E-8	-9.300943E-4
8.195000E-8	-7.570823E-4
8.200000E-8	-6.114781E-4
8.205000E-8	-4.795779E-4
8.210000E-8	-3.185569E-4
8.215000E-8	-1.438319E-4
8.220000E-8	8.624222E-6
8.225000E-8	1.525154E-4
8.230000E-8	2.981195E-4
8.235000E-8	4.402977E-4
8.240000E-8	5.619200E-4
8.245000E-8	6.629864E-4
8.250000E-8	7.229410E-4
8.255000E-8	7.349320E-4
8.260000E-8	7.195151E-4
8.265000E-8	6.715513E-4
8.270000E-8	5.824759E-4
8.275000E-8	4.728445E-4
8.280000E-8	3.563612E-4
8.285000E-8	2.381649E-4
8.290000E-8	1.319595E-4
8.295000E-8	4.459701E-5
8.300000E-8	-2.734857E-5
8.305000E-8	-8.730322E-5
8.310000E-8	-1.232760E-4
8.315000E-8	-1.404059E-4
8.320000E-8	-1.575358E-4
8.325000E-8	-1.746657E-4
8.330000E-8	-2.123515E-4
8.335000E-8	-3.065659E-4
8.340000E-8	-4.418921E-4
8.345000E-8	-5.823573E-4
8.350000E-8	-7.570823E-4
8.355000E-8	-9.900489E-4
8.360000E-8	-1.229868E-3
8.365000E-8	-1.450843E-3
8.370000E-8	-1.649550E-3
8.375000E-8	-1.815710E-3
8.380000E-8	-1.916776E-3
8.385000E-8	-1.968166E-3
8.390000E-8	-2.005852E-3
8.395000E-8	-2.009278E-3
8.400000E-8	-1.933906E-3
8.405000E-8	-1.791728E-3
8.410000E-8	-1.618716E-3
8.415000E-8	-1.433713E-3
8.420000E-8	-1.246997E-3
8.425000E-8	-1.106532E-3
8.430000E-8	-1.029448E-3
8.435000E-8	-9.917619E-4
8.440000E-8	-9.729190E-4
8.445000E-8	-9.951879E-4
8.450000E-8	-1.051717E-3
8.455000E-8	-1.111671E-3
8.460000E-8	-1.157922E-3
8.465000E-8	-1.204173E-3
8.470000E-8	-1.243571E-3
8.475000E-8	-1.260701E-3
8.480000E-8	-1.233293E-3
8.485000E-8	-1.173339E-3
8.490000E-8	-1.109958E-3
8.495000E-8	-1.060282E-3
8.500000E-8	-1.003753E-3
8.505000E-8	-9.437982E-4
8.510000E-8	-9.078254E-4
8.515000E-8	-9.043994E-4
8.520000E-8	-9.129644E-4
8.525000E-8	-9.335203E-4
8.530000E-8	-9.609281E-4
8.535000E-8	-9.797710E-4
8.540000E-8	-9.523631E-4
8.545000E-8	-8.889825E-4
8.550000E-8	-8.136110E-4
8.555000E-8	-7.313874E-4
8.560000E-8	-6.114781E-4
8.565000E-8	-4.744389E-4
8.570000E-8	-3.699466E-4
8.575000E-8	-3.082789E-4
8.580000E-8	-2.808711E-4
8.585000E-8	-2.654542E-4
8.590000E-8	-2.860101E-4
8.595000E-8	-3.459647E-4
8.600000E-8	-4.179103E-4
8.605000E-8	-4.624480E-4
8.610000E-8	-5.155507E-4
8.615000E-8	-5.943482E-4
8.620000E-8	-6.714328E-4
8.625000E-8	-7.382394E-4
8.630000E-8	-8.016200E-4
8.635000E-8	-8.701396E-4
8.640000E-8	-9.403722E-4
8.645000E-8	-9.986139E-4
8.650000E-8	-1.051717E-3
8.655000E-8	-1.108245E-3
8.660000E-8	-1.188756E-3
8.665000E-8	-1.272692E-3
8.670000E-8	-1.301813E-3
8.675000E-8	-1.284683E-3
8.680000E-8	-1.260701E-3
8.685000E-8	-1.236719E-3
8.690000E-8	-1.207599E-3
8.695000E-8	-1.168200E-3
8.700000E-8	-1.111671E-3
8.705000E-8	-1.055143E-3
8.710000E-8	-9.969009E-4
8.715000E-8	-9.335203E-4
8.720000E-8	-8.787046E-4
8.725000E-8	-8.650007E-4
8.730000E-8	-8.924085E-4
8.735000E-8	-9.437982E-4
8.740000E-8	-1.020883E-3
8.745000E-8	-1.103106E-3
8.750000E-8	-1.145931E-3
8.755000E-8	-1.164774E-3
8.760000E-8	-1.171626E-3
8.765000E-8	-1.156209E-3
8.770000E-8	-1.094541E-3
8.775000E-8	-9.866229E-4
8.780000E-8	-8.273149E-4
8.785000E-8	-6.303210E-4
8.790000E-8	-4.213363E-4
8.795000E-8	-2.243424E-4
8.800000E-8	-4.961744E-5
8.805000E-8	9.598671E-5
8.810000E-8	2.227480E-4
8.815000E-8	2.844156E-4
8.820000E-8	2.467298E-4
8.825000E-8	1.473764E-4
8.830000E-8	4.973598E-5
8.835000E-8	-4.961744E-5
8.840000E-8	-1.489709E-4
8.845000E-8	-2.243424E-4
8.850000E-8	-2.620282E-4
8.855000E-8	-2.774451E-4
8.860000E-8	-2.654542E-4
8.865000E-8	-2.448983E-4
8.870000E-8	-2.243424E-4
8.875000E-8	-1.746657E-4
8.880000E-8	-1.010071E-4
8.885000E-8	-5.818239E-5
8.890000E-8	-4.619146E-5
8.895000E-8	-3.591352E-5
8.900000E-8	-6.503435E-5
8.905000E-8	-1.729527E-4
8.910000E-8	-3.134179E-4
8.915000E-8	-4.401791E-4
8.920000E-8	-5.429585E-4
8.925000E-8	-6.440250E-4
8.930000E-8	-7.416654E-4
8.935000E-8	-8.324538E-4
8.940000E-8	-8.992605E-4
8.945000E-8	-9.335203E-4
8.950000E-8	-9.609281E-4
8.955000E-8	-9.849100E-4
8.960000E-8	-9.814840E-4
8.965000E-8	-9.660671E-4
8.970000E-8	-9.969009E-4
8.975000E-8	-1.060282E-3
8.980000E-8	-1.094541E-3
8.985000E-8	-1.113384E-3
8.990000E-8	-1.185330E-3
8.995000E-8	-1.272692E-3
9.000000E-8	-1.318943E-3
9.005000E-8	-1.353203E-3
9.010000E-8	-1.406305E-3
9.015000E-8	-1.437139E-3
9.020000E-8	-1.402880E-3
9.025000E-8	-1.317230E-3
9.030000E-8	-1.187043E-3
9.035000E-8	-1.026022E-3
9.040000E-8	-8.838435E-4
9.045000E-8	-7.690732E-4
9.050000E-8	-6.714328E-4
9.055000E-8	-5.909223E-4
9.060000E-8	-5.412456E-4
9.065000E-8	-5.343936E-4
9.070000E-8	-5.532365E-4
9.075000E-8	-5.720794E-4
9.080000E-8	-5.772183E-4
9.085000E-8	-5.686534E-4
9.090000E-8	-5.309676E-4
9.095000E-8	-4.590220E-4
9.100000E-8	-3.939284E-4
9.105000E-8	-3.493907E-4
9.110000E-8	-3.219828E-4
9.115000E-8	-3.134179E-4
9.120000E-8	-3.545296E-4
9.125000E-8	-4.247622E-4
9.130000E-8	-4.915688E-4
9.135000E-8	-5.686534E-4
9.140000E-8	-6.765718E-4
9.145000E-8	-7.947681E-4
9.150000E-8	-8.855565E-4
9.155000E-8	-9.403722E-4
9.160000E-8	-9.763450E-4
9.165000E-8	-1.008892E-3
9.170000E-8	-1.039726E-3
9.175000E-8	-1.084263E-3
9.180000E-8	-1.149357E-3
9.185000E-8	-1.226442E-3
9.190000E-8	-1.306952E-3
9.195000E-8	-1.401167E-3
9.200000E-8	-1.536493E-3
9.205000E-8	-1.683810E-3
9.210000E-8	-1.790015E-3
9.215000E-8	-1.858535E-3
9.220000E-8	-1.918489E-3
9.225000E-8	-1.959601E-3
9.230000E-8	-1.956175E-3
9.235000E-8	-1.906499E-3
9.240000E-8	-1.832840E-3
9.245000E-8	-1.762607E-3
9.250000E-8	-1.699227E-3
9.255000E-8	-1.635846E-3
9.260000E-8	-1.569040E-3
9.265000E-8	-1.512511E-3
9.270000E-8	-1.473112E-3
9.275000E-8	-1.443991E-3
9.280000E-8	-1.392602E-3
9.285000E-8	-1.306952E-3
9.290000E-8	-1.214451E-3
9.295000E-8	-1.161348E-3
9.300000E-8	-1.133940E-3
9.305000E-8	-1.115097E-3
9.310000E-8	-1.130514E-3
9.315000E-8	-1.205886E-3
9.320000E-8	-1.274405E-3
9.325000E-8	-1.312091E-3
9.330000E-8	-1.354916E-3
9.335000E-8	-1.421722E-3
9.340000E-8	-1.454269E-3
9.345000E-8	-1.459408E-3
9.350000E-8	-1.491955E-3
9.355000E-8	-1.551910E-3
9.360000E-8	-1.581030E-3
9.365000E-8	-1.555336E-3
9.370000E-8	-1.486816E-3
9.375000E-8	-1.396028E-3
9.380000E-8	-1.293248E-3
9.385000E-8	-1.188756E-3
9.390000E-8	-1.082550E-3
9.395000E-8	-9.917619E-4
9.400000E-8	-9.181033E-4
9.405000E-8	-8.393058E-4
9.410000E-8	-7.656472E-4
9.415000E-8	-7.039796E-4
9.420000E-8	-6.680068E-4
9.425000E-8	-6.782848E-4
9.430000E-8	-7.468043E-4
9.435000E-8	-8.581487E-4
9.440000E-8	-9.883359E-4
9.445000E-8	-1.118523E-3
9.450000E-8	-1.219590E-3
9.455000E-8	-1.284683E-3
9.460000E-8	-1.337786E-3
9.465000E-8	-1.389176E-3
9.470000E-8	-1.433713E-3
9.475000E-8	-1.476538E-3
9.480000E-8	-1.503946E-3
9.485000E-8	-1.483390E-3
9.490000E-8	-1.435426E-3
9.495000E-8	-1.396028E-3
9.500000E-8	-1.353203E-3
9.505000E-8	-1.294961E-3
9.510000E-8	-1.257275E-3
9.515000E-8	-1.241858E-3
9.520000E-8	-1.211025E-3
9.525000E-8	-1.164774E-3
9.530000E-8	-1.144218E-3
9.535000E-8	-1.152783E-3
9.540000E-8	-1.152783E-3
9.545000E-8	-1.147644E-3
9.550000E-8	-1.142505E-3
9.555000E-8	-1.118523E-3
9.560000E-8	-1.092828E-3
9.565000E-8	-1.103106E-3
9.570000E-8	-1.169913E-3
9.575000E-8	-1.262414E-3
9.580000E-8	-1.390889E-3
9.585000E-8	-1.543345E-3
9.590000E-8	-1.694088E-3
9.595000E-8	-1.820849E-3
9.600000E-8	-1.930480E-3
9.605000E-8	-2.029834E-3
9.610000E-8	-2.100066E-3
9.615000E-8	-2.118909E-3
9.620000E-8	-2.070946E-3
9.625000E-8	-1.993861E-3
9.630000E-8	-1.903073E-3
9.635000E-8	-1.781450E-3
9.640000E-8	-1.623855E-3
9.645000E-8	-1.493668E-3
9.650000E-8	-1.382324E-3
9.655000E-8	-1.269266E-3
9.660000E-8	-1.190469E-3
9.665000E-8	-1.175052E-3
9.670000E-8	-1.176765E-3
9.675000E-8	-1.164774E-3
9.680000E-8	-1.176765E-3
9.685000E-8	-1.188756E-3
9.690000E-8	-1.163061E-3
9.695000E-8	-1.109958E-3
9.700000E-8	-1.043152E-3
9.705000E-8	-9.386592E-4
9.710000E-8	-8.221759E-4
9.715000E-8	-7.313874E-4
9.720000E-8	-6.560159E-4
9.725000E-8	-5.994872E-4
9.730000E-8	-5.857833E-4
9.735000E-8	-5.960612E-4
9.740000E-8	-6.097652E-4
9.745000E-8	-6.320340E-4
9.750000E-8	-6.680068E-4
9.755000E-8	-6.971276E-4
9.760000E-8	-7.022666E-4
9.765000E-8	-6.902757E-4
9.770000E-8	-6.611549E-4
9.775000E-8	-6.149041E-4
9.780000E-8	-5.429585E-4
9.785000E-8	-4.504571E-4
9.790000E-8	-3.648076E-4
9.795000E-8	-3.151309E-4
9.800000E-8	-2.894360E-4
9.805000E-8	-2.705931E-4
9.810000E-8	-2.688802E-4
9.815000E-8	-3.168439E-4
9.820000E-8	-4.487441E-4
9.825000E-8	-6.474509E-4
9.830000E-8	-8.427318E-4
9.835000E-8	-1.029448E-3
9.840000E-8	-1.226442E-3
9.845000E-8	-1.396028E-3
9.850000E-8	-1.498807E-3
9.855000E-8	-1.536493E-3
9.860000E-8	-1.524502E-3
9.865000E-8	-1.462834E-3
9.870000E-8	-1.373759E-3
9.875000E-8	-1.284683E-3
9.880000E-8	-1.211025E-3
9.885000E-8	-1.171626E-3
9.890000E-8	-1.166487E-3
9.895000E-8	-1.178478E-3
9.900000E-8	-1.192182E-3
9.905000E-8	-1.217877E-3
9.910000E-8	-1.264127E-3
9.915000E-8	-1.305239E-3
9.920000E-8	-1.303526E-3
9.925000E-8	-1.264127E-3
9.930000E-8	-1.209312E-3
9.935000E-8	-1.144218E-3
9.940000E-8	-1.060282E-3
9.945000E-8	-9.609281E-4
9.950000E-8	-8.581487E-4
9.955000E-8	-7.519433E-4
9.960000E-8	-6.388860E-4
9.965000E-8	-5.292546E-4
9.970000E-8	-4.316142E-4
9.975000E-8	-3.493907E-4
9.980000E-8	-2.774451E-4
9.985000E-8	-2.157775E-4
9.990000E-8	-1.626748E-4
9.995000E-8	-1.352669E-4
1.000000E-7	-1.523968E-4
1.000500E-7	-2.072125E-4
1.001000E-7	-2.568892E-4
1.001500E-7	-2.945750E-4
1.002000E-7	-3.391127E-4
1.002500E-7	-3.819375E-4
1.003000E-7	-4.007804E-4
1.003500E-7	-4.333272E-4
1.004000E-7	-5.104117E-4
1.004500E-7	-6.166171E-4
1.005000E-7	-7.091186E-4
1.005500E-7	-8.136110E-4
1.006000E-7	-9.420852E-4
1.006500E-7	-1.067133E-3
1.007000E-7	-1.187043E-3
1.007500E-7	-1.329221E-3
1.008000E-7	-1.488529E-3
1.008500E-7	-1.659828E-3
1.009000E-7	-1.841405E-3
1.009500E-7	-2.007565E-3
1.010000E-7	-2.141178E-3
1.010500E-7	-2.245671E-3
1.011000E-7	-2.321042E-3
1.011500E-7	-2.358728E-3
1.012000E-7	-2.348450E-3
1.012500E-7	-2.305625E-3
1.013000E-7	-2.249097E-3
1.013500E-7	-2.187429E-3
1.014000E-7	-2.100066E-3
1.014500E-7	-2.004139E-3
1.015000E-7	-1.937332E-3
1.015500E-7	-1.921915E-3
1.016000E-7	-1.911638E-3
1.016500E-7	-1.892795E-3
1.017000E-7	-1.868813E-3
1.017500E-7	-1.839692E-3
1.018000E-7	-1.793441E-3
1.018500E-7	-1.730061E-3
1.019000E-7	-1.647837E-3
1.019500E-7	-1.541632E-3
1.020000E-7	-1.425148E-3
1.020500E-7	-1.288109E-3
1.021000E-7	-1.116810E-3
1.021500E-7	-9.318073E-4
1.022000E-7	-7.622213E-4
1.022500E-7	-6.149041E-4
1.023000E-7	-5.069858E-4
1.023500E-7	-4.401791E-4
1.024000E-7	-3.956414E-4
1.024500E-7	-3.545296E-4
1.025000E-7	-3.356868E-4
1.025500E-7	-3.425387E-4
1.026000E-7	-3.699466E-4
1.026500E-7	-3.939284E-4
1.027000E-7	-4.093453E-4
1.027500E-7	-4.161973E-4
1.028000E-7	-4.299012E-4
1.028500E-7	-4.436051E-4
1.029000E-7	-4.710130E-4
1.029500E-7	-5.121247E-4
1.030000E-7	-5.395326E-4
1.030500E-7	-5.480975E-4
1.031000E-7	-5.737924E-4
1.031500E-7	-6.234691E-4
1.032000E-7	-6.902757E-4
1.032500E-7	-7.707862E-4
1.033000E-7	-8.358798E-4
1.033500E-7	-8.410188E-4
1.034000E-7	-8.067590E-4
1.034500E-7	-7.656472E-4
1.035000E-7	-7.159705E-4
1.035500E-7	-6.628678E-4
1.036000E-7	-6.354600E-4
1.036500E-7	-6.217561E-4
1.037000E-7	-5.840703E-4
1.037500E-7	-5.480975E-4
1.038000E-7	-5.600884E-4
1.038500E-7	-5.892093E-4
1.039000E-7	-6.012002E-4
1.039500E-7	-6.268951E-4
1.040000E-7	-6.611549E-4
1.040500E-7	-6.782848E-4
1.041000E-7	-6.714328E-4
1.041500E-7	-6.902757E-4
1.042000E-7	-7.416654E-4
1.042500E-7	-8.050460E-4
1.043000E-7	-8.769916E-4
1.043500E-7	-9.455112E-4
1.044000E-7	-1.007179E-3
1.044500E-7	-1.060282E-3
1.045000E-7	-1.082550E-3
1.045500E-7	-1.068846E-3
1.046000E-7	-1.055143E-3
1.046500E-7	-1.036300E-3
1.047000E-7	-9.763450E-4
1.047500E-7	-8.701396E-4
1.048000E-7	-7.433784E-4
1.048500E-7	-6.080522E-4
1.049000E-7	-4.847169E-4
1.049500E-7	-4.144843E-4
1.050000E-7	-3.648076E-4
1.050500E-7	-3.082789E-4
1.051000E-7	-2.825841E-4
1.051500E-7	-3.134179E-4
1.052000E-7	-3.596686E-4
1.052500E-7	-4.161973E-4
1.053000E-7	-5.121247E-4
1.053500E-7	-6.303210E-4
1.054000E-7	-7.502303E-4
1.054500E-7	-8.804176E-4
1.055000E-7	-1.003753E-3
1.055500E-7	-1.104819E-3
1.056000E-7	-1.214451E-3
1.056500E-7	-1.327508E-3
1.057000E-7	-1.420009E-3
1.057500E-7	-1.486816E-3
1.058000E-7	-1.522789E-3
1.058500E-7	-1.485103E-3
1.059000E-7	-1.394315E-3
1.059500E-7	-1.303526E-3
1.060000E-7	-1.199034E-3
1.060500E-7	-1.044865E-3
1.061000E-7	-8.718526E-4
1.061500E-7	-7.519433E-4
1.062000E-7	-6.851367E-4
1.062500E-7	-6.149041E-4
1.063000E-7	-5.275416E-4
1.063500E-7	-4.521701E-4
1.064000E-7	-4.161973E-4
1.064500E-7	-4.144843E-4
1.065000E-7	-4.521701E-4
1.065500E-7	-5.224027E-4
1.066000E-7	-5.943482E-4
1.066500E-7	-6.628678E-4
1.067000E-7	-7.622213E-4
1.067500E-7	-8.787046E-4
1.068000E-7	-9.712060E-4
1.068500E-7	-1.084263E-3
1.069000E-7	-1.265840E-3
1.069500E-7	-1.481677E-3
1.070000E-7	-1.644411E-3
1.070500E-7	-1.760894E-3
1.071000E-7	-1.870526E-3
1.071500E-7	-1.954462E-3
1.072000E-7	-1.975018E-3
1.072500E-7	-1.925341E-3
1.073000E-7	-1.839692E-3
1.073500E-7	-1.759181E-3
1.074000E-7	-1.683810E-3
1.074500E-7	-1.582743E-3
1.075000E-7	-1.466260E-3
1.075500E-7	-1.358342E-3
1.076000E-7	-1.240145E-3
1.076500E-7	-1.123662E-3
1.077000E-7	-1.024309E-3
1.077500E-7	-9.352332E-4
1.078000E-7	-8.238889E-4
1.078500E-7	-7.108316E-4
1.079000E-7	-6.046262E-4
1.079500E-7	-4.881429E-4
1.080000E-7	-3.733725E-4
1.080500E-7	-2.808711E-4
1.081000E-7	-2.072125E-4
1.081500E-7	-1.455449E-4
1.082000E-7	-1.352669E-4
1.082500E-7	-1.883696E-4
1.083000E-7	-2.637412E-4
1.083500E-7	-3.630946E-4
1.084000E-7	-4.898559E-4
1.084500E-7	-6.012002E-4
1.085000E-7	-6.662938E-4
1.085500E-7	-7.125445E-4
1.086000E-7	-7.587953E-4
1.086500E-7	-7.844901E-4
1.087000E-7	-7.999070E-4
1.087500E-7	-8.375928E-4
1.088000E-7	-8.838435E-4
1.088500E-7	-9.369462E-4
1.089000E-7	-9.866229E-4
1.089500E-7	-1.026022E-3
1.090000E-7	-1.060282E-3
1.090500E-7	-1.116810E-3
1.091000E-7	-1.173339E-3
1.091500E-7	-1.195608E-3
1.092000E-7	-1.204173E-3
1.092500E-7	-1.207599E-3
1.093000E-7	-1.193895E-3
1.093500E-7	-1.161348E-3
1.094000E-7	-1.145931E-3
1.094500E-7	-1.175052E-3
1.095000E-7	-1.262414E-3
1.095500E-7	-1.397741E-3
1.096000E-7	-1.539919E-3
1.096500E-7	-1.673532E-3
1.097000E-7	-1.795154E-3
1.097500E-7	-1.884230E-3
1.098000E-7	-1.933906E-3
1.098500E-7	-1.976731E-3
1.099000E-7	-2.017843E-3
1.099500E-7	-2.005852E-3
1.100000E-7	-1.909925E-3
1.100500E-7	-1.762607E-3
1.101000E-7	-1.589595E-3
1.101500E-7	-1.416583E-3
1.102000E-7	-1.265840E-3
1.102500E-7	-1.154496E-3
1.103000E-7	-1.070559E-3
1.103500E-7	-1.020883E-3
1.104000E-7	-1.003753E-3
1.104500E-7	-1.044865E-3
1.105000E-7	-1.133940E-3
1.105500E-7	-1.243571E-3
1.106000E-7	-1.342925E-3
1.106500E-7	-1.430287E-3
1.107000E-7	-1.524502E-3
1.107500E-7	-1.606725E-3
1.108000E-7	-1.642698E-3
1.108500E-7	-1.627281E-3
1.109000E-7	-1.593021E-3
1.109500E-7	-1.565614E-3
1.110000E-7	-1.524502E-3
1.110500E-7	-1.447417E-3
1.111000E-7	-1.344638E-3
1.111500E-7	-1.253849E-3
1.112000E-7	-1.180191E-3
1.112500E-7	-1.096254E-3
1.113000E-7	-1.005466E-3
1.113500E-7	-9.318073E-4
1.114000E-7	-8.667136E-4
1.114500E-7	-7.844901E-4
1.115000E-7	-7.022666E-4
1.115500E-7	-6.508769E-4
1.116000E-7	-6.097652E-4
1.116500E-7	-5.874963E-4
1.117000E-7	-6.012002E-4
1.117500E-7	-6.731458E-4
1.118000E-7	-7.570823E-4
1.118500E-7	-8.444448E-4
1.119000E-7	-9.352332E-4
1.119500E-7	-1.014031E-3
1.120000E-7	-1.079124E-3
1.120500E-7	-1.125375E-3
1.121000E-7	-1.132227E-3
1.121500E-7	-1.113384E-3
1.122000E-7	-1.091115E-3
1.122500E-7	-1.070559E-3
1.123000E-7	-1.053430E-3
1.123500E-7	-1.077411E-3
1.124000E-7	-1.145931E-3
1.124500E-7	-1.228155E-3
1.125000E-7	-1.325795E-3
1.125500E-7	-1.443991E-3
1.126000E-7	-1.563901E-3
1.126500E-7	-1.673532E-3
1.127000E-7	-1.772885E-3
1.127500E-7	-1.822562E-3
1.128000E-7	-1.802006E-3
1.128500E-7	-1.733487E-3
1.129000E-7	-1.635846E-3
1.129500E-7	-1.491955E-3
1.130000E-7	-1.291535E-3
1.130500E-7	-1.075698E-3
1.131000E-7	-8.752786E-4
1.131500E-7	-7.091186E-4
1.132000E-7	-5.737924E-4
1.132500E-7	-4.881429E-4
1.133000E-7	-4.693000E-4
1.133500E-7	-5.035598E-4
1.134000E-7	-5.429585E-4
1.134500E-7	-5.977742E-4
1.135000E-7	-6.851367E-4
1.135500E-7	-7.724992E-4
1.136000E-7	-8.393058E-4
1.136500E-7	-9.026864E-4
1.137000E-7	-9.609281E-4
1.137500E-7	-9.729190E-4
1.138000E-7	-9.523631E-4
1.138500E-7	-9.472242E-4
1.139000E-7	-9.540761E-4
1.139500E-7	-9.420852E-4
1.140000E-7	-9.009734E-4
1.140500E-7	-8.632877E-4
1.141000E-7	-8.393058E-4
1.141500E-7	-7.947681E-4
1.142000E-7	-7.416654E-4
1.142500E-7	-7.262485E-4
1.143000E-7	-7.348134E-4
1.143500E-7	-7.262485E-4
1.144000E-7	-6.988406E-4
1.144500E-7	-6.594419E-4
1.145000E-7	-6.286080E-4
1.145500E-7	-6.200431E-4
1.146000E-7	-6.149041E-4
1.146500E-7	-5.977742E-4
1.147000E-7	-5.652274E-4
1.147500E-7	-5.138377E-4
1.148000E-7	-4.299012E-4
1.148500E-7	-3.511037E-4
1.149000E-7	-3.031399E-4
1.149500E-7	-2.894360E-4
1.150000E-7	-3.288348E-4
1.150500E-7	-4.333272E-4
1.151000E-7	-5.737924E-4
1.151500E-7	-7.262485E-4
1.152000E-7	-9.009734E-4
1.152500E-7	-1.065420E-3
1.153000E-7	-1.200747E-3
1.153500E-7	-1.348064E-3
1.154000E-7	-1.476538E-3
1.154500E-7	-1.512511E-3
1.155000E-7	-1.493668E-3
1.155500E-7	-1.466260E-3
1.156000E-7	-1.406305E-3
1.156500E-7	-1.312091E-3
1.157000E-7	-1.229868E-3
1.157500E-7	-1.157922E-3
1.158000E-7	-1.079124E-3
1.158500E-7	-9.900489E-4
1.159000E-7	-9.009734E-4
1.159500E-7	-8.273149E-4
1.160000E-7	-7.690732E-4
1.160500E-7	-6.954146E-4
1.161000E-7	-6.200431E-4
1.161500E-7	-5.943482E-4
1.162000E-7	-5.874963E-4
1.162500E-7	-5.583755E-4
1.163000E-7	-5.737924E-4
1.163500E-7	-6.697198E-4
1.164000E-7	-7.742122E-4
1.164500E-7	-8.375928E-4
1.165000E-7	-9.095384E-4
1.165500E-7	-1.015744E-3
1.166000E-7	-1.127088E-3
1.166500E-7	-1.216164E-3
1.167000E-7	-1.281257E-3
1.167500E-7	-1.330934E-3
1.168000E-7	-1.372046E-3
1.168500E-7	-1.392602E-3
1.169000E-7	-1.385750E-3
1.169500E-7	-1.354916E-3
1.170000E-7	-1.322369E-3
1.170500E-7	-1.293248E-3
1.171000E-7	-1.264127E-3
1.171500E-7	-1.221303E-3
1.172000E-7	-1.140792E-3
1.172500E-7	-1.015744E-3
1.173000E-7	-8.598617E-4
1.173500E-7	-6.834237E-4
1.174000E-7	-4.727260E-4
1.174500E-7	-2.671672E-4
1.175000E-7	-1.215630E-4
1.175500E-7	-4.961744E-5
1.176000E-7	1.772262E-6
1.176500E-7	8.624222E-6
1.177000E-7	-7.531229E-5
1.177500E-7	-2.380463E-4
1.178000E-7	-4.281882E-4
1.178500E-7	-6.303210E-4
1.179000E-7	-8.701396E-4
1.179500E-7	-1.135653E-3
1.180000E-7	-1.402880E-3
1.180500E-7	-1.651263E-3
1.181000E-7	-1.872239E-3
1.181500E-7	-2.055529E-3
1.182000E-7	-2.180577E-3
1.182500E-7	-2.259374E-3
1.183000E-7	-2.314190E-3
1.183500E-7	-2.327894E-3
1.184000E-7	-2.288495E-3
1.184500E-7	-2.237106E-3
1.185000E-7	-2.178864E-3
1.185500E-7	-2.058955E-3
1.186000E-7	-1.887656E-3
1.186500E-7	-1.704366E-3
1.187000E-7	-1.515937E-3
1.187500E-7	-1.322369E-3
1.188000E-7	-1.139079E-3
1.188500E-7	-9.506502E-4
1.189000E-7	-7.742122E-4
1.189500E-7	-6.594419E-4
1.190000E-7	-6.114781E-4
1.190500E-7	-5.840703E-4
1.191000E-7	-5.652274E-4
1.191500E-7	-5.960612E-4
1.192000E-7	-6.851367E-4
1.192500E-7	-7.844901E-4
1.193000E-7	-8.615747E-4
1.193500E-7	-9.146774E-4
1.194000E-7	-9.592151E-4
1.194500E-7	-9.746320E-4
1.195000E-7	-9.318073E-4
1.195500E-7	-8.324538E-4
1.196000E-7	-7.056926E-4
1.196500E-7	-5.857833E-4
1.197000E-7	-4.847169E-4
1.197500E-7	-4.007804E-4
1.198000E-7	-3.373997E-4
1.198500E-7	-3.373997E-4
1.199000E-7	-4.024934E-4
1.199500E-7	-4.915688E-4
1.200000E-7	-5.960612E-4
1.200500E-7	-7.382394E-4
1.201000E-7	-8.975475E-4
1.201500E-7	-1.019170E-3
1.202000E-7	-1.113384E-3
1.202500E-7	-1.217877E-3
1.203000E-7	-1.324082E-3
1.203500E-7	-1.399454E-3
1.204000E-7	-1.438852E-3
1.204500E-7	-1.443991E-3
1.205000E-7	-1.402880E-3
1.205500E-7	-1.318943E-3
1.206000E-7	-1.223016E-3
1.206500E-7	-1.149357E-3
1.207000E-7	-1.120236E-3
1.207500E-7	-1.133940E-3
1.208000E-7	-1.164774E-3
1.208500E-7	-1.200747E-3
1.209000E-7	-1.235006E-3
1.209500E-7	-1.301813E-3
1.210000E-7	-1.408018E-3
1.210500E-7	-1.524502E-3
1.211000E-7	-1.625568E-3
1.211500E-7	-1.676958E-3
1.212000E-7	-1.700940E-3
1.212500E-7	-1.712931E-3
1.213000E-7	-1.690662E-3
1.213500E-7	-1.603299E-3
1.214000E-7	-1.454269E-3
1.214500E-7	-1.281257E-3
1.215000E-7	-1.103106E-3
1.215500E-7	-9.420852E-4
1.216000E-7	-8.238889E-4
1.216500E-7	-7.365264E-4
1.217000E-7	-6.645808E-4
1.217500E-7	-6.234691E-4
1.218000E-7	-6.251821E-4
1.218500E-7	-6.354600E-4
1.219000E-7	-6.543029E-4
1.219500E-7	-6.817107E-4
1.220000E-7	-6.988406E-4
1.220500E-7	-6.817107E-4
1.221000E-7	-6.371730E-4
1.221500E-7	-5.789313E-4
1.222000E-7	-5.172637E-4
1.222500E-7	-4.607350E-4
1.223000E-7	-4.144843E-4
1.223500E-7	-3.836505E-4
1.224000E-7	-3.956414E-4
1.224500E-7	-4.418921E-4
1.225000E-7	-4.949948E-4
1.225500E-7	-5.515235E-4
1.226000E-7	-6.183301E-4
1.226500E-7	-7.022666E-4
1.227000E-7	-7.776382E-4
1.227500E-7	-8.307409E-4
1.228000E-7	-8.495837E-4
1.228500E-7	-8.375928E-4
1.229000E-7	-7.879161E-4
1.229500E-7	-7.125445E-4
1.230000E-7	-6.251821E-4
1.230500E-7	-5.326806E-4
1.231000E-7	-4.573090E-4
1.231500E-7	-4.161973E-4
1.232000E-7	-4.093453E-4
1.232500E-7	-4.161973E-4
1.233000E-7	-4.299012E-4
1.233500E-7	-4.573090E-4
1.234000E-7	-5.069858E-4
1.234500E-7	-5.703664E-4
1.235000E-7	-6.508769E-4
1.235500E-7	-7.193965E-4
1.236000E-7	-7.553693E-4
1.236500E-7	-7.519433E-4
1.237000E-7	-7.108316E-4
1.237500E-7	-6.286080E-4
1.238000E-7	-4.949948E-4
1.238500E-7	-3.185569E-4
1.239000E-7	-1.386929E-4
1.239500E-7	2.061515E-5
1.240000E-7	1.593673E-4
1.240500E-7	2.484428E-4
1.241000E-7	2.621467E-4
1.241500E-7	2.158960E-4
1.242000E-7	1.405244E-4
1.242500E-7	2.918010E-5
1.243000E-7	-1.181370E-4
1.243500E-7	-2.620282E-4
1.244000E-7	-3.870765E-4
1.244500E-7	-5.035598E-4
1.245000E-7	-5.909223E-4
1.245500E-7	-6.405990E-4
1.246000E-7	-6.594419E-4
1.246500E-7	-6.508769E-4
1.247000E-7	-6.234691E-4
1.247500E-7	-5.840703E-4
1.248000E-7	-5.309676E-4
1.248500E-7	-4.778649E-4
1.249000E-7	-4.693000E-4
1.249500E-7	-5.121247E-4
1.250000E-7	-5.892093E-4
1.250500E-7	-7.176835E-4
1.251000E-7	-8.735656E-4
1.251500E-7	-1.019170E-3
1.252000E-7	-1.123662E-3
1.252500E-7	-1.195608E-3
1.253000E-7	-1.236719E-3
1.253500E-7	-1.240145E-3
1.254000E-7	-1.192182E-3
1.254500E-7	-1.096254E-3
1.255000E-7	-9.866229E-4
1.255500E-7	-9.009734E-4
1.256000E-7	-8.221759E-4
1.256500E-7	-7.605083E-4
1.257000E-7	-7.450914E-4
1.257500E-7	-7.742122E-4
1.258000E-7	-8.307409E-4
1.258500E-7	-9.232423E-4
1.259000E-7	-1.043152E-3
1.259500E-7	-1.151070E-3
1.260000E-7	-1.236719E-3
1.260500E-7	-1.300100E-3
1.261000E-7	-1.327508E-3
1.261500E-7	-1.301813E-3
1.262000E-7	-1.231581E-3
1.262500E-7	-1.142505E-3
1.263000E-7	-1.031161E-3
1.263500E-7	-8.889825E-4
1.264000E-7	-7.313874E-4
1.264500E-7	-5.960612E-4
1.265000E-7	-5.018468E-4
1.265500E-7	-4.281882E-4
1.266000E-7	-3.716595E-4
1.266500E-7	-3.339738E-4
1.267000E-7	-3.117049E-4
1.267500E-7	-3.065659E-4
1.268000E-7	-3.254088E-4
1.268500E-7	-3.596686E-4
1.269000E-7	-4.007804E-4
1.269500E-7	-4.316142E-4
1.270000E-7	-4.761519E-4
1.270500E-7	-5.463845E-4
1.271000E-7	-6.251821E-4
1.271500E-7	-7.091186E-4
1.272000E-7	-8.118980E-4
1.272500E-7	-9.215293E-4
1.273000E-7	-9.814840E-4
1.273500E-7	-9.866229E-4
1.274000E-7	-9.797710E-4
1.274500E-7	-9.746320E-4
1.275000E-7	-9.609281E-4
1.275500E-7	-9.386592E-4
1.276000E-7	-8.769916E-4
1.276500E-7	-7.742122E-4
1.277000E-7	-6.714328E-4
1.277500E-7	-5.909223E-4
1.278000E-7	-5.121247E-4
1.278500E-7	-4.470311E-4
1.279000E-7	-4.076323E-4
1.279500E-7	-3.939284E-4
1.280000E-7	-4.264752E-4
1.280500E-7	-5.258286E-4
1.281000E-7	-6.799977E-4
1.281500E-7	-8.393058E-4
1.282000E-7	-1.000327E-3
1.282500E-7	-1.161348E-3
1.283000E-7	-1.305239E-3
1.283500E-7	-1.385750E-3
1.284000E-7	-1.387463E-3
1.284500E-7	-1.336073E-3
1.285000E-7	-1.238432E-3
1.285500E-7	-1.099680E-3
1.286000E-7	-9.232423E-4
1.286500E-7	-7.228225E-4
1.287000E-7	-5.172637E-4
1.287500E-7	-3.271218E-4
1.288000E-7	-1.917956E-4
1.288500E-7	-1.284150E-4
1.289000E-7	-1.352669E-4
1.289500E-7	-2.209164E-4
1.290000E-7	-3.887894E-4
1.290500E-7	-5.874963E-4
1.291000E-7	-7.587953E-4
1.291500E-7	-9.112514E-4
1.292000E-7	-1.053430E-3
1.292500E-7	-1.139079E-3
1.293000E-7	-1.140792E-3
1.293500E-7	-1.103106E-3
1.294000E-7	-1.070559E-3
1.294500E-7	-1.034587E-3
1.295000E-7	-1.000327E-3
1.295500E-7	-9.849100E-4
1.296000E-7	-9.986139E-4
1.296500E-7	-1.008892E-3
1.297000E-7	-9.883359E-4
1.297500E-7	-9.489372E-4
1.298000E-7	-9.181033E-4
1.298500E-7	-8.906955E-4
1.299000E-7	-8.238889E-4
1.299500E-7	-7.125445E-4
1.300000E-7	-5.909223E-4
1.300500E-7	-4.727260E-4
1.301000E-7	-3.579556E-4
1.301500E-7	-2.586022E-4
1.302000E-7	-1.815177E-4
1.302500E-7	-1.215630E-4
1.303000E-7	-9.758116E-5
1.303500E-7	-1.078591E-4
1.304000E-7	-1.061461E-4
1.304500E-7	-8.559023E-5
1.305000E-7	-8.901621E-5
1.305500E-7	-1.027201E-4
1.306000E-7	-9.415518E-5
1.306500E-7	-5.646940E-5
1.307000E-7	-1.535764E-5
1.307500E-7	1.890216E-5
1.308000E-7	8.228279E-5
1.308500E-7	1.662193E-4
1.309000E-7	2.364519E-4
1.309500E-7	2.724247E-4
1.310000E-7	2.758507E-4
1.310500E-7	2.535818E-4
1.311000E-7	1.919141E-4
1.311500E-7	7.714382E-5
1.312000E-7	-8.045126E-5
1.312500E-7	-2.774451E-4
1.313000E-7	-5.155507E-4
1.313500E-7	-7.759252E-4
1.314000E-7	-1.005466E-3
1.314500E-7	-1.151070E-3
1.315000E-7	-1.231581E-3
1.315500E-7	-1.269266E-3
1.316000E-7	-1.260701E-3
1.316500E-7	-1.212738E-3
1.317000E-7	-1.156209E-3
1.317500E-7	-1.085976E-3
1.318000E-7	-9.883359E-4
1.318500E-7	-8.787046E-4
1.319000E-7	-7.587953E-4
1.319500E-7	-6.097652E-4
1.320000E-7	-4.555961E-4
1.320500E-7	-3.476777E-4
1.321000E-7	-3.099919E-4
1.321500E-7	-3.339738E-4
1.322000E-7	-3.922154E-4
1.322500E-7	-4.418921E-4
1.323000E-7	-4.830039E-4
1.323500E-7	-5.309676E-4
1.324000E-7	-5.943482E-4
1.324500E-7	-6.765718E-4
1.325000E-7	-7.622213E-4
1.325500E-7	-8.615747E-4
1.326000E-7	-9.660671E-4
1.326500E-7	-1.053430E-3
1.327000E-7	-1.108245E-3
1.327500E-7	-1.151070E-3
1.328000E-7	-1.171626E-3
1.328500E-7	-1.151070E-3
1.329000E-7	-1.089402E-3
1.329500E-7	-1.014031E-3
1.330000E-7	-9.249553E-4
1.330500E-7	-8.290279E-4
1.331000E-7	-7.639342E-4
1.331500E-7	-7.228225E-4
1.332000E-7	-6.988406E-4
1.332500E-7	-7.159705E-4
1.333000E-7	-7.776382E-4
1.333500E-7	-8.461578E-4
1.334000E-7	-9.198163E-4
1.334500E-7	-9.883359E-4
1.335000E-7	-1.012318E-3
1.335500E-7	-9.746320E-4
1.336000E-7	-9.061124E-4
1.336500E-7	-8.136110E-4
1.337000E-7	-6.868497E-4
1.337500E-7	-5.309676E-4
1.338000E-7	-3.511037E-4
1.338500E-7	-1.541098E-4
1.339000E-7	1.376319E-5
1.339500E-7	1.388115E-4
1.340000E-7	2.210350E-4
1.340500E-7	2.244610E-4
1.341000E-7	1.353855E-4
1.341500E-7	3.485252E-6
1.342000E-7	-1.661008E-4
1.342500E-7	-3.973544E-4
1.343000E-7	-6.834237E-4
1.343500E-7	-9.506502E-4
1.344000E-7	-1.147644E-3
1.344500E-7	-1.264127E-3
1.345000E-7	-1.334360E-3
1.345500E-7	-1.366907E-3
1.346000E-7	-1.325795E-3
1.346500E-7	-1.209312E-3
1.347000E-7	-1.084263E-3
1.347500E-7	-9.506502E-4
1.348000E-7	-7.947681E-4
1.348500E-7	-6.577289E-4
1.349000E-7	-5.532365E-4
1.349500E-7	-4.864299E-4
1.350000E-7	-4.881429E-4
1.350500E-7	-5.669404E-4
1.351000E-7	-6.714328E-4
1.351500E-7	-7.639342E-4
1.352000E-7	-8.581487E-4
1.352500E-7	-9.249553E-4
1.353000E-7	-9.318073E-4
1.353500E-7	-9.078254E-4
1.354000E-7	-8.701396E-4
1.354500E-7	-7.964811E-4
1.355000E-7	-6.731458E-4
1.355500E-7	-5.121247E-4
1.356000E-7	-3.425387E-4
1.356500E-7	-2.106385E-4
1.357000E-7	-1.318410E-4
1.357500E-7	-1.044331E-4
1.358000E-7	-1.301280E-4
1.358500E-7	-2.089255E-4
1.359000E-7	-3.082789E-4
1.359500E-7	-4.042064E-4
1.360000E-7	-4.967078E-4
1.360500E-7	-5.892093E-4
1.361000E-7	-6.714328E-4
1.361500E-7	-7.159705E-4
1.362000E-7	-7.211095E-4
1.362500E-7	-7.022666E-4
1.363000E-7	-6.491639E-4
1.363500E-7	-5.892093E-4
1.364000E-7	-5.480975E-4
1.364500E-7	-5.275416E-4
1.365000E-7	-5.429585E-4
1.365500E-7	-5.874963E-4
1.366000E-7	-6.457379E-4
1.366500E-7	-6.988406E-4
1.367000E-7	-7.553693E-4
1.367500E-7	-8.187499E-4
1.368000E-7	-8.769916E-4
1.368500E-7	-9.369462E-4
1.369000E-7	-9.917619E-4
1.369500E-7	-1.015744E-3
1.370000E-7	-1.032874E-3
1.370500E-7	-1.048291E-3
1.371000E-7	-1.029448E-3
1.371500E-7	-9.831970E-4
1.372000E-7	-9.472242E-4
1.372500E-7	-9.198163E-4
1.373000E-7	-8.906955E-4
1.373500E-7	-8.787046E-4
1.374000E-7	-8.667136E-4
1.374500E-7	-8.478708E-4
1.375000E-7	-8.410188E-4
1.375500E-7	-8.410188E-4
1.376000E-7	-8.341668E-4
1.376500E-7	-8.256019E-4
1.377000E-7	-8.273149E-4
1.377500E-7	-8.273149E-4
1.378000E-7	-8.221759E-4
1.378500E-7	-8.118980E-4
1.379000E-7	-7.707862E-4
1.379500E-7	-7.005536E-4
1.380000E-7	-6.303210E-4
1.380500E-7	-5.515235E-4
1.381000E-7	-4.915688E-4
1.381500E-7	-4.898559E-4
1.382000E-7	-5.155507E-4
1.382500E-7	-5.309676E-4
1.383000E-7	-5.515235E-4
1.383500E-7	-5.909223E-4
1.384000E-7	-6.337470E-4
1.384500E-7	-6.902757E-4
1.385000E-7	-7.450914E-4
1.385500E-7	-7.896291E-4
1.386000E-7	-8.307409E-4
1.386500E-7	-8.718526E-4
1.387000E-7	-9.061124E-4
1.387500E-7	-9.215293E-4
1.388000E-7	-9.352332E-4
1.388500E-7	-9.403722E-4
1.389000E-7	-9.215293E-4
1.389500E-7	-8.941215E-4
1.390000E-7	-8.752786E-4
1.390500E-7	-8.478708E-4
1.391000E-7	-8.136110E-4
1.391500E-7	-8.136110E-4
1.392000E-7	-8.375928E-4
1.392500E-7	-8.427318E-4
1.393000E-7	-8.375928E-4
1.393500E-7	-8.530097E-4
1.394000E-7	-8.598617E-4
1.394500E-7	-8.530097E-4
1.395000E-7	-8.461578E-4
1.395500E-7	-8.307409E-4
1.396000E-7	-7.964811E-4
1.396500E-7	-7.570823E-4
1.397000E-7	-7.159705E-4
1.397500E-7	-6.611549E-4
1.398000E-7	-6.234691E-4
1.398500E-7	-6.405990E-4
1.399000E-7	-6.748588E-4
1.399500E-7	-7.159705E-4
1.400000E-7	-7.964811E-4
1.400500E-7	-8.838435E-4
1.401000E-7	-9.318073E-4
1.401500E-7	-9.318073E-4
1.402000E-7	-9.095384E-4
1.402500E-7	-8.632877E-4
1.403000E-7	-7.742122E-4
1.403500E-7	-6.525899E-4
1.404000E-7	-5.378196E-4
1.404500E-7	-4.675870E-4
1.405000E-7	-4.453181E-4
1.405500E-7	-4.436051E-4
1.406000E-7	-4.641610E-4
1.406500E-7	-5.224027E-4
1.407000E-7	-5.977742E-4
1.407500E-7	-6.662938E-4
1.408000E-7	-7.262485E-4
1.408500E-7	-7.724992E-4
1.409000E-7	-7.964811E-4
1.409500E-7	-8.221759E-4
1.410000E-7	-8.735656E-4
1.410500E-7	-9.352332E-4
1.411000E-7	-1.020883E-3
1.411500E-7	-1.145931E-3
1.412000E-7	-1.267553E-3
1.412500E-7	-1.353203E-3
1.413000E-7	-1.440565E-3
1.413500E-7	-1.567327E-3
1.414000E-7	-1.670106E-3
1.414500E-7	-1.718070E-3
1.415000E-7	-1.757468E-3
1.415500E-7	-1.784876E-3
1.416000E-7	-1.719783E-3
1.416500E-7	-1.587882E-3
1.417000E-7	-1.471399E-3
1.417500E-7	-1.389176E-3
1.418000E-7	-1.306952E-3
1.418500E-7	-1.228155E-3
1.419000E-7	-1.169913E-3
1.419500E-7	-1.151070E-3
1.420000E-7	-1.175052E-3
1.420500E-7	-1.223016E-3
1.421000E-7	-1.258988E-3
1.421500E-7	-1.289822E-3
1.422000E-7	-1.324082E-3
1.422500E-7	-1.342925E-3
1.423000E-7	-1.332647E-3
1.423500E-7	-1.322369E-3
1.424000E-7	-1.305239E-3
1.424500E-7	-1.250423E-3
1.425000E-7	-1.156209E-3
1.425500E-7	-1.055143E-3
1.426000E-7	-9.523631E-4
1.426500E-7	-8.290279E-4
1.427000E-7	-7.211095E-4
1.427500E-7	-6.594419E-4
1.428000E-7	-6.440250E-4
1.428500E-7	-6.662938E-4
1.429000E-7	-7.193965E-4
1.429500E-7	-7.844901E-4
1.430000E-7	-8.410188E-4
1.430500E-7	-9.112514E-4
1.431000E-7	-9.814840E-4
1.431500E-7	-1.048291E-3
1.432000E-7	-1.092828E-3
1.432500E-7	-1.104819E-3
1.433000E-7	-1.053430E-3
1.433500E-7	-9.506502E-4
1.434000E-7	-8.341668E-4
1.434500E-7	-7.313874E-4
1.435000E-7	-6.423120E-4
1.435500E-7	-5.686534E-4
1.436000E-7	-5.172637E-4
1.436500E-7	-5.052728E-4
1.437000E-7	-5.326806E-4
1.437500E-7	-6.063392E-4
1.438000E-7	-6.799977E-4
1.438500E-7	-7.348134E-4
1.439000E-7	-8.016200E-4
1.439500E-7	-8.855565E-4
1.440000E-7	-9.455112E-4
1.440500E-7	-9.866229E-4
1.441000E-7	-1.077411E-3
1.441500E-7	-1.209312E-3
1.442000E-7	-1.317230E-3
1.442500E-7	-1.394315E-3
1.443000E-7	-1.449130E-3
1.443500E-7	-1.498807E-3
1.444000E-7	-1.546771E-3
1.444500E-7	-1.593021E-3
1.445000E-7	-1.574178E-3
1.445500E-7	-1.500520E-3
1.446000E-7	-1.437139E-3
1.446500E-7	-1.380611E-3
1.447000E-7	-1.282970E-3
1.447500E-7	-1.188756E-3
1.448000E-7	-1.133940E-3
1.448500E-7	-1.082550E-3
1.449000E-7	-1.015744E-3
1.449500E-7	-9.729190E-4
1.450000E-7	-9.455112E-4
1.450500E-7	-9.095384E-4
1.451000E-7	-8.992605E-4
1.451500E-7	-9.352332E-4
1.452000E-7	-9.951879E-4
1.452500E-7	-1.055143E-3
1.453000E-7	-1.113384E-3
1.453500E-7	-1.149357E-3
1.454000E-7	-1.178478E-3
1.454500E-7	-1.181904E-3
1.455000E-7	-1.125375E-3
1.455500E-7	-1.034587E-3
1.456000E-7	-9.335203E-4
1.456500E-7	-8.204629E-4
1.457000E-7	-6.851367E-4
1.457500E-7	-5.703664E-4
1.458000E-7	-4.727260E-4
1.458500E-7	-3.836505E-4
1.459000E-7	-3.305478E-4
1.459500E-7	-3.305478E-4
1.460000E-7	-3.493907E-4
1.460500E-7	-3.887894E-4
1.461000E-7	-4.573090E-4
1.461500E-7	-5.155507E-4
1.462000E-7	-5.463845E-4
1.462500E-7	-5.789313E-4
1.463000E-7	-6.114781E-4
1.463500E-7	-6.166171E-4
1.464000E-7	-6.097652E-4
1.464500E-7	-6.268951E-4
1.465000E-7	-6.594419E-4
1.465500E-7	-7.039796E-4
1.466000E-7	-7.673602E-4
1.466500E-7	-8.307409E-4
1.467000E-7	-8.718526E-4
1.467500E-7	-8.667136E-4
1.468000E-7	-8.204629E-4
1.468500E-7	-7.416654E-4
1.469000E-7	-6.371730E-4
1.469500E-7	-5.172637E-4
1.470000E-7	-3.973544E-4
1.470500E-7	-2.774451E-4
1.471000E-7	-1.643878E-4
1.471500E-7	-5.818239E-5
1.472000E-7	-1.193166E-5
1.472500E-7	-4.276548E-5
1.473000E-7	-9.929415E-5
1.473500E-7	-1.523968E-4
1.474000E-7	-2.311944E-4
1.474500E-7	-3.356868E-4
1.475000E-7	-4.316142E-4
1.475500E-7	-5.018468E-4
1.476000E-7	-5.429585E-4
1.476500E-7	-5.343936E-4
1.477000E-7	-5.121247E-4
1.477500E-7	-5.018468E-4
1.478000E-7	-4.812909E-4
1.478500E-7	-4.264752E-4
1.479000E-7	-3.853635E-4
1.479500E-7	-3.699466E-4
1.480000E-7	-3.579556E-4
1.480500E-7	-3.373997E-4
1.481000E-7	-3.202698E-4
1.481500E-7	-3.202698E-4
1.482000E-7	-3.391127E-4
1.482500E-7	-3.682336E-4
1.483000E-7	-3.699466E-4
1.483500E-7	-3.408257E-4
1.484000E-7	-3.117049E-4
1.484500E-7	-2.705931E-4
1.485000E-7	-2.020735E-4
1.485500E-7	-1.284150E-4
1.486000E-7	-7.531229E-5
1.486500E-7	-3.420053E-5
1.487000E-7	5.927245E-8
1.487500E-7	2.918010E-5
1.488000E-7	4.802299E-5
1.488500E-7	4.459701E-5
1.489000E-7	1.033721E-5
1.489500E-7	-4.105249E-5
1.490000E-7	-8.559023E-5
1.490500E-7	-1.215630E-4
1.491000E-7	-1.455449E-4
1.491500E-7	-1.455449E-4
1.492000E-7	-1.232760E-4
1.492500E-7	-8.216425E-5
1.493000E-7	-4.447847E-5
1.493500E-7	-4.619146E-5
1.494000E-7	-9.586817E-5
1.494500E-7	-1.506838E-4
1.495000E-7	-1.917956E-4
1.495500E-7	-2.174905E-4
1.496000E-7	-2.226294E-4
1.496500E-7	-1.935086E-4
1.497000E-7	-1.267020E-4
1.497500E-7	-3.591352E-5
1.498000E-7	7.200485E-5
1.498500E-7	1.730713E-4
1.499000E-7	2.107570E-4
1.499500E-7	1.764972E-4
1.500000E-7	1.028387E-4
1.500500E-7	1.718917E-5
1.501000E-7	-8.045126E-5
1.501500E-7	-1.849436E-4
1.502000E-7	-3.031399E-4
1.502500E-7	-4.521701E-4
1.503000E-7	-6.268951E-4
1.503500E-7	-8.016200E-4
1.504000E-7	-9.455112E-4
1.504500E-7	-1.041439E-3
1.505000E-7	-1.096254E-3
1.505500E-7	-1.133940E-3
1.506000E-7	-1.152783E-3
1.506500E-7	-1.123662E-3
1.507000E-7	-1.060282E-3
1.507500E-7	-9.969009E-4
1.508000E-7	-9.198163E-4
1.508500E-7	-8.187499E-4
1.509000E-7	-7.245355E-4
1.509500E-7	-6.388860E-4
1.510000E-7	-5.532365E-4
1.510500E-7	-4.932818E-4
1.511000E-7	-4.607350E-4
1.511500E-7	-4.299012E-4
1.512000E-7	-4.144843E-4
1.512500E-7	-4.384662E-4
1.513000E-7	-4.761519E-4
1.513500E-7	-5.086987E-4
1.514000E-7	-5.566625E-4
1.514500E-7	-6.097652E-4
1.515000E-7	-6.337470E-4
1.515500E-7	-6.611549E-4
1.516000E-7	-7.108316E-4
1.516500E-7	-7.587953E-4
1.517000E-7	-7.844901E-4
1.517500E-7	-8.170369E-4
1.518000E-7	-8.684266E-4
1.518500E-7	-9.043994E-4
1.519000E-7	-8.975475E-4
1.519500E-7	-8.530097E-4
1.520000E-7	-8.101850E-4
1.520500E-7	-7.707862E-4
1.521000E-7	-7.331004E-4
1.521500E-7	-7.142575E-4
1.522000E-7	-7.536563E-4
1.522500E-7	-8.427318E-4
1.523000E-7	-9.283813E-4
1.523500E-7	-1.008892E-3
1.524000E-7	-1.118523E-3
1.524500E-7	-1.258988E-3
1.525000E-7	-1.375472E-3
1.525500E-7	-1.452556E-3
1.526000E-7	-1.509085E-3
1.526500E-7	-1.524502E-3
1.527000E-7	-1.490242E-3
1.527500E-7	-1.413157E-3
1.528000E-7	-1.279544E-3
1.528500E-7	-1.079124E-3
1.529000E-7	-8.358798E-4
1.529500E-7	-6.149041E-4
1.530000E-7	-4.299012E-4
1.530500E-7	-2.723061E-4
1.531000E-7	-1.678137E-4
1.531500E-7	-1.181370E-4
1.532000E-7	-1.078591E-4
1.532500E-7	-1.352669E-4
1.533000E-7	-2.037865E-4
1.533500E-7	-2.808711E-4
1.534000E-7	-3.391127E-4
1.534500E-7	-3.562426E-4
1.535000E-7	-3.408257E-4
1.535500E-7	-2.928620E-4
1.536000E-7	-2.414723E-4
1.536500E-7	-1.917956E-4
1.537000E-7	-1.523968E-4
1.537500E-7	-1.164240E-4
1.538000E-7	-8.216425E-5
1.538500E-7	-6.160837E-5
1.539000E-7	-5.989538E-5
1.539500E-7	-7.188631E-5
1.540000E-7	-8.216425E-5
1.540500E-7	-7.359930E-5
1.541000E-7	-3.591352E-5
1.541500E-7	3.260608E-5
1.542000E-7	9.427372E-5
1.542500E-7	1.319595E-4
1.543000E-7	1.645063E-4
1.543500E-7	1.833492E-4
1.544000E-7	1.679323E-4
1.544500E-7	9.427372E-5
1.545000E-7	-2.906156E-5
1.545500E-7	-1.849436E-4
1.546000E-7	-3.459647E-4
1.546500E-7	-5.052728E-4
1.547000E-7	-6.577289E-4
1.547500E-7	-7.810641E-4
1.548000E-7	-8.804176E-4
1.548500E-7	-9.626411E-4
1.549000E-7	-1.012318E-3
1.549500E-7	-1.019170E-3
1.550000E-7	-1.005466E-3
1.550500E-7	-9.797710E-4
1.551000E-7	-9.489372E-4
1.551500E-7	-9.146774E-4
1.552000E-7	-9.026864E-4
1.552500E-7	-9.061124E-4
1.553000E-7	-9.266683E-4
1.553500E-7	-9.814840E-4
1.554000E-7	-1.058569E-3
1.554500E-7	-1.109958E-3
1.555000E-7	-1.106532E-3
1.555500E-7	-1.079124E-3
1.556000E-7	-1.044865E-3
1.556500E-7	-1.005466E-3
1.557000E-7	-9.660671E-4
1.557500E-7	-9.369462E-4
1.558000E-7	-9.112514E-4
1.558500E-7	-8.975475E-4
1.559000E-7	-9.043994E-4
1.559500E-7	-9.420852E-4
1.560000E-7	-9.934749E-4
1.560500E-7	-1.046578E-3
1.561000E-7	-1.094541E-3
1.561500E-7	-1.130514E-3
1.562000E-7	-1.164774E-3
1.562500E-7	-1.173339E-3
1.563000E-7	-1.123662E-3
1.563500E-7	-1.027735E-3
1.564000E-7	-9.249553E-4
1.564500E-7	-8.187499E-4
1.565000E-7	-7.193965E-4
1.565500E-7	-6.440250E-4
1.566000E-7	-6.012002E-4
1.566500E-7	-5.686534E-4
1.567000E-7	-5.532365E-4
1.567500E-7	-5.669404E-4
1.568000E-7	-5.737924E-4
1.568500E-7	-5.703664E-4
1.569000E-7	-5.926353E-4
1.569500E-7	-6.388860E-4
1.570000E-7	-6.748588E-4
1.570500E-7	-7.313874E-4
1.571000E-7	-8.273149E-4
1.571500E-7	-9.455112E-4
1.572000E-7	-1.053430E-3
1.572500E-7	-1.144218E-3
1.573000E-7	-1.205886E-3
1.573500E-7	-1.236719E-3
1.574000E-7	-1.255562E-3
1.574500E-7	-1.274405E-3
1.575000E-7	-1.296674E-3
1.575500E-7	-1.310378E-3
1.576000E-7	-1.313804E-3
1.576500E-7	-1.289822E-3
1.577000E-7	-1.231581E-3
1.577500E-7	-1.168200E-3
1.578000E-7	-1.115097E-3
1.578500E-7	-1.072272E-3
1.579000E-7	-1.038013E-3
1.579500E-7	-1.002040E-3
1.580000E-7	-9.986139E-4
1.580500E-7	-1.055143E-3
1.581000E-7	-1.152783E-3
1.581500E-7	-1.246997E-3
1.582000E-7	-1.310378E-3
1.582500E-7	-1.332647E-3
1.583000E-7	-1.306952E-3
1.583500E-7	-1.226442E-3
1.584000E-7	-1.113384E-3
1.584500E-7	-9.866229E-4
1.585000E-7	-8.581487E-4
1.585500E-7	-7.193965E-4
1.586000E-7	-5.772183E-4
1.586500E-7	-4.641610E-4
1.587000E-7	-4.213363E-4
1.587500E-7	-4.384662E-4
1.588000E-7	-4.521701E-4
1.588500E-7	-4.487441E-4
1.589000E-7	-4.727260E-4
1.589500E-7	-5.069858E-4
1.590000E-7	-5.018468E-4
1.590500E-7	-4.710130E-4
1.591000E-7	-4.470311E-4
1.591500E-7	-4.247622E-4
1.592000E-7	-3.767985E-4
1.592500E-7	-3.185569E-4
1.593000E-7	-2.740191E-4
1.593500E-7	-2.603152E-4
1.594000E-7	-2.688802E-4
1.594500E-7	-2.808711E-4
1.595000E-7	-2.980010E-4
1.595500E-7	-3.391127E-4
1.596000E-7	-4.196233E-4
1.596500E-7	-5.104117E-4
1.597000E-7	-5.669404E-4
1.597500E-7	-5.686534E-4
1.598000E-7	-5.429585E-4
1.598500E-7	-5.206897E-4
1.599000E-7	-5.121247E-4
1.599500E-7	-5.035598E-4
1.600000E-7	-4.915688E-4
1.600500E-7	-4.864299E-4
1.601000E-7	-4.881429E-4
1.601500E-7	-5.035598E-4
1.602000E-7	-5.480975E-4
1.602500E-7	-6.217561E-4
1.603000E-7	-7.313874E-4
1.603500E-7	-8.290279E-4
1.604000E-7	-8.701396E-4
1.604500E-7	-8.804176E-4
1.605000E-7	-9.061124E-4
1.605500E-7	-9.061124E-4
1.606000E-7	-8.581487E-4
1.606500E-7	-8.204629E-4
1.607000E-7	-8.512967E-4
1.607500E-7	-9.249553E-4
1.608000E-7	-9.746320E-4
1.608500E-7	-1.034587E-3
1.609000E-7	-1.130514E-3
1.609500E-7	-1.228155E-3
1.610000E-7	-1.286396E-3
1.610500E-7	-1.313804E-3
1.611000E-7	-1.310378E-3
1.611500E-7	-1.264127E-3
1.612000E-7	-1.178478E-3
1.612500E-7	-1.039726E-3
1.613000E-7	-8.444448E-4
1.613500E-7	-6.286080E-4
1.614000E-7	-4.401791E-4
1.614500E-7	-2.997140E-4
1.615000E-7	-2.123515E-4
1.615500E-7	-1.935086E-4
1.616000E-7	-2.466113E-4
1.616500E-7	-3.511037E-4
1.617000E-7	-4.932818E-4
1.617500E-7	-6.525899E-4
1.618000E-7	-8.187499E-4
1.618500E-7	-9.831970E-4
1.619000E-7	-1.120236E-3
1.619500E-7	-1.181904E-3
1.620000E-7	-1.157922E-3
1.620500E-7	-1.075698E-3
1.621000E-7	-9.386592E-4
1.621500E-7	-7.519433E-4
1.622000E-7	-5.498105E-4
1.622500E-7	-3.750855E-4
1.623000E-7	-2.140645E-4
1.623500E-7	-8.387724E-5
1.624000E-7	-1.364465E-5
1.624500E-7	5.927245E-8
1.625000E-7	-2.906156E-5
1.625500E-7	-1.232760E-4
1.626000E-7	-2.791581E-4
1.626500E-7	-4.470311E-4
1.627000E-7	-6.303210E-4
1.627500E-7	-8.393058E-4
1.628000E-7	-1.046578E-3
1.628500E-7	-1.205886E-3
1.629000E-7	-1.320656E-3
1.629500E-7	-1.413157E-3
1.630000E-7	-1.474825E-3
1.630500E-7	-1.495381E-3
1.631000E-7	-1.462834E-3
1.631500E-7	-1.385750E-3
1.632000E-7	-1.284683E-3
1.632500E-7	-1.164774E-3
1.633000E-7	-1.038013E-3
1.633500E-7	-9.420852E-4
1.634000E-7	-8.684266E-4
1.634500E-7	-8.136110E-4
1.635000E-7	-8.238889E-4
1.635500E-7	-9.318073E-4
1.636000E-7	-1.094541E-3
1.636500E-7	-1.257275E-3
1.637000E-7	-1.418296E-3
1.637500E-7	-1.570753E-3
1.638000E-7	-1.676958E-3
1.638500E-7	-1.743765E-3
1.639000E-7	-1.781450E-3
1.639500E-7	-1.764320E-3
1.640000E-7	-1.688949E-3
1.640500E-7	-1.603299E-3
1.641000E-7	-1.512511E-3
1.641500E-7	-1.373759E-3
1.642000E-7	-1.214451E-3
1.642500E-7	-1.096254E-3
1.643000E-7	-1.008892E-3
1.643500E-7	-9.215293E-4
1.644000E-7	-8.547227E-4
1.644500E-7	-8.530097E-4
1.645000E-7	-8.941215E-4
1.645500E-7	-9.352332E-4
1.646000E-7	-9.592151E-4
1.646500E-7	-9.797710E-4
1.647000E-7	-1.007179E-3
1.647500E-7	-1.022596E-3
1.648000E-7	-1.007179E-3
1.648500E-7	-9.712060E-4
1.649000E-7	-9.420852E-4
1.649500E-7	-9.181033E-4
1.650000E-7	-8.769916E-4
1.650500E-7	-8.118980E-4
1.651000E-7	-7.279615E-4
1.651500E-7	-6.286080E-4
1.652000E-7	-5.361066E-4
1.652500E-7	-4.915688E-4
1.653000E-7	-4.881429E-4
1.653500E-7	-5.172637E-4
1.654000E-7	-5.737924E-4
1.654500E-7	-6.611549E-4
1.655000E-7	-7.587953E-4
1.655500E-7	-8.650007E-4
1.656000E-7	-9.609281E-4
1.656500E-7	-1.036300E-3
1.657000E-7	-1.092828E-3
1.657500E-7	-1.113384E-3
1.658000E-7	-1.068846E-3
1.658500E-7	-9.883359E-4
1.659000E-7	-9.215293E-4
1.659500E-7	-8.478708E-4
1.660000E-7	-7.450914E-4
1.660500E-7	-6.457379E-4
1.661000E-7	-5.686534E-4
1.661500E-7	-4.949948E-4
1.662000E-7	-4.230492E-4
1.662500E-7	-3.887894E-4
1.663000E-7	-3.836505E-4
1.663500E-7	-3.733725E-4
1.664000E-7	-3.511037E-4
1.664500E-7	-3.425387E-4
1.665000E-7	-3.459647E-4
1.665500E-7	-3.356868E-4
1.666000E-7	-2.997140E-4
1.666500E-7	-2.500373E-4
1.667000E-7	-1.849436E-4
1.667500E-7	-1.335539E-4
1.668000E-7	-1.129981E-4
1.668500E-7	-1.232760E-4
1.669000E-7	-1.318410E-4
1.669500E-7	-1.386929E-4
1.670000E-7	-1.541098E-4
1.670500E-7	-1.780917E-4
1.671000E-7	-2.157775E-4
1.671500E-7	-2.774451E-4
1.672000E-7	-3.442517E-4
1.672500E-7	-3.973544E-4
1.673000E-7	-4.573090E-4
1.673500E-7	-5.429585E-4
1.674000E-7	-6.217561E-4
1.674500E-7	-6.765718E-4
1.675000E-7	-7.056926E-4
1.675500E-7	-7.211095E-4
1.676000E-7	-7.108316E-4
1.676500E-7	-6.748588E-4
1.677000E-7	-6.577289E-4
1.677500E-7	-6.868497E-4
1.678000E-7	-7.570823E-4
1.678500E-7	-8.427318E-4
1.679000E-7	-9.266683E-4
1.679500E-7	-1.003753E-3
1.680000E-7	-1.051717E-3
1.680500E-7	-1.061995E-3
1.681000E-7	-1.050004E-3
1.681500E-7	-1.031161E-3
1.682000E-7	-9.831970E-4
1.682500E-7	-8.906955E-4
1.683000E-7	-7.844901E-4
1.683500E-7	-6.919887E-4
1.684000E-7	-5.874963E-4
1.684500E-7	-4.727260E-4
1.685000E-7	-3.922154E-4
1.685500E-7	-3.596686E-4
1.686000E-7	-3.408257E-4
1.686500E-7	-3.322608E-4
1.687000E-7	-3.202698E-4
1.687500E-7	-2.894360E-4
1.688000E-7	-2.671672E-4
1.688500E-7	-2.774451E-4
1.689000E-7	-2.757321E-4
1.689500E-7	-2.466113E-4
1.690000E-7	-2.260554E-4
1.690500E-7	-1.883696E-4
1.691000E-7	-1.010071E-4
1.691500E-7	-1.021867E-5
1.692000E-7	2.575412E-5
1.692500E-7	3.945804E-5
1.693000E-7	6.515289E-5
1.693500E-7	8.056980E-5
1.694000E-7	8.399578E-5
1.694500E-7	1.028387E-4
1.695000E-7	1.302465E-4
1.695500E-7	1.251075E-4
1.696000E-7	8.056980E-5
1.696500E-7	2.575412E-5
1.697000E-7	-8.505677E-6
1.697500E-7	-5.079697E-6
1.698000E-7	2.746711E-5
1.698500E-7	6.515289E-5
1.699000E-7	9.941269E-5
1.699500E-7	1.422374E-4
1.700000E-7	1.850622E-4
1.700500E-7	1.953401E-4
1.701000E-7	1.850622E-4
1.701500E-7	1.884882E-4
1.702000E-7	1.782102E-4
1.702500E-7	1.148296E-4
1.703000E-7	3.774505E-5
1.703500E-7	-2.220960E-5
1.704000E-7	-8.387724E-5
1.704500E-7	-1.284150E-4
1.705000E-7	-1.147111E-4
1.705500E-7	-7.017332E-5
1.706000E-7	-3.077455E-5
1.706500E-7	3.603206E-5
1.707000E-7	1.490894E-4
1.707500E-7	2.518688E-4
1.708000E-7	3.238144E-4
1.708500E-7	3.854820E-4
1.709000E-7	4.180288E-4
1.709500E-7	4.283068E-4
1.710000E-7	4.265938E-4
1.710500E-7	3.820560E-4
1.711000E-7	2.758507E-4
1.711500E-7	1.422374E-4
1.712000E-7	2.232814E-5
1.712500E-7	-7.531229E-5
1.713000E-7	-1.575358E-4
1.713500E-7	-2.294814E-4
1.714000E-7	-2.620282E-4
1.714500E-7	-2.243424E-4
1.715000E-7	-1.386929E-4
1.715500E-7	-9.415518E-5
1.716000E-7	-9.758116E-5
1.716500E-7	-8.901621E-5
1.717000E-7	-5.646940E-5
1.717500E-7	-4.276548E-5
1.718000E-7	-6.846033E-5
1.718500E-7	-1.301280E-4
1.719000E-7	-2.448983E-4
1.719500E-7	-4.110583E-4
1.720000E-7	-5.943482E-4
1.720500E-7	-7.536563E-4
1.721000E-7	-8.667136E-4
1.721500E-7	-9.283813E-4
1.722000E-7	-9.420852E-4
1.722500E-7	-9.061124E-4
1.723000E-7	-7.810641E-4
1.723500E-7	-5.703664E-4
1.724000E-7	-3.305478E-4
1.724500E-7	-8.901621E-5
1.725000E-7	1.353855E-4
1.725500E-7	3.152494E-4
1.726000E-7	4.146028E-4
1.726500E-7	4.437237E-4
1.727000E-7	4.231678E-4
1.727500E-7	3.358053E-4
1.728000E-7	1.850622E-4
1.728500E-7	1.376319E-5
1.729000E-7	-1.489709E-4
1.729500E-7	-3.185569E-4
1.730000E-7	-4.727260E-4
1.730500E-7	-5.755054E-4
1.731000E-7	-6.063392E-4
1.731500E-7	-5.669404E-4
1.732000E-7	-4.795779E-4
1.732500E-7	-3.802245E-4
1.733000E-7	-2.894360E-4
1.733500E-7	-2.397593E-4
1.734000E-7	-2.414723E-4
1.734500E-7	-2.945750E-4
1.735000E-7	-3.905024E-4
1.735500E-7	-5.138377E-4
1.736000E-7	-6.508769E-4
1.736500E-7	-7.776382E-4
1.737000E-7	-8.530097E-4
1.737500E-7	-8.598617E-4
1.738000E-7	-8.170369E-4
1.738500E-7	-7.245355E-4
1.739000E-7	-5.806443E-4
1.739500E-7	-4.144843E-4
1.740000E-7	-2.551762E-4
1.740500E-7	-1.010071E-4
1.741000E-7	3.431907E-5
1.741500E-7	1.199686E-4
1.742000E-7	1.490894E-4
1.742500E-7	1.216816E-4
1.743000E-7	1.205020E-5
1.743500E-7	-1.575358E-4
1.744000E-7	-2.894360E-4
1.744500E-7	-3.956414E-4
1.745000E-7	-5.069858E-4
1.745500E-7	-5.480975E-4
1.746000E-7	-4.624480E-4
1.746500E-7	-3.134179E-4
1.747000E-7	-1.592488E-4
1.747500E-7	4.117103E-5
1.748000E-7	2.878416E-4
1.748500E-7	5.276602E-4
1.749000E-7	7.366450E-4
1.749500E-7	9.165089E-4
1.750000E-7	1.034705E-3
1.750500E-7	1.075817E-3
1.751000E-7	1.021001E-3
1.751500E-7	8.771101E-4
1.752000E-7	6.681254E-4
1.752500E-7	4.146028E-4
1.753000E-7	1.336725E-4
1.753500E-7	-1.729527E-4
1.754000E-7	-4.915688E-4
1.754500E-7	-8.050460E-4
1.755000E-7	-1.080837E-3
1.755500E-7	-1.296674E-3
1.756000E-7	-1.471399E-3
1.756500E-7	-1.596447E-3
1.757000E-7	-1.644411E-3
1.757500E-7	-1.608438E-3
1.758000E-7	-1.546771E-3
1.758500E-7	-1.488529E-3
1.759000E-7	-1.437139E-3
1.759500E-7	-1.346351E-3
1.760000E-7	-1.246997E-3
1.760500E-7	-1.166487E-3
1.761000E-7	-1.108245E-3
1.761500E-7	-1.038013E-3
1.762000E-7	-9.609281E-4
1.762500E-7	-9.181033E-4
1.763000E-7	-9.061124E-4
1.763500E-7	-8.941215E-4
1.764000E-7	-8.512967E-4
1.764500E-7	-7.656472E-4
1.765000E-7	-6.405990E-4
1.765500E-7	-4.761519E-4
1.766000E-7	-3.065659E-4
1.766500E-7	-1.695267E-4
1.767000E-7	-7.359930E-5
1.767500E-7	-5.079697E-6
1.768000E-7	2.232814E-5
1.768500E-7	-1.707063E-5
1.769000E-7	-1.164240E-4
1.769500E-7	-2.723061E-4
1.770000E-7	-4.812909E-4
1.770500E-7	-7.125445E-4
1.771000E-7	-9.198163E-4
1.771500E-7	-1.106532E-3
1.772000E-7	-1.289822E-3
1.772500E-7	-1.450843E-3
1.773000E-7	-1.553623E-3
1.773500E-7	-1.589595E-3
1.774000E-7	-1.562188E-3
1.774500E-7	-1.478251E-3
1.775000E-7	-1.349777E-3
1.775500E-7	-1.195608E-3
1.776000E-7	-1.036300E-3
1.776500E-7	-8.975475E-4
1.777000E-7	-7.724992E-4
1.777500E-7	-6.525899E-4
1.778000E-7	-5.498105E-4
1.778500E-7	-4.932818E-4
1.779000E-7	-5.018468E-4
1.779500E-7	-5.635144E-4
1.780000E-7	-6.628678E-4
1.780500E-7	-7.690732E-4
1.781000E-7	-8.804176E-4
1.781500E-7	-9.729190E-4
1.782000E-7	-1.034587E-3
1.782500E-7	-1.072272E-3
1.783000E-7	-1.087689E-3
1.783500E-7	-1.068846E-3
1.784000E-7	-1.020883E-3
1.784500E-7	-9.849100E-4
1.785000E-7	-9.831970E-4
1.785500E-7	-9.883359E-4
1.786000E-7	-9.866229E-4
1.786500E-7	-1.022596E-3
1.787000E-7	-1.109958E-3
1.787500E-7	-1.193895E-3
1.788000E-7	-1.243571E-3
1.788500E-7	-1.294961E-3
1.789000E-7	-1.356629E-3
1.789500E-7	-1.382324E-3
1.790000E-7	-1.358342E-3
1.790500E-7	-1.320656E-3
1.791000E-7	-1.270979E-3
1.791500E-7	-1.180191E-3
1.792000E-7	-1.026022E-3
1.792500E-7	-8.341668E-4
1.793000E-7	-6.543029E-4
1.793500E-7	-5.121247E-4
1.794000E-7	-3.990674E-4
1.794500E-7	-3.202698E-4
1.795000E-7	-3.117049E-4
1.795500E-7	-3.819375E-4
1.796000E-7	-4.864299E-4
1.796500E-7	-5.977742E-4
1.797000E-7	-7.262485E-4
1.797500E-7	-9.009734E-4
1.798000E-7	-1.094541E-3
1.798500E-7	-1.269266E-3
1.799000E-7	-1.399454E-3
1.799500E-7	-1.481677E-3
1.800000E-7	-1.514224E-3
1.800500E-7	-1.505659E-3
1.801000E-7	-1.455982E-3
1.801500E-7	-1.344638E-3
1.802000E-7	-1.204173E-3
1.802500E-7	-1.070559E-3
1.803000E-7	-9.455112E-4
1.803500E-7	-8.358798E-4
1.804000E-7	-7.502303E-4
1.804500E-7	-7.228225E-4
1.805000E-7	-7.707862E-4
1.805500E-7	-9.078254E-4
1.806000E-7	-1.111671E-3
1.806500E-7	-1.341212E-3
1.807000E-7	-1.563901E-3
1.807500E-7	-1.759181E-3
1.808000E-7	-1.899647E-3
1.808500E-7	-1.968166E-3
1.809000E-7	-1.975018E-3
1.809500E-7	-1.915063E-3
1.810000E-7	-1.786589E-3
1.810500E-7	-1.613577E-3
1.811000E-7	-1.399454E-3
1.811500E-7	-1.171626E-3
1.812000E-7	-9.849100E-4
1.812500E-7	-8.718526E-4
1.813000E-7	-8.118980E-4
1.813500E-7	-7.913421E-4
1.814000E-7	-8.307409E-4
1.814500E-7	-9.318073E-4
1.815000E-7	-1.085976E-3
1.815500E-7	-1.269266E-3
1.816000E-7	-1.449130E-3
1.816500E-7	-1.627281E-3
1.817000E-7	-1.824275E-3
1.817500E-7	-2.024695E-3
1.818000E-7	-2.161734E-3
1.818500E-7	-2.225115E-3
1.819000E-7	-2.240532E-3
1.819500E-7	-2.213124E-3
1.820000E-7	-2.146317E-3
1.820500E-7	-2.067520E-3
1.821000E-7	-1.980157E-3
1.821500E-7	-1.872239E-3
1.822000E-7	-1.757468E-3
1.822500E-7	-1.644411E-3
1.823000E-7	-1.514224E-3
1.823500E-7	-1.382324E-3
1.824000E-7	-1.293248E-3
1.824500E-7	-1.235006E-3
1.825000E-7	-1.181904E-3
1.825500E-7	-1.132227E-3
1.826000E-7	-1.099680E-3
1.826500E-7	-1.077411E-3
1.827000E-7	-1.063707E-3
1.827500E-7	-1.068846E-3
1.828000E-7	-1.080837E-3
1.828500E-7	-1.101393E-3
1.829000E-7	-1.151070E-3
1.829500E-7	-1.216164E-3
1.830000E-7	-1.252136E-3
1.830500E-7	-1.269266E-3
1.831000E-7	-1.310378E-3
1.831500E-7	-1.346351E-3
1.832000E-7	-1.344638E-3
1.832500E-7	-1.334360E-3
1.833000E-7	-1.339499E-3
1.833500E-7	-1.358342E-3
1.834000E-7	-1.392602E-3
1.834500E-7	-1.449130E-3
1.835000E-7	-1.512511E-3
1.835500E-7	-1.582743E-3
1.836000E-7	-1.676958E-3
1.836500E-7	-1.781450E-3
1.837000E-7	-1.867100E-3
1.837500E-7	-1.916776E-3
1.838000E-7	-1.930480E-3
1.838500E-7	-1.887656E-3
1.839000E-7	-1.808858E-3
1.839500E-7	-1.724922E-3
1.840000E-7	-1.623855E-3
1.840500E-7	-1.497094E-3
1.841000E-7	-1.341212E-3
1.841500E-7	-1.171626E-3
1.842000E-7	-9.883359E-4
1.842500E-7	-7.981940E-4
1.843000E-7	-6.423120E-4
1.843500E-7	-5.224027E-4
1.844000E-7	-4.299012E-4
1.844500E-7	-3.716595E-4
1.845000E-7	-3.750855E-4
1.845500E-7	-4.453181E-4
1.846000E-7	-5.566625E-4
1.846500E-7	-7.074056E-4
1.847000E-7	-8.958345E-4
1.847500E-7	-1.084263E-3
1.848000E-7	-1.240145E-3
1.848500E-7	-1.349777E-3
1.849000E-7	-1.406305E-3
1.849500E-7	-1.406305E-3
1.850000E-7	-1.353203E-3
1.850500E-7	-1.221303E-3
1.851000E-7	-1.012318E-3
1.851500E-7	-7.536563E-4
1.852000E-7	-4.727260E-4
1.852500E-7	-1.917956E-4
1.853000E-7	3.603206E-5
1.853500E-7	1.747842E-4
1.854000E-7	2.261739E-4
1.854500E-7	2.056181E-4
1.855000E-7	1.251075E-4
1.855500E-7	-2.563558E-5
1.856000E-7	-2.329074E-4
1.856500E-7	-4.555961E-4
1.857000E-7	-6.748588E-4
1.857500E-7	-9.043994E-4
1.858000E-7	-1.125375E-3
1.858500E-7	-1.281257E-3
1.859000E-7	-1.353203E-3
1.859500E-7	-1.368620E-3
1.860000E-7	-1.348064E-3
1.860500E-7	-1.298387E-3
1.861000E-7	-1.243571E-3
1.861500E-7	-1.180191E-3
1.862000E-7	-1.089402E-3
1.862500E-7	-1.002040E-3
1.863000E-7	-9.523631E-4
1.863500E-7	-9.163904E-4
1.864000E-7	-8.838435E-4
1.864500E-7	-8.598617E-4
1.865000E-7	-8.238889E-4
1.865500E-7	-7.742122E-4
1.866000E-7	-7.502303E-4
1.866500E-7	-7.519433E-4
1.867000E-7	-7.536563E-4
1.867500E-7	-7.553693E-4
1.868000E-7	-7.707862E-4
1.868500E-7	-7.690732E-4
1.869000E-7	-7.348134E-4
1.869500E-7	-7.091186E-4
1.870000E-7	-7.074056E-4
1.870500E-7	-7.056926E-4
1.871000E-7	-7.022666E-4
1.871500E-7	-6.799977E-4
1.872000E-7	-6.183301E-4
1.872500E-7	-5.309676E-4
1.873000E-7	-4.436051E-4
1.873500E-7	-3.151309E-4
1.874000E-7	-1.883696E-4
1.874500E-7	-1.523968E-4
1.875000E-7	-1.883696E-4
1.875500E-7	-2.123515E-4
1.876000E-7	-2.020735E-4
1.876500E-7	-2.174905E-4
1.877000E-7	-2.671672E-4
1.877500E-7	-3.048529E-4
1.878000E-7	-3.288348E-4
1.878500E-7	-3.596686E-4
1.879000E-7	-4.196233E-4
1.879500E-7	-4.812909E-4
1.880000E-7	-5.292546E-4
1.880500E-7	-5.480975E-4
1.881000E-7	-5.378196E-4
1.881500E-7	-4.967078E-4
1.882000E-7	-4.333272E-4
1.882500E-7	-3.870765E-4
1.883000E-7	-3.767985E-4
1.883500E-7	-4.179103E-4
1.884000E-7	-4.761519E-4
1.884500E-7	-5.326806E-4
1.885000E-7	-5.874963E-4
1.885500E-7	-6.440250E-4
1.886000E-7	-7.125445E-4
1.886500E-7	-7.862031E-4
1.887000E-7	-8.393058E-4
1.887500E-7	-8.632877E-4
1.888000E-7	-8.821306E-4
1.888500E-7	-9.026864E-4
1.889000E-7	-9.061124E-4
1.889500E-7	-8.941215E-4
1.890000E-7	-9.043994E-4
1.890500E-7	-9.352332E-4
1.891000E-7	-9.575021E-4
1.891500E-7	-9.420852E-4
1.892000E-7	-8.958345E-4
1.892500E-7	-8.427318E-4
1.893000E-7	-7.862031E-4
1.893500E-7	-7.108316E-4
1.894000E-7	-5.994872E-4
1.894500E-7	-4.590220E-4
1.895000E-7	-2.980010E-4
1.895500E-7	-1.455449E-4
1.896000E-7	-3.591352E-5
1.896500E-7	5.487495E-5
1.897000E-7	1.216816E-4
1.897500E-7	1.011257E-4
1.898000E-7	3.774505E-5
1.898500E-7	-1.021867E-5
1.899000E-7	-8.045126E-5
1.899500E-7	-2.037865E-4
1.900000E-7	-3.168439E-4
1.900500E-7	-4.316142E-4
1.901000E-7	-5.943482E-4
1.901500E-7	-7.690732E-4
1.902000E-7	-8.872695E-4
1.902500E-7	-9.712060E-4
1.903000E-7	-1.031161E-3
1.903500E-7	-1.048291E-3
1.904000E-7	-1.014031E-3
1.904500E-7	-9.455112E-4
1.905000E-7	-8.495837E-4
1.905500E-7	-7.468043E-4
1.906000E-7	-6.405990E-4
1.906500E-7	-5.258286E-4
1.907000E-7	-4.127713E-4
1.907500E-7	-3.065659E-4
1.908000E-7	-1.952216E-4
1.908500E-7	-8.730322E-5
1.909000E-7	-3.366707E-6
1.909500E-7	4.973598E-5
1.910000E-7	8.399578E-5
1.910500E-7	1.062646E-4
1.911000E-7	1.011257E-4
1.911500E-7	7.371784E-5
1.912000E-7	1.033721E-5
1.912500E-7	-5.133043E-5
1.913000E-7	-7.017332E-5
1.913500E-7	-5.818239E-5
1.914000E-7	-4.447847E-5
1.914500E-7	-2.392259E-5
1.915000E-7	2.575412E-5
1.915500E-7	1.079776E-4
1.916000E-7	1.987661E-4
1.916500E-7	2.724247E-4
1.917000E-7	3.460832E-4
1.917500E-7	4.265938E-4
1.918000E-7	4.762705E-4
1.918500E-7	4.779835E-4
1.919000E-7	4.420107E-4
1.919500E-7	3.734911E-4
1.920000E-7	2.827026E-4
1.920500E-7	1.953401E-4
1.921000E-7	1.319595E-4
1.921500E-7	9.941269E-5
1.922000E-7	1.045517E-4
1.922500E-7	1.370985E-4
1.923000E-7	1.662193E-4
1.923500E-7	1.884882E-4
1.924000E-7	2.244610E-4
1.924500E-7	2.741377E-4
1.925000E-7	3.152494E-4
1.925500E-7	3.340923E-4
1.926000E-7	3.083975E-4
1.926500E-7	2.398779E-4
1.927000E-7	1.336725E-4
1.927500E-7	1.890216E-5
1.928000E-7	-9.758116E-5
1.928500E-7	-2.037865E-4
1.929000E-7	-2.808711E-4
1.929500E-7	-3.322608E-4
1.930000E-7	-3.613816E-4
1.930500E-7	-3.630946E-4
1.931000E-7	-3.408257E-4
1.931500E-7	-3.185569E-4
1.932000E-7	-3.185569E-4
1.932500E-7	-3.528167E-4
1.933000E-7	-4.247622E-4
1.933500E-7	-5.498105E-4
1.934000E-7	-7.091186E-4
1.934500E-7	-8.752786E-4
1.935000E-7	-1.038013E-3
1.935500E-7	-1.175052E-3
1.936000E-7	-1.253849E-3
1.936500E-7	-1.233293E-3
1.937000E-7	-1.106532E-3
1.937500E-7	-8.855565E-4
1.938000E-7	-6.149041E-4
1.938500E-7	-3.373997E-4
1.939000E-7	-7.531229E-5
1.939500E-7	1.593673E-4
1.940000E-7	3.426573E-4
1.940500E-7	4.814095E-4
1.941000E-7	5.927538E-4
1.941500E-7	6.407175E-4
1.942000E-7	5.944668E-4
1.942500E-7	4.745575E-4
1.943000E-7	3.118234E-4
1.943500E-7	1.233945E-4
1.944000E-7	-6.674734E-5
1.944500E-7	-2.466113E-4
1.945000E-7	-3.939284E-4
1.945500E-7	-4.864299E-4
1.946000E-7	-4.881429E-4
1.946500E-7	-4.144843E-4
1.947000E-7	-3.031399E-4
1.947500E-7	-1.695267E-4
1.948000E-7	-2.734857E-5
1.948500E-7	9.941269E-5
1.949000E-7	1.747842E-4
1.949500E-7	1.679323E-4
1.950000E-7	8.399578E-5
1.950500E-7	-4.961744E-5
1.951000E-7	-1.935086E-4
1.951500E-7	-3.579556E-4
1.952000E-7	-5.326806E-4
1.952500E-7	-6.714328E-4
1.953000E-7	-7.622213E-4
1.953500E-7	-8.170369E-4
1.954000E-7	-8.273149E-4
1.954500E-7	-7.587953E-4
1.955000E-7	-6.234691E-4
1.955500E-7	-4.864299E-4
1.956000E-7	-3.545296E-4
1.956500E-7	-2.226294E-4
1.957000E-7	-1.369799E-4
1.957500E-7	-1.078591E-4
1.958000E-7	-1.267020E-4
1.958500E-7	-1.798047E-4
1.959000E-7	-2.705931E-4
1.959500E-7	-3.785115E-4
1.960000E-7	-4.675870E-4
1.960500E-7	-5.378196E-4
1.961000E-7	-6.114781E-4
1.961500E-7	-6.834237E-4
1.962000E-7	-7.450914E-4
1.962500E-7	-7.862031E-4
1.963000E-7	-7.913421E-4
1.963500E-7	-7.622213E-4
1.964000E-7	-7.091186E-4
1.964500E-7	-6.388860E-4
1.965000E-7	-5.549495E-4
1.965500E-7	-4.658740E-4
1.966000E-7	-3.836505E-4
1.966500E-7	-3.082789E-4
1.967000E-7	-2.551762E-4
1.967500E-7	-2.174905E-4
1.968000E-7	-1.763787E-4
1.968500E-7	-1.421189E-4
1.969000E-7	-1.506838E-4
1.969500E-7	-2.072125E-4
1.970000E-7	-2.842971E-4
1.970500E-7	-3.956414E-4
1.971000E-7	-5.446715E-4
1.971500E-7	-7.056926E-4
1.972000E-7	-8.495837E-4
1.972500E-7	-9.746320E-4
1.973000E-7	-1.072272E-3
1.973500E-7	-1.135653E-3
1.974000E-7	-1.151070E-3
1.974500E-7	-1.109958E-3
1.975000E-7	-1.002040E-3
1.975500E-7	-8.701396E-4
1.976000E-7	-7.587953E-4
1.976500E-7	-6.748588E-4
1.977000E-7	-6.097652E-4
1.977500E-7	-5.806443E-4
1.978000E-7	-5.909223E-4
1.978500E-7	-6.131911E-4
1.979000E-7	-6.474509E-4
1.979500E-7	-7.108316E-4
1.980000E-7	-7.622213E-4
1.980500E-7	-7.450914E-4
1.981000E-7	-6.628678E-4
1.981500E-7	-5.583755E-4
1.982000E-7	-4.384662E-4
1.982500E-7	-3.236958E-4
1.983000E-7	-2.551762E-4
1.983500E-7	-2.500373E-4
1.984000E-7	-3.151309E-4
1.984500E-7	-4.418921E-4
1.985000E-7	-6.080522E-4
1.985500E-7	-7.896291E-4
1.986000E-7	-1.008892E-3
1.986500E-7	-1.265840E-3
1.987000E-7	-1.505659E-3
1.987500E-7	-1.692375E-3
1.988000E-7	-1.832840E-3
1.988500E-7	-1.909925E-3
1.989000E-7	-1.901360E-3
1.989500E-7	-1.805432E-3
1.990000E-7	-1.663254E-3
1.990500E-7	-1.509085E-3
1.991000E-7	-1.360055E-3
1.991500E-7	-1.192182E-3
1.992000E-7	-9.883359E-4
1.992500E-7	-7.930551E-4
1.993000E-7	-6.474509E-4
1.993500E-7	-5.532365E-4
1.994000E-7	-4.812909E-4
1.994500E-7	-4.470311E-4
1.995000E-7	-4.607350E-4
1.995500E-7	-5.069858E-4
1.996000E-7	-5.892093E-4
1.996500E-7	-7.022666E-4
1.997000E-7	-8.358798E-4
1.997500E-7	-9.540761E-4
1.998000E-7	-1.056856E-3
1.998500E-7	-1.159635E-3
1.999000E-7	-1.243571E-3
1.999500E-7	-1.257275E-3
2.000000E-7	-1.193895E-3
