Study Name	Tungsten_Calibration
Sample Name	2024-04-04
Run Name	spot24
Operator	Jonas
Date	4/4/2024
Time	11:16 AM
Sign	FIX
Grating Spacing	07.6 um
Channel	3
Number Traces	6000
Files in Batch	1
Batch Number	1
dt	50.000001E-12
time stamp (ms)	11:16:26 AM
	
Time	Amplitude
0.000000E+0	-1.306952E-3
5.000000E-11	-1.269266E-3
1.000000E-10	-1.187043E-3
1.500000E-10	-1.096254E-3
2.000000E-10	-9.694930E-4
2.500000E-10	-7.999070E-4
3.000000E-10	-6.217561E-4
3.500000E-10	-4.778649E-4
4.000000E-10	-3.682336E-4
4.500000E-10	-2.962880E-4
5.000000E-10	-2.723061E-4
5.500000E-10	-2.894360E-4
6.000000E-10	-3.476777E-4
6.500000E-10	-4.573090E-4
7.000000E-10	-6.183301E-4
7.500000E-10	-8.016200E-4
8.000000E-10	-9.917619E-4
8.500000E-10	-1.157922E-3
9.000000E-10	-1.272692E-3
9.500000E-10	-1.318943E-3
1.000000E-9	-1.300100E-3
1.050000E-9	-1.238432E-3
1.100000E-9	-1.166487E-3
1.150000E-9	-1.108245E-3
1.200000E-9	-1.073985E-3
1.250000E-9	-1.067133E-3
1.300000E-9	-1.092828E-3
1.350000E-9	-1.133940E-3
1.400000E-9	-1.171626E-3
1.450000E-9	-1.223016E-3
1.500000E-9	-1.260701E-3
1.550000E-9	-1.248710E-3
1.600000E-9	-1.216164E-3
1.650000E-9	-1.176765E-3
1.700000E-9	-1.103106E-3
1.750000E-9	-9.831970E-4
1.800000E-9	-8.598617E-4
1.850000E-9	-7.673602E-4
1.900000E-9	-7.056926E-4
1.950000E-9	-6.851367E-4
2.000000E-9	-6.919887E-4
2.050000E-9	-7.313874E-4
2.100000E-9	-8.375928E-4
2.150000E-9	-9.883359E-4
2.200000E-9	-1.152783E-3
2.250000E-9	-1.324082E-3
2.300000E-9	-1.503946E-3
2.350000E-9	-1.646124E-3
2.400000E-9	-1.718070E-3
2.450000E-9	-1.759181E-3
2.500000E-9	-1.800293E-3
2.550000E-9	-1.839692E-3
2.600000E-9	-1.861961E-3
2.650000E-9	-1.843118E-3
2.700000E-9	-1.790015E-3
2.750000E-9	-1.724922E-3
2.800000E-9	-1.671819E-3
2.850000E-9	-1.610151E-3
2.900000E-9	-1.534780E-3
2.950000E-9	-1.467973E-3
3.000000E-9	-1.408018E-3
3.050000E-9	-1.366907E-3
3.100000E-9	-1.353203E-3
3.150000E-9	-1.351490E-3
3.200000E-9	-1.356629E-3
3.250000E-9	-1.375472E-3
3.300000E-9	-1.406305E-3
3.350000E-9	-1.411444E-3
3.400000E-9	-1.401167E-3
3.450000E-9	-1.418296E-3
3.500000E-9	-1.461121E-3
3.550000E-9	-1.497094E-3
3.600000E-9	-1.509085E-3
3.650000E-9	-1.512511E-3
3.700000E-9	-1.522789E-3
3.750000E-9	-1.550197E-3
3.800000E-9	-1.582743E-3
3.850000E-9	-1.610151E-3
3.900000E-9	-1.630707E-3
3.950000E-9	-1.623855E-3
4.000000E-9	-1.570753E-3
4.050000E-9	-1.502233E-3
4.100000E-9	-1.437139E-3
4.150000E-9	-1.346351E-3
4.200000E-9	-1.221303E-3
4.250000E-9	-1.089402E-3
4.300000E-9	-9.557891E-4
4.350000E-9	-8.153239E-4
4.400000E-9	-7.005536E-4
4.450000E-9	-6.097652E-4
4.500000E-9	-5.052728E-4
4.550000E-9	-4.384662E-4
4.600000E-9	-4.675870E-4
4.650000E-9	-5.618014E-4
4.700000E-9	-6.645808E-4
4.750000E-9	-7.724992E-4
4.800000E-9	-9.043994E-4
4.850000E-9	-1.043152E-3
4.900000E-9	-1.175052E-3
4.950000E-9	-1.264127E-3
5.000000E-9	-1.308665E-3
5.050000E-9	-1.334360E-3
5.100000E-9	-1.351490E-3
5.150000E-9	-1.318943E-3
5.200000E-9	-1.250423E-3
5.250000E-9	-1.188756E-3
5.300000E-9	-1.145931E-3
5.350000E-9	-1.113384E-3
5.400000E-9	-1.118523E-3
5.450000E-9	-1.163061E-3
5.500000E-9	-1.217877E-3
5.550000E-9	-1.264127E-3
5.600000E-9	-1.330934E-3
5.650000E-9	-1.420009E-3
5.700000E-9	-1.498807E-3
5.750000E-9	-1.551910E-3
5.800000E-9	-1.577604E-3
5.850000E-9	-1.581030E-3
5.900000E-9	-1.579317E-3
5.950000E-9	-1.577604E-3
6.000000E-9	-1.557049E-3
6.050000E-9	-1.517650E-3
6.100000E-9	-1.488529E-3
6.150000E-9	-1.474825E-3
6.200000E-9	-1.449130E-3
6.250000E-9	-1.384037E-3
6.300000E-9	-1.291535E-3
6.350000E-9	-1.188756E-3
6.400000E-9	-1.096254E-3
6.450000E-9	-1.029448E-3
6.500000E-9	-9.986139E-4
6.550000E-9	-1.007179E-3
6.600000E-9	-1.065420E-3
6.650000E-9	-1.130514E-3
6.700000E-9	-1.193895E-3
6.750000E-9	-1.250423E-3
6.800000E-9	-1.279544E-3
6.850000E-9	-1.300100E-3
6.900000E-9	-1.320656E-3
6.950000E-9	-1.306952E-3
7.000000E-9	-1.229868E-3
7.050000E-9	-1.118523E-3
7.100000E-9	-9.900489E-4
7.150000E-9	-8.341668E-4
7.200000E-9	-6.868497E-4
7.250000E-9	-6.012002E-4
7.300000E-9	-5.600884E-4
7.350000E-9	-5.343936E-4
7.400000E-9	-5.498105E-4
7.450000E-9	-6.320340E-4
7.500000E-9	-7.570823E-4
7.550000E-9	-8.804176E-4
7.600000E-9	-9.849100E-4
7.650000E-9	-1.075698E-3
7.700000E-9	-1.149357E-3
7.750000E-9	-1.212738E-3
7.800000E-9	-1.279544E-3
7.850000E-9	-1.358342E-3
7.900000E-9	-1.414870E-3
7.950000E-9	-1.420009E-3
8.000000E-9	-1.423435E-3
8.050000E-9	-1.438852E-3
8.100000E-9	-1.416583E-3
8.150000E-9	-1.341212E-3
8.200000E-9	-1.250423E-3
8.250000E-9	-1.175052E-3
8.300000E-9	-1.091115E-3
8.350000E-9	-9.900489E-4
8.400000E-9	-9.078254E-4
8.450000E-9	-8.650007E-4
8.500000E-9	-8.564357E-4
8.550000E-9	-8.461578E-4
8.600000E-9	-8.512967E-4
8.650000E-9	-9.095384E-4
8.700000E-9	-1.003753E-3
8.750000E-9	-1.096254E-3
8.800000E-9	-1.209312E-3
8.850000E-9	-1.378898E-3
8.900000E-9	-1.555336E-3
8.950000E-9	-1.651263E-3
9.000000E-9	-1.682097E-3
9.050000E-9	-1.682097E-3
9.100000E-9	-1.639272E-3
9.150000E-9	-1.531354E-3
9.200000E-9	-1.397741E-3
9.250000E-9	-1.260701E-3
9.300000E-9	-1.097967E-3
9.350000E-9	-9.318073E-4
9.400000E-9	-8.050460E-4
9.450000E-9	-7.211095E-4
9.500000E-9	-6.405990E-4
9.550000E-9	-5.806443E-4
9.600000E-9	-5.515235E-4
9.650000E-9	-5.463845E-4
9.700000E-9	-5.806443E-4
9.750000E-9	-6.594419E-4
9.800000E-9	-7.485173E-4
9.850000E-9	-8.581487E-4
9.900000E-9	-9.814840E-4
9.950000E-9	-1.089402E-3
1.000000E-8	-1.195608E-3
1.005000E-8	-1.320656E-3
1.010000E-8	-1.447417E-3
1.015000E-8	-1.527928E-3
1.020000E-8	-1.563901E-3
1.025000E-8	-1.575891E-3
1.030000E-8	-1.593021E-3
1.035000E-8	-1.617003E-3
1.040000E-8	-1.618716E-3
1.045000E-8	-1.603299E-3
1.050000E-8	-1.591308E-3
1.055000E-8	-1.579317E-3
1.060000E-8	-1.550197E-3
1.065000E-8	-1.545058E-3
1.070000E-8	-1.551910E-3
1.075000E-8	-1.527928E-3
1.080000E-8	-1.473112E-3
1.085000E-8	-1.428574E-3
1.090000E-8	-1.406305E-3
1.095000E-8	-1.402880E-3
1.100000E-8	-1.414870E-3
1.105000E-8	-1.440565E-3
1.110000E-8	-1.473112E-3
1.115000E-8	-1.500520E-3
1.120000E-8	-1.519363E-3
1.125000E-8	-1.515937E-3
1.130000E-8	-1.502233E-3
1.135000E-8	-1.485103E-3
1.140000E-8	-1.473112E-3
1.145000E-8	-1.473112E-3
1.150000E-8	-1.469686E-3
1.155000E-8	-1.459408E-3
1.160000E-8	-1.447417E-3
1.165000E-8	-1.421722E-3
1.170000E-8	-1.373759E-3
1.175000E-8	-1.308665E-3
1.180000E-8	-1.226442E-3
1.185000E-8	-1.118523E-3
1.190000E-8	-9.917619E-4
1.195000E-8	-8.718526E-4
1.200000E-8	-7.570823E-4
1.205000E-8	-6.748588E-4
1.210000E-8	-6.268951E-4
1.215000E-8	-5.772183E-4
1.220000E-8	-5.480975E-4
1.225000E-8	-5.857833E-4
1.230000E-8	-6.834237E-4
1.235000E-8	-7.810641E-4
1.240000E-8	-8.889825E-4
1.245000E-8	-1.022596E-3
1.250000E-8	-1.147644E-3
1.255000E-8	-1.216164E-3
1.260000E-8	-1.229868E-3
1.265000E-8	-1.202460E-3
1.270000E-8	-1.130514E-3
1.275000E-8	-1.026022E-3
1.280000E-8	-9.232423E-4
1.285000E-8	-8.341668E-4
1.290000E-8	-7.605083E-4
1.295000E-8	-6.919887E-4
1.300000E-8	-6.217561E-4
1.305000E-8	-5.686534E-4
1.310000E-8	-5.463845E-4
1.315000E-8	-5.498105E-4
1.320000E-8	-5.446715E-4
1.325000E-8	-5.326806E-4
1.330000E-8	-5.001338E-4
1.335000E-8	-3.922154E-4
1.340000E-8	-1.712397E-4
1.345000E-8	1.473764E-4
1.350000E-8	5.996058E-4
1.355000E-8	1.200865E-3
1.360000E-8	1.951155E-3
1.365000E-8	2.838484E-3
1.370000E-8	3.845722E-3
1.375000E-8	4.950600E-3
1.380000E-8	6.159971E-3
1.385000E-8	7.441288E-3
1.390000E-8	8.736308E-3
1.395000E-8	9.995356E-3
1.400000E-8	1.123727E-2
1.405000E-8	1.241067E-2
1.410000E-8	1.344703E-2
1.415000E-8	1.434978E-2
1.420000E-8	1.514118E-2
1.425000E-8	1.579211E-2
1.430000E-8	1.630258E-2
1.435000E-8	1.672398E-2
1.440000E-8	1.711968E-2
1.445000E-8	1.752566E-2
1.450000E-8	1.795048E-2
1.455000E-8	1.835475E-2
1.460000E-8	1.875730E-2
1.465000E-8	1.919925E-2
1.470000E-8	1.966861E-2
1.475000E-8	2.015681E-2
1.480000E-8	2.067414E-2
1.485000E-8	2.114521E-2
1.490000E-8	2.151007E-2
1.495000E-8	2.180813E-2
1.500000E-8	2.203768E-2
1.505000E-8	2.215758E-2
1.510000E-8	2.218157E-2
1.515000E-8	2.218671E-2
1.520000E-8	2.215587E-2
1.525000E-8	2.204624E-2
1.530000E-8	2.190920E-2
1.535000E-8	2.176017E-2
1.540000E-8	2.156318E-2
1.545000E-8	2.130109E-2
1.550000E-8	2.100303E-2
1.555000E-8	2.066214E-2
1.560000E-8	2.026816E-2
1.565000E-8	1.982107E-2
1.570000E-8	1.932430E-2
1.575000E-8	1.873846E-2
1.580000E-8	1.811493E-2
1.585000E-8	1.747598E-2
1.590000E-8	1.680620E-2
1.595000E-8	1.610902E-2
1.600000E-8	1.538956E-2
1.605000E-8	1.466154E-2
1.610000E-8	1.392495E-2
1.615000E-8	1.320036E-2
1.620000E-8	1.252887E-2
1.625000E-8	1.190191E-2
1.630000E-8	1.128181E-2
1.635000E-8	1.069426E-2
1.640000E-8	1.020434E-2
1.645000E-8	9.818918E-3
1.650000E-8	9.493450E-3
1.655000E-8	9.227936E-3
1.660000E-8	9.058350E-3
1.665000E-8	8.962423E-3
1.670000E-8	8.907607E-3
1.675000E-8	8.907607E-3
1.680000E-8	8.989831E-3
1.685000E-8	9.138861E-3
1.690000E-8	9.356410E-3
1.695000E-8	9.647619E-3
1.700000E-8	1.000392E-2
1.705000E-8	1.041161E-2
1.710000E-8	1.087926E-2
1.715000E-8	1.139316E-2
1.720000E-8	1.192076E-2
1.725000E-8	1.247234E-2
1.730000E-8	1.302906E-2
1.735000E-8	1.355495E-2
1.740000E-8	1.402945E-2
1.745000E-8	1.448339E-2
1.750000E-8	1.490307E-2
1.755000E-8	1.529706E-2
1.760000E-8	1.567906E-2
1.765000E-8	1.602337E-2
1.770000E-8	1.628032E-2
1.775000E-8	1.649273E-2
1.780000E-8	1.670342E-2
1.785000E-8	1.688500E-2
1.790000E-8	1.698264E-2
1.795000E-8	1.699635E-2
1.800000E-8	1.696894E-2
1.805000E-8	1.689357E-2
1.810000E-8	1.677537E-2
1.815000E-8	1.662805E-2
1.820000E-8	1.643962E-2
1.825000E-8	1.621351E-2
1.830000E-8	1.595656E-2
1.835000E-8	1.566364E-2
1.840000E-8	1.533817E-2
1.845000E-8	1.498187E-2
1.850000E-8	1.460159E-2
1.855000E-8	1.419389E-2
1.860000E-8	1.375023E-2
1.865000E-8	1.326545E-2
1.870000E-8	1.272415E-2
1.875000E-8	1.212803E-2
1.880000E-8	1.148223E-2
1.885000E-8	1.078504E-2
1.890000E-8	1.004161E-2
1.895000E-8	9.293030E-3
1.900000E-8	8.597556E-3
1.905000E-8	7.970602E-3
1.910000E-8	7.410454E-3
1.915000E-8	6.942808E-3
1.920000E-8	6.612201E-3
1.925000E-8	6.416920E-3
1.930000E-8	6.339835E-3
1.935000E-8	6.389512E-3
1.940000E-8	6.557385E-3
1.945000E-8	6.780074E-3
1.950000E-8	7.004475E-3
1.955000E-8	7.199756E-3
1.960000E-8	7.348786E-3
1.965000E-8	7.485825E-3
1.970000E-8	7.639994E-3
1.975000E-8	7.801016E-3
1.980000E-8	7.932916E-3
1.985000E-8	8.064816E-3
1.990000E-8	8.222411E-3
1.995000E-8	8.443387E-3
2.000000E-8	8.726030E-3
2.005000E-8	9.066915E-3
2.010000E-8	9.442060E-3
2.015000E-8	9.851465E-3
2.020000E-8	1.032254E-2
2.025000E-8	1.082444E-2
2.030000E-8	1.131607E-2
2.035000E-8	1.178372E-2
2.040000E-8	1.223937E-2
2.045000E-8	1.265220E-2
2.050000E-8	1.299994E-2
2.055000E-8	1.327573E-2
2.060000E-8	1.347101E-2
2.065000E-8	1.361319E-2
2.070000E-8	1.377079E-2
2.075000E-8	1.397121E-2
2.080000E-8	1.414764E-2
2.085000E-8	1.428982E-2
2.090000E-8	1.444913E-2
2.095000E-8	1.462557E-2
2.100000E-8	1.479858E-2
2.105000E-8	1.495104E-2
2.110000E-8	1.505553E-2
2.115000E-8	1.506752E-2
2.120000E-8	1.498530E-2
2.125000E-8	1.480543E-2
2.130000E-8	1.451422E-2
2.135000E-8	1.411852E-2
2.140000E-8	1.361148E-2
2.145000E-8	1.296568E-2
2.150000E-8	1.222738E-2
2.155000E-8	1.144968E-2
2.160000E-8	1.064115E-2
2.165000E-8	9.817205E-3
2.170000E-8	9.041220E-3
2.175000E-8	8.332042E-3
2.180000E-8	7.670828E-3
2.185000E-8	7.079847E-3
2.190000E-8	6.589932E-3
2.195000E-8	6.185666E-3
2.200000E-8	5.837929E-3
2.205000E-8	5.536443E-3
2.210000E-8	5.250373E-3
2.215000E-8	4.964304E-3
2.220000E-8	4.705643E-3
2.225000E-8	4.489806E-3
2.230000E-8	4.299664E-3
2.235000E-8	4.136930E-3
2.240000E-8	4.030725E-3
2.245000E-8	3.998178E-3
2.250000E-8	4.078688E-3
2.255000E-8	4.296238E-3
2.260000E-8	4.650827E-3
2.265000E-8	5.094491E-3
2.270000E-8	5.613527E-3
2.275000E-8	6.219926E-3
2.280000E-8	6.893131E-3
2.285000E-8	7.562910E-3
2.290000E-8	8.195003E-3
2.295000E-8	8.779133E-3
2.300000E-8	9.287891E-3
2.305000E-8	9.692156E-3
2.310000E-8	9.997069E-3
2.315000E-8	1.025402E-2
2.320000E-8	1.049555E-2
2.325000E-8	1.074565E-2
2.330000E-8	1.098546E-2
2.335000E-8	1.123213E-2
2.340000E-8	1.153876E-2
2.345000E-8	1.192076E-2
2.350000E-8	1.236099E-2
2.355000E-8	1.284234E-2
2.360000E-8	1.331342E-2
2.365000E-8	1.372625E-2
2.370000E-8	1.406542E-2
2.375000E-8	1.430181E-2
2.380000E-8	1.439260E-2
2.385000E-8	1.432237E-2
2.390000E-8	1.410311E-2
2.395000E-8	1.373995E-2
2.400000E-8	1.326545E-2
2.405000E-8	1.274813E-2
2.410000E-8	1.218627E-2
2.415000E-8	1.156959E-2
2.420000E-8	1.095120E-2
2.425000E-8	1.037564E-2
2.430000E-8	9.846326E-3
2.435000E-8	9.382105E-3
2.440000E-8	8.981266E-3
2.445000E-8	8.612973E-3
2.450000E-8	8.232689E-3
2.455000E-8	7.802729E-3
2.460000E-8	7.329943E-3
2.465000E-8	6.792064E-3
2.470000E-8	6.171962E-3
2.475000E-8	5.467923E-3
2.480000E-8	4.726199E-3
2.485000E-8	3.963918E-3
2.490000E-8	3.205063E-3
2.495000E-8	2.507877E-3
2.500000E-8	1.922034E-3
2.505000E-8	1.476657E-3
2.510000E-8	1.185448E-3
2.515000E-8	1.087808E-3
2.520000E-8	1.195726E-3
2.525000E-8	1.462953E-3
2.530000E-8	1.846662E-3
2.535000E-8	2.309170E-3
2.540000E-8	2.829919E-3
2.545000E-8	3.359233E-3
2.550000E-8	3.885120E-3
2.555000E-8	4.426425E-3
2.560000E-8	4.943748E-3
2.565000E-8	5.416534E-3
2.570000E-8	5.897884E-3
2.575000E-8	6.404929E-3
2.580000E-8	6.906835E-3
2.585000E-8	7.403602E-3
2.590000E-8	7.932916E-3
2.595000E-8	8.479360E-3
2.600000E-8	9.018951E-3
2.605000E-8	9.546552E-3
2.610000E-8	1.004161E-2
2.615000E-8	1.049555E-2
2.620000E-8	1.091866E-2
2.625000E-8	1.129894E-2
2.630000E-8	1.160728E-2
2.635000E-8	1.184881E-2
2.640000E-8	1.202182E-2
2.645000E-8	1.211432E-2
2.650000E-8	1.214002E-2
2.655000E-8	1.212632E-2
2.660000E-8	1.204409E-2
2.665000E-8	1.189506E-2
2.670000E-8	1.169807E-2
2.675000E-8	1.147538E-2
2.680000E-8	1.119445E-2
2.685000E-8	1.083301E-2
2.690000E-8	1.038420E-2
2.695000E-8	9.853177E-3
2.700000E-8	9.272474E-3
2.705000E-8	8.678066E-3
2.710000E-8	8.076807E-3
2.715000E-8	7.485825E-3
2.720000E-8	6.906835E-3
2.725000E-8	6.363817E-3
2.730000E-8	5.891032E-3
2.735000E-8	5.498757E-3
2.740000E-8	5.156159E-3
2.745000E-8	4.868377E-3
2.750000E-8	4.630271E-3
2.755000E-8	4.433277E-3
2.760000E-8	4.253413E-3
2.765000E-8	4.095818E-3
2.770000E-8	3.946788E-3
2.775000E-8	3.814888E-3
2.780000E-8	3.720673E-3
2.785000E-8	3.643589E-3
2.790000E-8	3.552800E-3
2.795000E-8	3.484281E-3
2.800000E-8	3.450021E-3
2.805000E-8	3.424326E-3
2.810000E-8	3.415761E-3
2.815000E-8	3.484281E-3
2.820000E-8	3.640163E-3
2.825000E-8	3.826879E-3
2.830000E-8	4.039290E-3
2.835000E-8	4.308229E-3
2.840000E-8	4.609715E-3
2.845000E-8	4.899211E-3
2.850000E-8	5.175002E-3
2.855000E-8	5.473062E-3
2.860000E-8	5.839642E-3
2.865000E-8	6.276454E-3
2.870000E-8	6.738962E-3
2.875000E-8	7.223738E-3
2.880000E-8	7.739348E-3
2.885000E-8	8.266949E-3
2.890000E-8	8.779133E-3
2.895000E-8	9.286178E-3
2.900000E-8	9.770954E-3
2.905000E-8	1.018892E-2
2.910000E-8	1.051782E-2
2.915000E-8	1.075764E-2
2.920000E-8	1.087755E-2
2.925000E-8	1.087583E-2
2.930000E-8	1.074222E-2
2.935000E-8	1.046300E-2
2.940000E-8	1.008101E-2
2.945000E-8	9.671601E-3
2.950000E-8	9.253631E-3
2.955000E-8	8.844226E-3
2.960000E-8	8.506767E-3
2.965000E-8	8.248106E-3
2.970000E-8	8.020278E-3
2.975000E-8	7.852405E-3
2.980000E-8	7.797590E-3
2.985000E-8	7.799303E-3
2.990000E-8	7.761617E-3
2.995000E-8	7.658837E-3
3.000000E-8	7.468695E-3
3.005000E-8	7.167209E-3
3.010000E-8	6.742388E-3
3.015000E-8	6.223352E-3
3.020000E-8	5.622092E-3
3.025000E-8	4.950600E-3
3.030000E-8	4.246561E-3
3.035000E-8	3.552800E-3
3.040000E-8	2.913855E-3
3.045000E-8	2.351994E-3
3.050000E-8	1.884348E-3
3.055000E-8	1.526333E-3
3.060000E-8	1.303645E-3
3.065000E-8	1.175170E-3
3.070000E-8	1.101512E-3
3.075000E-8	1.098086E-3
3.080000E-8	1.173457E-3
3.085000E-8	1.276237E-3
3.090000E-8	1.396146E-3
3.095000E-8	1.565732E-3
3.100000E-8	1.795273E-3
3.105000E-8	2.065925E-3
3.110000E-8	2.369124E-3
3.115000E-8	2.701444E-3
3.120000E-8	3.038903E-3
3.125000E-8	3.408909E-3
3.130000E-8	3.832018E-3
3.135000E-8	4.256839E-3
3.140000E-8	4.661105E-3
3.145000E-8	5.087639E-3
3.150000E-8	5.522739E-3
3.155000E-8	5.942421E-3
3.160000E-8	6.360391E-3
3.165000E-8	6.764657E-3
3.170000E-8	7.136375E-3
3.175000E-8	7.472121E-3
3.180000E-8	7.768469E-3
3.185000E-8	8.015139E-3
3.190000E-8	8.242967E-3
3.195000E-8	8.465656E-3
3.200000E-8	8.635242E-3
3.205000E-8	8.746586E-3
3.210000E-8	8.861356E-3
3.215000E-8	8.986405E-3
3.220000E-8	9.060063E-3
3.225000E-8	9.084045E-3
3.230000E-8	9.077193E-3
3.235000E-8	9.020664E-3
3.240000E-8	8.916172E-3
3.245000E-8	8.743160E-3
3.250000E-8	8.472508E-3
3.255000E-8	8.131623E-3
3.260000E-8	7.768469E-3
3.265000E-8	7.379620E-3
3.270000E-8	6.949660E-3
3.275000E-8	6.509421E-3
3.280000E-8	6.058905E-3
3.285000E-8	5.589545E-3
3.290000E-8	5.111621E-3
3.295000E-8	4.609715E-3
3.300000E-8	4.049568E-3
3.305000E-8	3.480855E-3
3.310000E-8	2.922420E-3
3.315000E-8	2.331439E-3
3.320000E-8	1.709623E-3
3.325000E-8	1.122068E-3
3.330000E-8	5.824759E-4
3.335000E-8	1.045517E-4
3.340000E-8	-2.911490E-4
3.345000E-8	-5.857833E-4
3.350000E-8	-7.776382E-4
3.355000E-8	-8.427318E-4
3.360000E-8	-7.862031E-4
3.365000E-8	-6.474509E-4
3.370000E-8	-4.384662E-4
3.375000E-8	-1.506838E-4
3.380000E-8	1.747842E-4
3.385000E-8	5.105303E-4
3.390000E-8	8.959530E-4
3.395000E-8	1.343043E-3
3.400000E-8	1.796986E-3
3.405000E-8	2.221807E-3
3.410000E-8	2.636351E-3
3.415000E-8	3.026913E-3
3.420000E-8	3.376362E-3
3.425000E-8	3.682988E-3
3.430000E-8	3.963918E-3
3.435000E-8	4.227718E-3
3.440000E-8	4.489806E-3
3.445000E-8	4.755319E-3
3.450000E-8	5.010555E-3
3.455000E-8	5.265790E-3
3.460000E-8	5.572416E-3
3.465000E-8	5.937282E-3
3.470000E-8	6.312427E-3
3.475000E-8	6.699563E-3
3.480000E-8	7.091838E-3
3.485000E-8	7.463557E-3
3.490000E-8	7.785599E-3
3.495000E-8	8.047686E-3
3.500000E-8	8.201855E-3
3.505000E-8	8.218985E-3
3.510000E-8	8.112780E-3
3.515000E-8	7.903795E-3
3.520000E-8	7.624578E-3
3.525000E-8	7.316239E-3
3.530000E-8	6.970215E-3
3.535000E-8	6.572802E-3
3.540000E-8	6.156545E-3
3.545000E-8	5.769409E-3
3.550000E-8	5.390839E-3
3.555000E-8	5.025972E-3
3.560000E-8	4.703930E-3
3.565000E-8	4.399017E-3
3.570000E-8	4.051281E-3
3.575000E-8	3.662432E-3
3.580000E-8	3.266731E-3
3.585000E-8	2.855614E-3
3.590000E-8	2.394819E-3
3.595000E-8	1.899765E-3
3.600000E-8	1.418415E-3
3.605000E-8	9.353518E-4
3.610000E-8	4.557146E-4
3.615000E-8	2.232814E-5
3.620000E-8	-3.202698E-4
3.625000E-8	-5.720794E-4
3.630000E-8	-7.228225E-4
3.635000E-8	-7.450914E-4
3.640000E-8	-6.628678E-4
3.645000E-8	-4.967078E-4
3.650000E-8	-2.603152E-4
3.655000E-8	1.547618E-5
3.660000E-8	3.135364E-4
3.665000E-8	6.492825E-4
3.670000E-8	1.031279E-3
3.675000E-8	1.382442E-3
3.680000E-8	1.680502E-3
3.685000E-8	1.975137E-3
3.690000E-8	2.249215E-3
3.695000E-8	2.497599E-3
3.700000E-8	2.754547E-3
3.705000E-8	3.018348E-3
3.710000E-8	3.258166E-3
3.715000E-8	3.504837E-3
3.720000E-8	3.806323E-3
3.725000E-8	4.154060E-3
3.730000E-8	4.500084E-3
3.735000E-8	4.854673E-3
3.740000E-8	5.250373E-3
3.745000E-8	5.658065E-3
3.750000E-8	5.998950E-3
3.755000E-8	6.254186E-3
3.760000E-8	6.476874E-3
3.765000E-8	6.672155E-3
3.770000E-8	6.778361E-3
3.775000E-8	6.776648E-3
3.780000E-8	6.714980E-3
3.785000E-8	6.615626E-3
3.790000E-8	6.447753E-3
3.795000E-8	6.228491E-3
3.800000E-8	6.002376E-3
3.805000E-8	5.748854E-3
3.810000E-8	5.428524E-3
3.815000E-8	5.049954E-3
3.820000E-8	4.650827E-3
3.825000E-8	4.231144E-3
3.830000E-8	3.780628E-3
3.835000E-8	3.318121E-3
3.840000E-8	2.848762E-3
3.845000E-8	2.382828E-3
3.850000E-8	1.947729E-3
3.855000E-8	1.553741E-3
3.860000E-8	1.192300E-3
3.865000E-8	8.462763E-4
3.870000E-8	5.276602E-4
3.875000E-8	2.124700E-4
3.880000E-8	-1.112851E-4
3.885000E-8	-3.990674E-4
3.890000E-8	-6.491639E-4
3.895000E-8	-9.026864E-4
3.900000E-8	-1.156209E-3
3.905000E-8	-1.394315E-3
3.910000E-8	-1.618716E-3
3.915000E-8	-1.829414E-3
3.920000E-8	-1.993861E-3
3.925000E-8	-2.100066E-3
3.930000E-8	-2.130900E-3
3.935000E-8	-2.052103E-3
3.940000E-8	-1.875665E-3
3.945000E-8	-1.637559E-3
3.950000E-8	-1.351490E-3
3.955000E-8	-1.019170E-3
3.960000E-8	-6.543029E-4
3.965000E-8	-2.637412E-4
3.970000E-8	1.251075E-4
3.975000E-8	4.796965E-4
3.980000E-8	8.445633E-4
3.985000E-8	1.247116E-3
3.990000E-8	1.634252E-3
3.995000E-8	1.988841E-3
4.000000E-8	2.357133E-3
4.005000E-8	2.744269E-3
4.010000E-8	3.129692E-3
4.015000E-8	3.542523E-3
4.020000E-8	3.993039E-3
4.025000E-8	4.438416E-3
4.030000E-8	4.882081E-3
4.035000E-8	5.322319E-3
4.040000E-8	5.712881E-3
4.045000E-8	6.021219E-3
4.050000E-8	6.249047E-3
4.055000E-8	6.389512E-3
4.060000E-8	6.415207E-3
4.065000E-8	6.368956E-3
4.070000E-8	6.257612E-3
4.075000E-8	6.046914E-3
4.080000E-8	5.757419E-3
4.085000E-8	5.443941E-3
4.090000E-8	5.097917E-3
4.095000E-8	4.726199E-3
4.100000E-8	4.371610E-3
4.105000E-8	4.022160E-3
4.110000E-8	3.657293E-3
4.115000E-8	3.328399E-3
4.120000E-8	3.049181E-3
4.125000E-8	2.733991E-3
4.130000E-8	2.370837E-3
4.135000E-8	2.019674E-3
4.140000E-8	1.651382E-3
4.145000E-8	1.241977E-3
4.150000E-8	8.582672E-4
4.155000E-8	5.122433E-4
4.160000E-8	1.747842E-4
4.165000E-8	-1.558228E-4
4.170000E-8	-4.795779E-4
4.175000E-8	-8.290279E-4
4.180000E-8	-1.168200E-3
4.185000E-8	-1.459408E-3
4.190000E-8	-1.731774E-3
4.195000E-8	-1.975018E-3
4.200000E-8	-2.139465E-3
4.205000E-8	-2.209698E-3
4.210000E-8	-2.209698E-3
4.215000E-8	-2.113770E-3
4.220000E-8	-1.918489E-3
4.225000E-8	-1.668393E-3
4.230000E-8	-1.377185E-3
4.235000E-8	-1.034587E-3
4.240000E-8	-6.405990E-4
4.245000E-8	-2.140645E-4
4.250000E-8	2.210350E-4
4.255000E-8	6.629864E-4
4.260000E-8	1.152902E-3
4.265000E-8	1.678789E-3
4.270000E-8	2.197825E-3
4.275000E-8	2.703157E-3
4.280000E-8	3.208489E-3
4.285000E-8	3.674423E-3
4.290000E-8	4.068410E-3
4.295000E-8	4.400730E-3
4.300000E-8	4.685087E-3
4.305000E-8	4.899211E-3
4.310000E-8	5.037963E-3
4.315000E-8	5.120186E-3
4.320000E-8	5.173289E-3
4.325000E-8	5.216114E-3
4.330000E-8	5.253799E-3
4.335000E-8	5.298337E-3
4.340000E-8	5.325745E-3
4.345000E-8	5.337736E-3
4.350000E-8	5.346301E-3
4.355000E-8	5.348014E-3
4.360000E-8	5.296624E-3
4.365000E-8	5.185280E-3
4.370000E-8	5.022546E-3
4.375000E-8	4.813561E-3
4.380000E-8	4.561752E-3
4.385000E-8	4.268830E-3
4.390000E-8	3.907389E-3
4.395000E-8	3.477429E-3
4.400000E-8	3.023487E-3
4.405000E-8	2.555840E-3
4.410000E-8	2.093333E-3
4.415000E-8	1.654808E-3
4.420000E-8	1.216282E-3
4.425000E-8	7.400709E-4
4.430000E-8	2.707117E-4
4.435000E-8	-1.421189E-4
4.440000E-8	-5.241157E-4
4.445000E-8	-9.249553E-4
4.450000E-8	-1.341212E-3
4.455000E-8	-1.731774E-3
4.460000E-8	-2.077798E-3
4.465000E-8	-2.369006E-3
4.470000E-8	-2.612250E-3
4.475000E-8	-2.769845E-3
4.480000E-8	-2.795540E-3
4.485000E-8	-2.708178E-3
4.490000E-8	-2.554009E-3
4.495000E-8	-2.321042E-3
4.500000E-8	-2.012704E-3
4.505000E-8	-1.682097E-3
4.510000E-8	-1.377185E-3
4.515000E-8	-1.096254E-3
4.520000E-8	-8.307409E-4
4.525000E-8	-5.943482E-4
4.530000E-8	-3.990674E-4
4.535000E-8	-2.157775E-4
4.540000E-8	-1.707063E-5
4.545000E-8	2.039051E-4
4.550000E-8	4.265938E-4
4.555000E-8	6.766903E-4
4.560000E-8	9.850285E-4
4.565000E-8	1.358460E-3
4.570000E-8	1.798699E-3
4.575000E-8	2.310883E-3
4.580000E-8	2.876169E-3
4.585000E-8	3.422613E-3
4.590000E-8	3.934797E-3
4.595000E-8	4.421286E-3
4.600000E-8	4.870090E-3
4.605000E-8	5.264077E-3
4.610000E-8	5.582694E-3
4.615000E-8	5.798530E-3
4.620000E-8	5.938995E-3
4.625000E-8	6.024645E-3
4.630000E-8	6.029784E-3
4.635000E-8	5.927005E-3
4.640000E-8	5.736863E-3
4.645000E-8	5.476488E-3
4.650000E-8	5.123612E-3
4.655000E-8	4.674809E-3
4.660000E-8	4.207163E-3
4.665000E-8	3.748081E-3
4.670000E-8	3.282148E-3
4.675000E-8	2.855614E-3
4.680000E-8	2.514729E-3
4.685000E-8	2.242363E-3
4.690000E-8	1.971711E-3
4.695000E-8	1.707910E-3
4.700000E-8	1.495500E-3
4.705000E-8	1.322488E-3
4.710000E-8	1.163179E-3
4.715000E-8	9.867415E-4
4.720000E-8	7.709048E-4
4.725000E-8	5.327991E-4
4.730000E-8	3.186754E-4
4.735000E-8	1.096906E-4
4.740000E-8	-1.455449E-4
4.745000E-8	-4.281882E-4
4.750000E-8	-6.731458E-4
4.755000E-8	-8.787046E-4
4.760000E-8	-1.067133E-3
4.765000E-8	-1.216164E-3
4.770000E-8	-1.272692E-3
4.775000E-8	-1.236719E-3
4.780000E-8	-1.132227E-3
4.785000E-8	-9.900489E-4
4.790000E-8	-8.118980E-4
4.795000E-8	-5.892093E-4
4.800000E-8	-3.151309E-4
4.805000E-8	5.198242E-6
4.810000E-8	3.323793E-4
4.815000E-8	6.578474E-4
4.820000E-8	9.867415E-4
4.825000E-8	1.301932E-3
4.830000E-8	1.605131E-3
4.835000E-8	1.935738E-3
4.840000E-8	2.302318E-3
4.845000E-8	2.660333E-3
4.850000E-8	2.994366E-3
4.855000E-8	3.345529E-3
4.860000E-8	3.715534E-3
4.865000E-8	4.066697E-3
4.870000E-8	4.404156E-3
4.875000E-8	4.741615E-3
4.880000E-8	5.046528E-3
4.885000E-8	5.294911E-3
4.890000E-8	5.515887E-3
4.895000E-8	5.700890E-3
4.900000E-8	5.819086E-3
4.905000E-8	5.858485E-3
4.910000E-8	5.837929E-3
4.915000E-8	5.755706E-3
4.920000E-8	5.620379E-3
4.925000E-8	5.421672E-3
4.930000E-8	5.154446E-3
4.935000E-8	4.847821E-3
4.940000E-8	4.510362E-3
4.945000E-8	4.140356E-3
4.950000E-8	3.730951E-3
4.955000E-8	3.299278E-3
4.960000E-8	2.876169E-3
4.965000E-8	2.434218E-3
4.970000E-8	1.973424E-3
4.975000E-8	1.510916E-3
4.980000E-8	1.060400E-3
4.985000E-8	5.996058E-4
4.990000E-8	1.610803E-4
4.995000E-8	-1.952216E-4
5.000000E-8	-4.710130E-4
5.005000E-8	-7.091186E-4
5.010000E-8	-8.821306E-4
5.015000E-8	-9.849100E-4
5.020000E-8	-1.060282E-3
5.025000E-8	-1.147644E-3
5.030000E-8	-1.223016E-3
5.035000E-8	-1.276118E-3
5.040000E-8	-1.303526E-3
5.045000E-8	-1.324082E-3
5.050000E-8	-1.337786E-3
5.055000E-8	-1.332647E-3
5.060000E-8	-1.300100E-3
5.065000E-8	-1.238432E-3
5.070000E-8	-1.173339E-3
5.075000E-8	-1.091115E-3
5.080000E-8	-9.643541E-4
5.085000E-8	-7.913421E-4
5.090000E-8	-5.737924E-4
5.095000E-8	-3.219828E-4
5.100000E-8	-4.790445E-5
5.105000E-8	2.484428E-4
5.110000E-8	5.893278E-4
5.115000E-8	9.730376E-4
5.120000E-8	1.368738E-3
5.125000E-8	1.749022E-3
5.130000E-8	2.108750E-3
5.135000E-8	2.451348E-3
5.140000E-8	2.783668E-3
5.145000E-8	3.093719E-3
5.150000E-8	3.340390E-3
5.155000E-8	3.537384E-3
5.160000E-8	3.732664E-3
5.165000E-8	3.927945E-3
5.170000E-8	4.099244E-3
5.175000E-8	4.239709E-3
5.180000E-8	4.364758E-3
5.185000E-8	4.482954E-3
5.190000E-8	4.585733E-3
5.195000E-8	4.655966E-3
5.200000E-8	4.669670E-3
5.205000E-8	4.625132E-3
5.210000E-8	4.534344E-3
5.215000E-8	4.369897E-3
5.220000E-8	4.090679E-3
5.225000E-8	3.715534E-3
5.230000E-8	3.297565E-3
5.235000E-8	2.850475E-3
5.240000E-8	2.375976E-3
5.245000E-8	1.915182E-3
5.250000E-8	1.505777E-3
5.255000E-8	1.154615E-3
5.260000E-8	8.274334E-4
5.265000E-8	5.173822E-4
5.270000E-8	2.552948E-4
5.275000E-8	3.945804E-5
5.280000E-8	-1.575358E-4
5.285000E-8	-3.579556E-4
5.290000E-8	-5.498105E-4
5.295000E-8	-7.365264E-4
5.300000E-8	-9.369462E-4
5.305000E-8	-1.157922E-3
5.310000E-8	-1.396028E-3
5.315000E-8	-1.646124E-3
5.320000E-8	-1.884230E-3
5.325000E-8	-2.081224E-3
5.330000E-8	-2.209698E-3
5.335000E-8	-2.281643E-3
5.340000E-8	-2.321042E-3
5.345000E-8	-2.331320E-3
5.350000E-8	-2.291921E-3
5.355000E-8	-2.194281E-3
5.360000E-8	-2.046964E-3
5.365000E-8	-1.863674E-3
5.370000E-8	-1.618716E-3
5.375000E-8	-1.305239E-3
5.380000E-8	-9.335203E-4
5.385000E-8	-5.086987E-4
5.390000E-8	-4.447847E-5
5.395000E-8	4.420107E-4
5.400000E-8	9.644726E-4
5.405000E-8	1.495500E-3
5.410000E-8	2.004258E-3
5.415000E-8	2.478756E-3
5.420000E-8	2.910429E-3
5.425000E-8	3.282148E-3
5.430000E-8	3.575069E-3
5.435000E-8	3.770350E-3
5.440000E-8	3.837157E-3
5.445000E-8	3.820027E-3
5.450000E-8	3.784054E-3
5.455000E-8	3.732664E-3
5.460000E-8	3.660719E-3
5.465000E-8	3.602477E-3
5.470000E-8	3.568217E-3
5.475000E-8	3.537384E-3
5.480000E-8	3.515115E-3
5.485000E-8	3.527106E-3
5.490000E-8	3.545948E-3
5.495000E-8	3.551087E-3
5.500000E-8	3.547661E-3
5.505000E-8	3.487707E-3
5.510000E-8	3.333538E-3
5.515000E-8	3.127979E-3
5.520000E-8	2.900151E-3
5.525000E-8	2.591813E-3
5.530000E-8	2.201251E-3
5.535000E-8	1.764439E-3
5.540000E-8	1.288228E-3
5.545000E-8	7.623398E-4
5.550000E-8	2.176090E-4
5.555000E-8	-2.945750E-4
5.560000E-8	-7.502303E-4
5.565000E-8	-1.151070E-3
5.570000E-8	-1.476538E-3
5.575000E-8	-1.692375E-3
5.580000E-8	-1.796867E-3
5.585000E-8	-1.825988E-3
5.590000E-8	-1.815710E-3
5.595000E-8	-1.772885E-3
5.600000E-8	-1.716357E-3
5.605000E-8	-1.699227E-3
5.610000E-8	-1.726635E-3
5.615000E-8	-1.781450E-3
5.620000E-8	-1.860248E-3
5.625000E-8	-1.969879E-3
5.630000E-8	-2.079511E-3
5.635000E-8	-2.134326E-3
5.640000E-8	-2.148030E-3
5.645000E-8	-2.115483E-3
5.650000E-8	-2.010991E-3
5.655000E-8	-1.796867E-3
5.660000E-8	-1.505659E-3
5.665000E-8	-1.168200E-3
5.670000E-8	-8.153239E-4
5.675000E-8	-4.470311E-4
5.680000E-8	-9.072920E-5
5.685000E-8	1.953401E-4
5.690000E-8	3.991859E-4
5.695000E-8	5.567810E-4
5.700000E-8	6.818293E-4
5.705000E-8	7.554878E-4
5.710000E-8	7.880347E-4
5.715000E-8	8.359984E-4
5.720000E-8	9.250738E-4
5.725000E-8	1.065539E-3
5.730000E-8	1.255681E-3
5.735000E-8	1.485222E-3
5.740000E-8	1.747309E-3
5.745000E-8	2.043656E-3
5.750000E-8	2.341717E-3
5.755000E-8	2.608943E-3
5.760000E-8	2.824780E-3
5.765000E-8	2.984088E-3
5.770000E-8	3.069737E-3
5.775000E-8	3.062885E-3
5.780000E-8	2.954967E-3
5.785000E-8	2.764825E-3
5.790000E-8	2.540423E-3
5.795000E-8	2.286901E-3
5.800000E-8	1.988841E-3
5.805000E-8	1.658234E-3
5.810000E-8	1.329339E-3
5.815000E-8	1.019288E-3
5.820000E-8	7.280800E-4
5.825000E-8	4.317327E-4
5.830000E-8	9.769970E-5
5.835000E-8	-2.448983E-4
5.840000E-8	-5.566625E-4
5.845000E-8	-8.632877E-4
5.850000E-8	-1.192182E-3
5.855000E-8	-1.524502E-3
5.860000E-8	-1.848257E-3
5.865000E-8	-2.168586E-3
5.870000E-8	-2.439238E-3
5.875000E-8	-2.646510E-3
5.880000E-8	-2.812670E-3
5.885000E-8	-2.946283E-3
5.890000E-8	-3.018229E-3
5.895000E-8	-3.013090E-3
5.900000E-8	-2.937719E-3
5.905000E-8	-2.817809E-3
5.910000E-8	-2.672205E-3
5.915000E-8	-2.490628E-3
5.920000E-8	-2.283356E-3
5.925000E-8	-2.072659E-3
5.930000E-8	-1.848257E-3
5.935000E-8	-1.575891E-3
5.940000E-8	-1.281257E-3
5.945000E-8	-1.012318E-3
5.950000E-8	-7.690732E-4
5.955000E-8	-5.121247E-4
5.960000E-8	-2.294814E-4
5.965000E-8	6.686588E-5
5.970000E-8	3.580742E-4
5.975000E-8	6.595604E-4
5.980000E-8	9.730376E-4
5.985000E-8	1.310497E-3
5.990000E-8	1.673650E-3
5.995000E-8	2.029952E-3
6.000000E-8	2.340004E-3
6.005000E-8	2.617508E-3
6.010000E-8	2.857327E-3
6.015000E-8	3.045755E-3
6.020000E-8	3.170804E-3
6.025000E-8	3.235897E-3
6.030000E-8	3.244462E-3
6.035000E-8	3.211915E-3
6.040000E-8	3.150248E-3
6.045000E-8	3.062885E-3
6.050000E-8	2.961819E-3
6.055000E-8	2.852188E-3
6.060000E-8	2.720287E-3
6.065000E-8	2.569544E-3
6.070000E-8	2.399958E-3
6.075000E-8	2.196112E-3
6.080000E-8	1.964859E-3
6.085000E-8	1.737031E-3
6.090000E-8	1.505777E-3
6.095000E-8	1.255681E-3
6.100000E-8	1.017575E-3
6.105000E-8	8.085905E-4
6.110000E-8	5.807629E-4
6.115000E-8	3.460832E-4
6.120000E-8	1.302465E-4
6.125000E-8	-1.061461E-4
6.130000E-8	-3.802245E-4
6.135000E-8	-6.525899E-4
6.140000E-8	-9.112514E-4
6.145000E-8	-1.147644E-3
6.150000E-8	-1.349777E-3
6.155000E-8	-1.503946E-3
6.160000E-8	-1.623855E-3
6.165000E-8	-1.706079E-3
6.170000E-8	-1.757468E-3
6.175000E-8	-1.798580E-3
6.180000E-8	-1.815710E-3
6.185000E-8	-1.839692E-3
6.190000E-8	-1.880804E-3
6.195000E-8	-1.915063E-3
6.200000E-8	-1.930480E-3
6.205000E-8	-1.966453E-3
6.210000E-8	-2.010991E-3
6.215000E-8	-2.000713E-3
6.220000E-8	-1.923628E-3
6.225000E-8	-1.819136E-3
6.230000E-8	-1.663254E-3
6.235000E-8	-1.421722E-3
6.240000E-8	-1.135653E-3
6.245000E-8	-8.461578E-4
6.250000E-8	-5.498105E-4
6.255000E-8	-2.380463E-4
6.260000E-8	6.686588E-5
6.265000E-8	3.306663E-4
6.270000E-8	5.567810E-4
6.275000E-8	7.640528E-4
6.280000E-8	9.404908E-4
6.285000E-8	1.084382E-3
6.290000E-8	1.216282E-3
6.295000E-8	1.351608E-3
6.300000E-8	1.473231E-3
6.305000E-8	1.557167E-3
6.310000E-8	1.622261E-3
6.315000E-8	1.707910E-3
6.320000E-8	1.788421E-3
6.325000E-8	1.826107E-3
6.330000E-8	1.850088E-3
6.335000E-8	1.884348E-3
6.340000E-8	1.906617E-3
6.345000E-8	1.879209E-3
6.350000E-8	1.808977E-3
6.355000E-8	1.726753E-3
6.360000E-8	1.635965E-3
6.365000E-8	1.509203E-3
6.370000E-8	1.336191E-3
6.375000E-8	1.118642E-3
6.380000E-8	8.616932E-4
6.385000E-8	5.790499E-4
6.390000E-8	2.844156E-4
6.395000E-8	3.485252E-6
6.400000E-8	-2.705931E-4
6.405000E-8	-5.275416E-4
6.410000E-8	-7.365264E-4
6.415000E-8	-8.804176E-4
6.420000E-8	-9.969009E-4
6.425000E-8	-1.096254E-3
6.430000E-8	-1.145931E-3
6.435000E-8	-1.154496E-3
6.440000E-8	-1.183617E-3
6.445000E-8	-1.231581E-3
6.450000E-8	-1.276118E-3
6.455000E-8	-1.312091E-3
6.460000E-8	-1.365194E-3
6.465000E-8	-1.450843E-3
6.470000E-8	-1.567327E-3
6.475000E-8	-1.714644E-3
6.480000E-8	-1.894508E-3
6.485000E-8	-2.069233E-3
6.490000E-8	-2.226828E-3
6.495000E-8	-2.370719E-3
6.500000E-8	-2.468359E-3
6.505000E-8	-2.475211E-3
6.510000E-8	-2.386136E-3
6.515000E-8	-2.216550E-3
6.520000E-8	-1.952749E-3
6.525000E-8	-1.562188E-3
6.530000E-8	-1.077411E-3
6.535000E-8	-5.652274E-4
6.540000E-8	-5.818239E-5
6.545000E-8	4.488626E-4
6.550000E-8	9.593336E-4
6.555000E-8	1.440684E-3
6.560000E-8	1.829533E-3
6.565000E-8	2.084768E-3
6.570000E-8	2.216668E-3
6.575000E-8	2.262919E-3
6.580000E-8	2.209816E-3
6.585000E-8	2.052221E-3
6.590000E-8	1.839810E-3
6.595000E-8	1.641104E-3
6.600000E-8	1.469805E-3
6.605000E-8	1.329339E-3
6.610000E-8	1.217995E-3
6.615000E-8	1.135772E-3
6.620000E-8	1.086095E-3
6.625000E-8	1.074104E-3
6.630000E-8	1.065539E-3
6.635000E-8	1.048409E-3
6.640000E-8	1.009010E-3
6.645000E-8	9.165089E-4
6.650000E-8	7.417839E-4
6.655000E-8	5.156692E-4
6.660000E-8	2.655727E-4
6.665000E-8	-1.364465E-5
6.670000E-8	-3.134179E-4
6.675000E-8	-6.097652E-4
6.680000E-8	-9.078254E-4
6.685000E-8	-1.200747E-3
6.690000E-8	-1.449130E-3
6.695000E-8	-1.630707E-3
6.700000E-8	-1.766033E-3
6.705000E-8	-1.837979E-3
6.710000E-8	-1.832840E-3
6.715000E-8	-1.791728E-3
6.720000E-8	-1.762607E-3
6.725000E-8	-1.767746E-3
6.730000E-8	-1.808858E-3
6.735000E-8	-1.861961E-3
6.740000E-8	-1.911638E-3
6.745000E-8	-1.968166E-3
6.750000E-8	-2.024695E-3
6.755000E-8	-2.055529E-3
6.760000E-8	-2.046964E-3
6.765000E-8	-2.017843E-3
6.770000E-8	-1.978444E-3
6.775000E-8	-1.918489E-3
6.780000E-8	-1.825988E-3
6.785000E-8	-1.671819E-3
6.790000E-8	-1.443991E-3
6.795000E-8	-1.188756E-3
6.800000E-8	-9.489372E-4
6.805000E-8	-7.005536E-4
6.810000E-8	-4.316142E-4
6.815000E-8	-1.695267E-4
6.820000E-8	7.029186E-5
6.825000E-8	3.049715E-4
6.830000E-8	5.516420E-4
6.835000E-8	7.863217E-4
6.840000E-8	1.000445E-3
6.845000E-8	1.180309E-3
6.850000E-8	1.320775E-3
6.855000E-8	1.404711E-3
6.860000E-8	1.442397E-3
6.865000E-8	1.456101E-3
6.870000E-8	1.449249E-3
6.875000E-8	1.404711E-3
6.880000E-8	1.329339E-3
6.885000E-8	1.296793E-3
6.890000E-8	1.300219E-3
6.895000E-8	1.293367E-3
6.900000E-8	1.245403E-3
6.905000E-8	1.178596E-3
6.910000E-8	1.094660E-3
6.915000E-8	9.850285E-4
6.920000E-8	8.514153E-4
6.925000E-8	6.903942E-4
6.930000E-8	4.796965E-4
6.935000E-8	2.056181E-4
6.940000E-8	-1.232760E-4
6.945000E-8	-4.761519E-4
6.950000E-8	-8.273149E-4
6.955000E-8	-1.175052E-3
6.960000E-8	-1.497094E-3
6.965000E-8	-1.778024E-3
6.970000E-8	-2.022982E-3
6.975000E-8	-2.249097E-3
6.980000E-8	-2.422109E-3
6.985000E-8	-2.536879E-3
6.990000E-8	-2.605398E-3
6.995000E-8	-2.641371E-3
7.000000E-8	-2.622528E-3
7.005000E-8	-2.567713E-3
7.010000E-8	-2.507758E-3
7.015000E-8	-2.435812E-3
7.020000E-8	-2.348450E-3
7.025000E-8	-2.255948E-3
7.030000E-8	-2.190855E-3
7.035000E-8	-2.144604E-3
7.040000E-8	-2.076085E-3
7.045000E-8	-1.990435E-3
7.050000E-8	-1.947610E-3
7.055000E-8	-1.968166E-3
7.060000E-8	-1.985296E-3
7.065000E-8	-1.990435E-3
7.070000E-8	-2.005852E-3
7.075000E-8	-1.995574E-3
7.080000E-8	-1.916776E-3
7.085000E-8	-1.764320E-3
7.090000E-8	-1.570753E-3
7.095000E-8	-1.348064E-3
7.100000E-8	-1.101393E-3
7.105000E-8	-8.136110E-4
7.110000E-8	-4.658740E-4
7.115000E-8	-1.112851E-4
7.120000E-8	1.936271E-4
7.125000E-8	4.591406E-4
7.130000E-8	6.818293E-4
7.135000E-8	8.479893E-4
7.140000E-8	9.661856E-4
7.145000E-8	1.036418E-3
7.150000E-8	1.036418E-3
7.155000E-8	1.005584E-3
7.160000E-8	9.678986E-4
7.165000E-8	8.908140E-4
7.170000E-8	7.657658E-4
7.175000E-8	6.664124E-4
7.180000E-8	6.253006E-4
7.185000E-8	6.098837E-4
7.190000E-8	5.893278E-4
7.195000E-8	5.602070E-4
7.200000E-8	5.413641E-4
7.205000E-8	5.516420E-4
7.210000E-8	5.790499E-4
7.215000E-8	5.807629E-4
7.220000E-8	5.379381E-4
7.225000E-8	4.368717E-4
7.230000E-8	2.809896E-4
7.235000E-8	9.598671E-5
7.240000E-8	-1.129981E-4
7.245000E-8	-3.596686E-4
7.250000E-8	-6.594419E-4
7.255000E-8	-9.849100E-4
7.260000E-8	-1.298387E-3
7.265000E-8	-1.575891E-3
7.270000E-8	-1.807145E-3
7.275000E-8	-1.999000E-3
7.280000E-8	-2.137752E-3
7.285000E-8	-2.223402E-3
7.290000E-8	-2.257661E-3
7.295000E-8	-2.262800E-3
7.300000E-8	-2.267939E-3
7.305000E-8	-2.286782E-3
7.310000E-8	-2.298773E-3
7.315000E-8	-2.314190E-3
7.320000E-8	-2.346737E-3
7.325000E-8	-2.375858E-3
7.330000E-8	-2.379284E-3
7.335000E-8	-2.338172E-3
7.340000E-8	-2.230254E-3
7.345000E-8	-2.057242E-3
7.350000E-8	-1.844831E-3
7.355000E-8	-1.618716E-3
7.360000E-8	-1.375472E-3
7.365000E-8	-1.125375E-3
7.370000E-8	-8.992605E-4
7.375000E-8	-6.971276E-4
7.380000E-8	-5.189767E-4
7.385000E-8	-3.905024E-4
7.390000E-8	-3.219828E-4
7.395000E-8	-2.723061E-4
7.400000E-8	-2.157775E-4
7.405000E-8	-1.661008E-4
7.410000E-8	-1.421189E-4
7.415000E-8	-1.112851E-4
7.420000E-8	-8.216425E-5
7.425000E-8	-5.818239E-5
7.430000E-8	-2.049661E-5
7.435000E-8	6.515289E-5
7.440000E-8	1.542284E-4
7.445000E-8	2.004791E-4
7.450000E-8	2.518688E-4
7.455000E-8	3.529352E-4
7.460000E-8	4.831224E-4
7.465000E-8	6.081707E-4
7.470000E-8	7.349320E-4
7.475000E-8	8.531283E-4
7.480000E-8	9.062310E-4
7.485000E-8	8.805361E-4
7.490000E-8	7.983126E-4
7.495000E-8	6.886812E-4
7.500000E-8	5.516420E-4
7.505000E-8	3.991859E-4
7.510000E-8	2.501558E-4
7.515000E-8	1.114036E-4
7.520000E-8	-3.420053E-5
7.525000E-8	-1.986476E-4
7.530000E-8	-3.767985E-4
7.535000E-8	-5.395326E-4
7.540000E-8	-6.851367E-4
7.545000E-8	-8.290279E-4
7.550000E-8	-9.763450E-4
7.555000E-8	-1.132227E-3
7.560000E-8	-1.258988E-3
7.565000E-8	-1.353203E-3
7.570000E-8	-1.440565E-3
7.575000E-8	-1.531354E-3
7.580000E-8	-1.584456E-3
7.585000E-8	-1.587882E-3
7.590000E-8	-1.555336E-3
7.595000E-8	-1.481677E-3
7.600000E-8	-1.332647E-3
7.605000E-8	-1.152783E-3
7.610000E-8	-9.831970E-4
7.615000E-8	-8.204629E-4
7.620000E-8	-6.765718E-4
7.625000E-8	-5.840703E-4
7.630000E-8	-5.309676E-4
7.635000E-8	-4.812909E-4
7.640000E-8	-4.504571E-4
7.645000E-8	-4.384662E-4
7.650000E-8	-4.367532E-4
7.655000E-8	-4.350402E-4
7.660000E-8	-4.350402E-4
7.665000E-8	-4.093453E-4
7.670000E-8	-3.630946E-4
7.675000E-8	-3.168439E-4
7.680000E-8	-2.688802E-4
7.685000E-8	-1.935086E-4
7.690000E-8	-8.216425E-5
7.695000E-8	5.144897E-5
7.700000E-8	1.833492E-4
7.705000E-8	2.981195E-4
7.710000E-8	3.700651E-4
7.715000E-8	4.197418E-4
7.720000E-8	4.488626E-4
7.725000E-8	4.488626E-4
7.730000E-8	4.248808E-4
7.735000E-8	3.786301E-4
7.740000E-8	3.066845E-4
7.745000E-8	2.398779E-4
7.750000E-8	1.953401E-4
7.755000E-8	1.508024E-4
7.760000E-8	8.742176E-5
7.765000E-8	4.802299E-5
7.770000E-8	4.117103E-5
7.775000E-8	1.033721E-5
7.780000E-8	-4.447847E-5
7.785000E-8	-8.901621E-5
7.790000E-8	-1.438319E-4
7.795000E-8	-2.414723E-4
7.800000E-8	-3.528167E-4
7.805000E-8	-4.864299E-4
7.810000E-8	-6.560159E-4
7.815000E-8	-8.512967E-4
7.820000E-8	-1.060282E-3
7.825000E-8	-1.272692E-3
7.830000E-8	-1.466260E-3
7.835000E-8	-1.634133E-3
7.840000E-8	-1.757468E-3
7.845000E-8	-1.810571E-3
7.850000E-8	-1.822562E-3
7.855000E-8	-1.810571E-3
7.860000E-8	-1.762607E-3
7.865000E-8	-1.697514E-3
7.870000E-8	-1.675245E-3
7.875000E-8	-1.682097E-3
7.880000E-8	-1.688949E-3
7.885000E-8	-1.742052E-3
7.890000E-8	-1.848257E-3
7.895000E-8	-1.961314E-3
7.900000E-8	-2.050390E-3
7.905000E-8	-2.124048E-3
7.910000E-8	-2.146317E-3
7.915000E-8	-2.084650E-3
7.920000E-8	-1.964740E-3
7.925000E-8	-1.788302E-3
7.930000E-8	-1.545058E-3
7.935000E-8	-1.260701E-3
7.940000E-8	-9.540761E-4
7.945000E-8	-6.611549E-4
7.950000E-8	-4.333272E-4
7.955000E-8	-2.774451E-4
7.960000E-8	-1.318410E-4
7.965000E-8	5.927245E-8
7.970000E-8	6.172691E-5
7.975000E-8	9.598671E-5
7.980000E-8	1.747842E-4
7.985000E-8	2.792766E-4
7.990000E-8	3.752041E-4
7.995000E-8	4.882614E-4
8.000000E-8	6.030317E-4
8.005000E-8	6.784033E-4
8.010000E-8	7.195151E-4
8.015000E-8	7.452099E-4
8.020000E-8	7.212280E-4
8.025000E-8	6.578474E-4
8.030000E-8	5.996058E-4
8.035000E-8	5.567810E-4
8.040000E-8	5.259472E-4
8.045000E-8	5.088173E-4
8.050000E-8	4.968264E-4
8.055000E-8	4.745575E-4
8.060000E-8	4.385847E-4
8.065000E-8	3.443703E-4
8.070000E-8	1.713583E-4
8.075000E-8	-3.591352E-5
8.080000E-8	-2.568892E-4
8.085000E-8	-5.224027E-4
8.090000E-8	-8.290279E-4
8.095000E-8	-1.125375E-3
8.100000E-8	-1.390889E-3
8.105000E-8	-1.634133E-3
8.110000E-8	-1.860248E-3
8.115000E-8	-2.019556E-3
8.120000E-8	-2.086362E-3
8.125000E-8	-2.108631E-3
8.130000E-8	-2.137752E-3
8.135000E-8	-2.153169E-3
8.140000E-8	-2.132613E-3
8.145000E-8	-2.130900E-3
8.150000E-8	-2.141178E-3
8.155000E-8	-2.115483E-3
8.160000E-8	-2.094927E-3
8.165000E-8	-2.139465E-3
8.170000E-8	-2.218263E-3
8.175000E-8	-2.286782E-3
8.180000E-8	-2.362154E-3
8.185000E-8	-2.425535E-3
8.190000E-8	-2.413544E-3
8.195000E-8	-2.345024E-3
8.200000E-8	-2.262800E-3
8.205000E-8	-2.153169E-3
8.210000E-8	-1.999000E-3
8.215000E-8	-1.841405E-3
8.220000E-8	-1.697514E-3
8.225000E-8	-1.550197E-3
8.230000E-8	-1.382324E-3
8.235000E-8	-1.200747E-3
8.240000E-8	-1.022596E-3
8.245000E-8	-8.718526E-4
8.250000E-8	-7.313874E-4
8.255000E-8	-5.789313E-4
8.260000E-8	-4.264752E-4
8.265000E-8	-2.877230E-4
8.270000E-8	-1.592488E-4
8.275000E-8	-3.077455E-5
8.280000E-8	8.742176E-5
8.285000E-8	1.679323E-4
8.290000E-8	2.176090E-4
8.295000E-8	2.518688E-4
8.300000E-8	2.758507E-4
8.305000E-8	2.587208E-4
8.310000E-8	1.816362E-4
8.315000E-8	1.114036E-4
8.320000E-8	7.543083E-5
8.325000E-8	3.945804E-5
8.330000E-8	-3.366707E-6
8.335000E-8	-2.049661E-5
8.340000E-8	-1.653718E-6
8.345000E-8	4.288402E-5
8.350000E-8	1.251075E-4
8.355000E-8	2.381649E-4
8.360000E-8	3.409443E-4
8.365000E-8	4.454367E-4
8.370000E-8	5.482161E-4
8.375000E-8	5.790499E-4
8.380000E-8	4.779835E-4
8.385000E-8	2.981195E-4
8.390000E-8	7.200485E-5
8.395000E-8	-2.380463E-4
8.400000E-8	-5.943482E-4
8.405000E-8	-9.643541E-4
8.410000E-8	-1.332647E-3
8.415000E-8	-1.702653E-3
8.420000E-8	-2.029834E-3
8.425000E-8	-2.291921E-3
8.430000E-8	-2.487202E-3
8.435000E-8	-2.600259E-3
8.440000E-8	-2.632806E-3
8.445000E-8	-2.610537E-3
8.450000E-8	-2.552296E-3
8.455000E-8	-2.464933E-3
8.460000E-8	-2.346737E-3
8.465000E-8	-2.218263E-3
8.470000E-8	-2.125761E-3
8.475000E-8	-2.074372E-3
8.480000E-8	-2.055529E-3
8.485000E-8	-2.048677E-3
8.490000E-8	-2.026408E-3
8.495000E-8	-1.992148E-3
8.500000E-8	-1.947610E-3
8.505000E-8	-1.904786E-3
8.510000E-8	-1.846544E-3
8.515000E-8	-1.733487E-3
8.520000E-8	-1.570753E-3
8.525000E-8	-1.358342E-3
8.530000E-8	-1.104819E-3
8.535000E-8	-8.307409E-4
8.540000E-8	-5.549495E-4
8.545000E-8	-2.980010E-4
8.550000E-8	-7.188631E-5
8.555000E-8	9.769970E-5
8.560000E-8	2.227480E-4
8.565000E-8	2.998325E-4
8.570000E-8	3.135364E-4
8.575000E-8	2.689987E-4
8.580000E-8	1.987661E-4
8.585000E-8	1.199686E-4
8.590000E-8	2.232814E-5
8.595000E-8	-6.332136E-5
8.600000E-8	-1.215630E-4
8.605000E-8	-1.386929E-4
8.610000E-8	-1.318410E-4
8.615000E-8	-1.147111E-4
8.620000E-8	-1.112851E-4
8.625000E-8	-1.284150E-4
8.630000E-8	-1.455449E-4
8.635000E-8	-1.832307E-4
8.640000E-8	-2.877230E-4
8.645000E-8	-4.504571E-4
8.650000E-8	-6.251821E-4
8.655000E-8	-8.033330E-4
8.660000E-8	-1.012318E-3
8.665000E-8	-1.229868E-3
8.670000E-8	-1.437139E-3
8.675000E-8	-1.622142E-3
8.680000E-8	-1.766033E-3
8.685000E-8	-1.844831E-3
8.690000E-8	-1.865387E-3
8.695000E-8	-1.870526E-3
8.700000E-8	-1.863674E-3
8.705000E-8	-1.829414E-3
8.710000E-8	-1.778024E-3
8.715000E-8	-1.735200E-3
8.720000E-8	-1.702653E-3
8.725000E-8	-1.671819E-3
8.730000E-8	-1.659828E-3
8.735000E-8	-1.671819E-3
8.740000E-8	-1.692375E-3
8.745000E-8	-1.714644E-3
8.750000E-8	-1.757468E-3
8.755000E-8	-1.822562E-3
8.760000E-8	-1.882517E-3
8.765000E-8	-1.894508E-3
8.770000E-8	-1.855109E-3
8.775000E-8	-1.786589E-3
8.780000E-8	-1.697514E-3
8.785000E-8	-1.587882E-3
8.790000E-8	-1.473112E-3
8.795000E-8	-1.348064E-3
8.800000E-8	-1.216164E-3
8.805000E-8	-1.091115E-3
8.810000E-8	-9.660671E-4
8.815000E-8	-8.410188E-4
8.820000E-8	-7.313874E-4
8.825000E-8	-6.611549E-4
8.830000E-8	-6.234691E-4
8.835000E-8	-5.960612E-4
8.840000E-8	-5.789313E-4
8.845000E-8	-5.772183E-4
8.850000E-8	-5.994872E-4
8.855000E-8	-6.354600E-4
8.860000E-8	-6.560159E-4
8.865000E-8	-6.731458E-4
8.870000E-8	-6.971276E-4
8.875000E-8	-7.022666E-4
8.880000E-8	-6.714328E-4
8.885000E-8	-6.371730E-4
8.890000E-8	-6.320340E-4
8.895000E-8	-6.508769E-4
8.900000E-8	-6.799977E-4
8.905000E-8	-7.468043E-4
8.910000E-8	-8.478708E-4
8.915000E-8	-9.712060E-4
8.920000E-8	-1.103106E-3
8.925000E-8	-1.245284E-3
8.930000E-8	-1.382324E-3
8.935000E-8	-1.498807E-3
8.940000E-8	-1.563901E-3
8.945000E-8	-1.582743E-3
8.950000E-8	-1.574178E-3
8.955000E-8	-1.533067E-3
8.960000E-8	-1.450843E-3
8.965000E-8	-1.348064E-3
8.970000E-8	-1.250423E-3
8.975000E-8	-1.163061E-3
8.980000E-8	-1.109958E-3
8.985000E-8	-1.123662E-3
8.990000E-8	-1.195608E-3
8.995000E-8	-1.284683E-3
9.000000E-8	-1.389176E-3
9.005000E-8	-1.526215E-3
9.010000E-8	-1.670106E-3
9.015000E-8	-1.783163E-3
9.020000E-8	-1.882517E-3
9.025000E-8	-1.966453E-3
9.030000E-8	-2.016130E-3
9.035000E-8	-2.028121E-3
9.040000E-8	-2.000713E-3
9.045000E-8	-1.945897E-3
9.050000E-8	-1.903073E-3
9.055000E-8	-1.861961E-3
9.060000E-8	-1.796867E-3
9.065000E-8	-1.731774E-3
9.070000E-8	-1.716357E-3
9.075000E-8	-1.714644E-3
9.080000E-8	-1.668393E-3
9.085000E-8	-1.627281E-3
9.090000E-8	-1.620429E-3
9.095000E-8	-1.606725E-3
9.100000E-8	-1.563901E-3
9.105000E-8	-1.543345E-3
9.110000E-8	-1.541632E-3
9.115000E-8	-1.533067E-3
9.120000E-8	-1.509085E-3
9.125000E-8	-1.493668E-3
9.130000E-8	-1.509085E-3
9.135000E-8	-1.570753E-3
9.140000E-8	-1.651263E-3
9.145000E-8	-1.724922E-3
9.150000E-8	-1.796867E-3
9.155000E-8	-1.851683E-3
9.160000E-8	-1.885943E-3
9.165000E-8	-1.942471E-3
9.170000E-8	-2.014417E-3
9.175000E-8	-2.052103E-3
9.180000E-8	-2.065807E-3
9.185000E-8	-2.093214E-3
9.190000E-8	-2.125761E-3
9.195000E-8	-2.139465E-3
9.200000E-8	-2.149743E-3
9.205000E-8	-2.163447E-3
9.210000E-8	-2.175438E-3
9.215000E-8	-2.178864E-3
9.220000E-8	-2.163447E-3
9.225000E-8	-2.127474E-3
9.230000E-8	-2.117196E-3
9.235000E-8	-2.120622E-3
9.240000E-8	-2.103492E-3
9.245000E-8	-2.105205E-3
9.250000E-8	-2.173725E-3
9.255000E-8	-2.269652E-3
9.260000E-8	-2.333033E-3
9.265000E-8	-2.398127E-3
9.270000E-8	-2.483776E-3
9.275000E-8	-2.521462E-3
9.280000E-8	-2.483776E-3
9.285000E-8	-2.394701E-3
9.290000E-8	-2.278217E-3
9.295000E-8	-2.139465E-3
9.300000E-8	-1.975018E-3
9.305000E-8	-1.802006E-3
9.310000E-8	-1.659828E-3
9.315000E-8	-1.551910E-3
9.320000E-8	-1.457695E-3
9.325000E-8	-1.396028E-3
9.330000E-8	-1.423435E-3
9.335000E-8	-1.507372E-3
9.340000E-8	-1.589595E-3
9.345000E-8	-1.688949E-3
9.350000E-8	-1.832840E-3
9.355000E-8	-1.971592E-3
9.360000E-8	-2.041825E-3
9.365000E-8	-2.029834E-3
9.370000E-8	-1.952749E-3
9.375000E-8	-1.837979E-3
9.380000E-8	-1.716357E-3
9.385000E-8	-1.587882E-3
9.390000E-8	-1.445704E-3
9.395000E-8	-1.301813E-3
9.400000E-8	-1.180191E-3
9.405000E-8	-1.087689E-3
9.410000E-8	-1.029448E-3
9.415000E-8	-9.986139E-4
9.420000E-8	-1.002040E-3
9.425000E-8	-1.039726E-3
9.430000E-8	-1.097967E-3
9.435000E-8	-1.130514E-3
9.440000E-8	-1.127088E-3
9.445000E-8	-1.115097E-3
9.450000E-8	-1.091115E-3
9.455000E-8	-1.038013E-3
9.460000E-8	-9.592151E-4
9.465000E-8	-8.787046E-4
9.470000E-8	-7.964811E-4
9.475000E-8	-7.108316E-4
9.480000E-8	-6.388860E-4
9.485000E-8	-6.303210E-4
9.490000E-8	-6.817107E-4
9.495000E-8	-7.724992E-4
9.500000E-8	-8.855565E-4
9.505000E-8	-1.020883E-3
9.510000E-8	-1.166487E-3
9.515000E-8	-1.312091E-3
9.520000E-8	-1.452556E-3
9.525000E-8	-1.586169E-3
9.530000E-8	-1.704366E-3
9.535000E-8	-1.781450E-3
9.540000E-8	-1.831127E-3
9.545000E-8	-1.873952E-3
9.550000E-8	-1.904786E-3
9.555000E-8	-1.937332E-3
9.560000E-8	-1.980157E-3
9.565000E-8	-2.053816E-3
9.570000E-8	-2.161734E-3
9.575000E-8	-2.261087E-3
9.580000E-8	-2.305625E-3
9.585000E-8	-2.295347E-3
9.590000E-8	-2.281643E-3
9.595000E-8	-2.252523E-3
9.600000E-8	-2.158308E-3
9.605000E-8	-1.995574E-3
9.610000E-8	-1.788302E-3
9.615000E-8	-1.545058E-3
9.620000E-8	-1.281257E-3
9.625000E-8	-1.007179E-3
9.630000E-8	-7.313874E-4
9.635000E-8	-4.744389E-4
9.640000E-8	-2.842971E-4
9.645000E-8	-1.763787E-4
9.650000E-8	-1.609618E-4
9.655000E-8	-2.620282E-4
9.660000E-8	-4.487441E-4
9.665000E-8	-6.423120E-4
9.670000E-8	-8.341668E-4
9.675000E-8	-1.029448E-3
9.680000E-8	-1.219590E-3
9.685000E-8	-1.366907E-3
9.690000E-8	-1.459408E-3
9.695000E-8	-1.479964E-3
9.700000E-8	-1.426861E-3
9.705000E-8	-1.334360E-3
9.710000E-8	-1.219590E-3
9.715000E-8	-1.087689E-3
9.720000E-8	-9.780580E-4
9.725000E-8	-8.787046E-4
9.730000E-8	-7.964811E-4
9.735000E-8	-7.742122E-4
9.740000E-8	-8.273149E-4
9.745000E-8	-9.181033E-4
9.750000E-8	-1.044865E-3
9.755000E-8	-1.193895E-3
9.760000E-8	-1.300100E-3
9.765000E-8	-1.354916E-3
9.770000E-8	-1.406305E-3
9.775000E-8	-1.445704E-3
9.780000E-8	-1.445704E-3
9.785000E-8	-1.457695E-3
9.790000E-8	-1.505659E-3
9.795000E-8	-1.538206E-3
9.800000E-8	-1.534780E-3
9.805000E-8	-1.555336E-3
9.810000E-8	-1.615290E-3
9.815000E-8	-1.666680E-3
9.820000E-8	-1.688949E-3
9.825000E-8	-1.690662E-3
9.830000E-8	-1.644411E-3
9.835000E-8	-1.545058E-3
9.840000E-8	-1.432000E-3
9.845000E-8	-1.332647E-3
9.850000E-8	-1.228155E-3
9.855000E-8	-1.106532E-3
9.860000E-8	-9.969009E-4
9.865000E-8	-9.232423E-4
9.870000E-8	-8.992605E-4
9.875000E-8	-9.300943E-4
9.880000E-8	-1.020883E-3
9.885000E-8	-1.180191E-3
9.890000E-8	-1.408018E-3
9.895000E-8	-1.651263E-3
9.900000E-8	-1.865387E-3
9.905000E-8	-2.028121E-3
9.910000E-8	-2.139465E-3
9.915000E-8	-2.185716E-3
9.920000E-8	-2.178864E-3
9.925000E-8	-2.125761E-3
9.930000E-8	-2.016130E-3
9.935000E-8	-1.846544E-3
9.940000E-8	-1.628994E-3
9.945000E-8	-1.401167E-3
9.950000E-8	-1.188756E-3
9.955000E-8	-9.763450E-4
9.960000E-8	-7.656472E-4
9.965000E-8	-5.977742E-4
9.970000E-8	-4.727260E-4
9.975000E-8	-3.493907E-4
9.980000E-8	-2.448983E-4
9.985000E-8	-1.952216E-4
9.990000E-8	-1.917956E-4
9.995000E-8	-2.277684E-4
1.000000E-7	-3.117049E-4
1.000500E-7	-4.333272E-4
1.001000E-7	-5.772183E-4
1.001500E-7	-7.382394E-4
1.002000E-7	-9.163904E-4
1.002500E-7	-1.082550E-3
1.003000E-7	-1.229868E-3
1.003500E-7	-1.336073E-3
1.004000E-7	-1.365194E-3
1.004500E-7	-1.348064E-3
1.005000E-7	-1.346351E-3
1.005500E-7	-1.342925E-3
1.006000E-7	-1.301813E-3
1.006500E-7	-1.269266E-3
1.007000E-7	-1.294961E-3
1.007500E-7	-1.363481E-3
1.008000E-7	-1.454269E-3
1.008500E-7	-1.569040E-3
1.009000E-7	-1.706079E-3
1.009500E-7	-1.848257E-3
1.010000E-7	-1.983583E-3
1.010500E-7	-2.079511E-3
1.011000E-7	-2.120622E-3
1.011500E-7	-2.122335E-3
1.012000E-7	-2.093214E-3
1.012500E-7	-2.026408E-3
1.013000E-7	-1.937332E-3
1.013500E-7	-1.843118E-3
1.014000E-7	-1.754042E-3
1.014500E-7	-1.671819E-3
1.015000E-7	-1.640985E-3
1.015500E-7	-1.687236E-3
1.016000E-7	-1.795154E-3
1.016500E-7	-1.925341E-3
1.017000E-7	-2.076085E-3
1.017500E-7	-2.219976E-3
1.018000E-7	-2.326181E-3
1.018500E-7	-2.404979E-3
1.019000E-7	-2.487202E-3
1.019500E-7	-2.533453E-3
1.020000E-7	-2.542018E-3
1.020500E-7	-2.533453E-3
1.021000E-7	-2.500906E-3
1.021500E-7	-2.422109E-3
1.022000E-7	-2.310764E-3
1.022500E-7	-2.187429E-3
1.023000E-7	-2.057242E-3
1.023500E-7	-1.935619E-3
1.024000E-7	-1.827701E-3
1.024500E-7	-1.726635E-3
1.025000E-7	-1.656402E-3
1.025500E-7	-1.630707E-3
1.026000E-7	-1.611864E-3
1.026500E-7	-1.593021E-3
1.027000E-7	-1.603299E-3
1.027500E-7	-1.617003E-3
1.028000E-7	-1.606725E-3
1.028500E-7	-1.618716E-3
1.029000E-7	-1.678671E-3
1.029500E-7	-1.754042E-3
1.030000E-7	-1.832840E-3
1.030500E-7	-1.923628E-3
1.031000E-7	-2.022982E-3
1.031500E-7	-2.106918E-3
1.032000E-7	-2.163447E-3
1.032500E-7	-2.194281E-3
1.033000E-7	-2.197707E-3
1.033500E-7	-2.139465E-3
1.034000E-7	-2.014417E-3
1.034500E-7	-1.872239E-3
1.035000E-7	-1.726635E-3
1.035500E-7	-1.550197E-3
1.036000E-7	-1.356629E-3
1.036500E-7	-1.199034E-3
1.037000E-7	-1.075698E-3
1.037500E-7	-9.609281E-4
1.038000E-7	-8.684266E-4
1.038500E-7	-8.478708E-4
1.039000E-7	-9.043994E-4
1.039500E-7	-1.014031E-3
1.040000E-7	-1.151070E-3
1.040500E-7	-1.270979E-3
1.041000E-7	-1.370333E-3
1.041500E-7	-1.461121E-3
1.042000E-7	-1.545058E-3
1.042500E-7	-1.615290E-3
1.043000E-7	-1.664967E-3
1.043500E-7	-1.699227E-3
1.044000E-7	-1.724922E-3
1.044500E-7	-1.735200E-3
1.045000E-7	-1.712931E-3
1.045500E-7	-1.663254E-3
1.046000E-7	-1.608438E-3
1.046500E-7	-1.553623E-3
1.047000E-7	-1.466260E-3
1.047500E-7	-1.322369E-3
1.048000E-7	-1.156209E-3
1.048500E-7	-1.003753E-3
1.049000E-7	-8.718526E-4
1.049500E-7	-7.639342E-4
1.050000E-7	-6.902757E-4
1.050500E-7	-6.594419E-4
1.051000E-7	-6.543029E-4
1.051500E-7	-6.697198E-4
1.052000E-7	-7.056926E-4
1.052500E-7	-7.673602E-4
1.053000E-7	-8.667136E-4
1.053500E-7	-9.969009E-4
1.054000E-7	-1.127088E-3
1.054500E-7	-1.255562E-3
1.055000E-7	-1.385750E-3
1.055500E-7	-1.481677E-3
1.056000E-7	-1.550197E-3
1.056500E-7	-1.622142E-3
1.057000E-7	-1.675245E-3
1.057500E-7	-1.683810E-3
1.058000E-7	-1.680384E-3
1.058500E-7	-1.695801E-3
1.059000E-7	-1.702653E-3
1.059500E-7	-1.682097E-3
1.060000E-7	-1.642698E-3
1.060500E-7	-1.593021E-3
1.061000E-7	-1.536493E-3
1.061500E-7	-1.485103E-3
1.062000E-7	-1.430287E-3
1.062500E-7	-1.361768E-3
1.063000E-7	-1.291535E-3
1.063500E-7	-1.228155E-3
1.064000E-7	-1.163061E-3
1.064500E-7	-1.085976E-3
1.065000E-7	-1.029448E-3
1.065500E-7	-1.039726E-3
1.066000E-7	-1.104819E-3
1.066500E-7	-1.202460E-3
1.067000E-7	-1.327508E-3
1.067500E-7	-1.457695E-3
1.068000E-7	-1.538206E-3
1.068500E-7	-1.603299E-3
1.069000E-7	-1.704366E-3
1.069500E-7	-1.791728E-3
1.070000E-7	-1.824275E-3
1.070500E-7	-1.849970E-3
1.071000E-7	-1.872239E-3
1.071500E-7	-1.827701E-3
1.072000E-7	-1.731774E-3
1.072500E-7	-1.630707E-3
1.073000E-7	-1.509085E-3
1.073500E-7	-1.348064E-3
1.074000E-7	-1.217877E-3
1.074500E-7	-1.145931E-3
1.075000E-7	-1.092828E-3
1.075500E-7	-1.067133E-3
1.076000E-7	-1.067133E-3
1.076500E-7	-1.082550E-3
1.077000E-7	-1.101393E-3
1.077500E-7	-1.139079E-3
1.078000E-7	-1.163061E-3
1.078500E-7	-1.159635E-3
1.079000E-7	-1.163061E-3
1.079500E-7	-1.197321E-3
1.080000E-7	-1.235006E-3
1.080500E-7	-1.264127E-3
1.081000E-7	-1.277831E-3
1.081500E-7	-1.269266E-3
1.082000E-7	-1.228155E-3
1.082500E-7	-1.168200E-3
1.083000E-7	-1.094541E-3
1.083500E-7	-1.024309E-3
1.084000E-7	-9.951879E-4
1.084500E-7	-1.015744E-3
1.085000E-7	-1.044865E-3
1.085500E-7	-1.063707E-3
1.086000E-7	-1.125375E-3
1.086500E-7	-1.233293E-3
1.087000E-7	-1.346351E-3
1.087500E-7	-1.459408E-3
1.088000E-7	-1.574178E-3
1.088500E-7	-1.699227E-3
1.089000E-7	-1.813997E-3
1.089500E-7	-1.894508E-3
1.090000E-7	-1.935619E-3
1.090500E-7	-1.951036E-3
1.091000E-7	-1.952749E-3
1.091500E-7	-1.930480E-3
1.092000E-7	-1.872239E-3
1.092500E-7	-1.802006E-3
1.093000E-7	-1.759181E-3
1.093500E-7	-1.742052E-3
1.094000E-7	-1.709505E-3
1.094500E-7	-1.658115E-3
1.095000E-7	-1.622142E-3
1.095500E-7	-1.625568E-3
1.096000E-7	-1.618716E-3
1.096500E-7	-1.606725E-3
1.097000E-7	-1.644411E-3
1.097500E-7	-1.718070E-3
1.098000E-7	-1.778024E-3
1.098500E-7	-1.836266E-3
1.099000E-7	-1.930480E-3
1.099500E-7	-2.007565E-3
1.100000E-7	-2.026408E-3
1.100500E-7	-2.009278E-3
1.101000E-7	-1.949323E-3
1.101500E-7	-1.827701E-3
1.102000E-7	-1.663254E-3
1.102500E-7	-1.500520E-3
1.103000E-7	-1.324082E-3
1.103500E-7	-1.149357E-3
1.104000E-7	-1.010605E-3
1.104500E-7	-9.061124E-4
1.105000E-7	-8.221759E-4
1.105500E-7	-7.759252E-4
1.106000E-7	-7.896291E-4
1.106500E-7	-8.512967E-4
1.107000E-7	-9.437982E-4
1.107500E-7	-1.070559E-3
1.108000E-7	-1.233293E-3
1.108500E-7	-1.408018E-3
1.109000E-7	-1.539919E-3
1.109500E-7	-1.634133E-3
1.110000E-7	-1.714644E-3
1.110500E-7	-1.784876E-3
1.111000E-7	-1.841405E-3
1.111500E-7	-1.873952E-3
1.112000E-7	-1.870526E-3
1.112500E-7	-1.844831E-3
1.113000E-7	-1.813997E-3
1.113500E-7	-1.757468E-3
1.114000E-7	-1.658115E-3
1.114500E-7	-1.550197E-3
1.115000E-7	-1.442278E-3
1.115500E-7	-1.320656E-3
1.116000E-7	-1.202460E-3
1.116500E-7	-1.097967E-3
1.117000E-7	-1.008892E-3
1.117500E-7	-9.352332E-4
1.118000E-7	-8.889825E-4
1.118500E-7	-8.701396E-4
1.119000E-7	-8.769916E-4
1.119500E-7	-9.198163E-4
1.120000E-7	-9.866229E-4
1.120500E-7	-1.070559E-3
1.121000E-7	-1.188756E-3
1.121500E-7	-1.324082E-3
1.122000E-7	-1.438852E-3
1.122500E-7	-1.522789E-3
1.123000E-7	-1.570753E-3
1.123500E-7	-1.572466E-3
1.124000E-7	-1.550197E-3
1.124500E-7	-1.529641E-3
1.125000E-7	-1.479964E-3
1.125500E-7	-1.370333E-3
1.126000E-7	-1.246997E-3
1.126500E-7	-1.127088E-3
1.127000E-7	-9.866229E-4
1.127500E-7	-8.632877E-4
1.128000E-7	-8.170369E-4
1.128500E-7	-8.393058E-4
1.129000E-7	-9.043994E-4
1.129500E-7	-1.034587E-3
1.130000E-7	-1.197321E-3
1.130500E-7	-1.361768E-3
1.131000E-7	-1.527928E-3
1.131500E-7	-1.704366E-3
1.132000E-7	-1.846544E-3
1.132500E-7	-1.951036E-3
1.133000E-7	-2.038399E-3
1.133500E-7	-2.058955E-3
1.134000E-7	-1.981870E-3
1.134500E-7	-1.853396E-3
1.135000E-7	-1.699227E-3
1.135500E-7	-1.505659E-3
1.136000E-7	-1.310378E-3
1.136500E-7	-1.149357E-3
1.137000E-7	-1.020883E-3
1.137500E-7	-9.266683E-4
1.138000E-7	-8.872695E-4
1.138500E-7	-8.752786E-4
1.139000E-7	-9.043994E-4
1.139500E-7	-9.900489E-4
1.140000E-7	-1.085976E-3
1.140500E-7	-1.164774E-3
1.141000E-7	-1.262414E-3
1.141500E-7	-1.372046E-3
1.142000E-7	-1.461121E-3
1.142500E-7	-1.538206E-3
1.143000E-7	-1.615290E-3
1.143500E-7	-1.647837E-3
1.144000E-7	-1.644411E-3
1.144500E-7	-1.649550E-3
1.145000E-7	-1.642698E-3
1.145500E-7	-1.584456E-3
1.146000E-7	-1.503946E-3
1.146500E-7	-1.440565E-3
1.147000E-7	-1.377185E-3
1.147500E-7	-1.289822E-3
1.148000E-7	-1.214451E-3
1.148500E-7	-1.181904E-3
1.149000E-7	-1.166487E-3
1.149500E-7	-1.132227E-3
1.150000E-7	-1.082550E-3
1.150500E-7	-1.068846E-3
1.151000E-7	-1.085976E-3
1.151500E-7	-1.087689E-3
1.152000E-7	-1.097967E-3
1.152500E-7	-1.152783E-3
1.153000E-7	-1.235006E-3
1.153500E-7	-1.303526E-3
1.154000E-7	-1.392602E-3
1.154500E-7	-1.524502E-3
1.155000E-7	-1.658115E-3
1.155500E-7	-1.779737E-3
1.156000E-7	-1.906499E-3
1.156500E-7	-2.014417E-3
1.157000E-7	-2.065807E-3
1.157500E-7	-2.072659E-3
1.158000E-7	-2.057242E-3
1.158500E-7	-2.031547E-3
1.159000E-7	-2.005852E-3
1.159500E-7	-1.961314E-3
1.160000E-7	-1.897934E-3
1.160500E-7	-1.843118E-3
1.161000E-7	-1.812284E-3
1.161500E-7	-1.747190E-3
1.162000E-7	-1.644411E-3
1.162500E-7	-1.569040E-3
1.163000E-7	-1.515937E-3
1.163500E-7	-1.443991E-3
1.164000E-7	-1.354916E-3
1.164500E-7	-1.293248E-3
1.165000E-7	-1.252136E-3
1.165500E-7	-1.217877E-3
1.166000E-7	-1.209312E-3
1.166500E-7	-1.257275E-3
1.167000E-7	-1.361768E-3
1.167500E-7	-1.497094E-3
1.168000E-7	-1.639272E-3
1.168500E-7	-1.790015E-3
1.169000E-7	-1.949323E-3
1.169500E-7	-2.070946E-3
1.170000E-7	-2.139465E-3
1.170500E-7	-2.192568E-3
1.171000E-7	-2.266226E-3
1.171500E-7	-2.329607E-3
1.172000E-7	-2.341598E-3
1.172500E-7	-2.312477E-3
1.173000E-7	-2.240532E-3
1.173500E-7	-2.124048E-3
1.174000E-7	-2.005852E-3
1.174500E-7	-1.918489E-3
1.175000E-7	-1.848257E-3
1.175500E-7	-1.759181E-3
1.176000E-7	-1.685523E-3
1.176500E-7	-1.628994E-3
1.177000E-7	-1.562188E-3
1.177500E-7	-1.493668E-3
1.178000E-7	-1.466260E-3
1.178500E-7	-1.471399E-3
1.179000E-7	-1.493668E-3
1.179500E-7	-1.548484E-3
1.180000E-7	-1.639272E-3
1.180500E-7	-1.726635E-3
1.181000E-7	-1.810571E-3
1.181500E-7	-1.904786E-3
1.182000E-7	-1.964740E-3
1.182500E-7	-1.963027E-3
1.183000E-7	-1.925341E-3
1.183500E-7	-1.853396E-3
1.184000E-7	-1.747190E-3
1.184500E-7	-1.623855E-3
1.185000E-7	-1.483390E-3
1.185500E-7	-1.348064E-3
1.186000E-7	-1.233293E-3
1.186500E-7	-1.156209E-3
1.187000E-7	-1.109958E-3
1.187500E-7	-1.101393E-3
1.188000E-7	-1.142505E-3
1.188500E-7	-1.228155E-3
1.189000E-7	-1.327508E-3
1.189500E-7	-1.428574E-3
1.190000E-7	-1.527928E-3
1.190500E-7	-1.620429E-3
1.191000E-7	-1.673532E-3
1.191500E-7	-1.682097E-3
1.192000E-7	-1.673532E-3
1.192500E-7	-1.671819E-3
1.193000E-7	-1.661541E-3
1.193500E-7	-1.658115E-3
1.194000E-7	-1.683810E-3
1.194500E-7	-1.728348E-3
1.195000E-7	-1.771172E-3
1.195500E-7	-1.824275E-3
1.196000E-7	-1.903073E-3
1.196500E-7	-1.985296E-3
1.197000E-7	-2.065807E-3
1.197500E-7	-2.134326E-3
1.198000E-7	-2.163447E-3
1.198500E-7	-2.154882E-3
1.199000E-7	-2.112057E-3
1.199500E-7	-2.034973E-3
1.200000E-7	-1.930480E-3
1.200500E-7	-1.819136E-3
1.201000E-7	-1.699227E-3
1.201500E-7	-1.581030E-3
1.202000E-7	-1.486816E-3
1.202500E-7	-1.421722E-3
1.203000E-7	-1.384037E-3
1.203500E-7	-1.366907E-3
1.204000E-7	-1.372046E-3
1.204500E-7	-1.408018E-3
1.205000E-7	-1.479964E-3
1.205500E-7	-1.582743E-3
1.206000E-7	-1.690662E-3
1.206500E-7	-1.769459E-3
1.207000E-7	-1.825988E-3
1.207500E-7	-1.870526E-3
1.208000E-7	-1.892795E-3
1.208500E-7	-1.903073E-3
1.209000E-7	-1.933906E-3
1.209500E-7	-1.959601E-3
1.210000E-7	-1.964740E-3
1.210500E-7	-1.963027E-3
1.211000E-7	-1.969879E-3
1.211500E-7	-1.963027E-3
1.212000E-7	-1.944184E-3
1.212500E-7	-1.937332E-3
1.213000E-7	-1.928767E-3
1.213500E-7	-1.896221E-3
1.214000E-7	-1.843118E-3
1.214500E-7	-1.786589E-3
1.215000E-7	-1.721496E-3
1.215500E-7	-1.670106E-3
1.216000E-7	-1.634133E-3
1.216500E-7	-1.625568E-3
1.217000E-7	-1.652976E-3
1.217500E-7	-1.697514E-3
1.218000E-7	-1.724922E-3
1.218500E-7	-1.757468E-3
1.219000E-7	-1.805432E-3
1.219500E-7	-1.825988E-3
1.220000E-7	-1.781450E-3
1.220500E-7	-1.743765E-3
1.221000E-7	-1.731774E-3
1.221500E-7	-1.685523E-3
1.222000E-7	-1.599873E-3
1.222500E-7	-1.524502E-3
1.223000E-7	-1.442278E-3
1.223500E-7	-1.366907E-3
1.224000E-7	-1.342925E-3
1.224500E-7	-1.356629E-3
1.225000E-7	-1.373759E-3
1.225500E-7	-1.413157E-3
1.226000E-7	-1.479964E-3
1.226500E-7	-1.538206E-3
1.227000E-7	-1.603299E-3
1.227500E-7	-1.702653E-3
1.228000E-7	-1.803719E-3
1.228500E-7	-1.856822E-3
1.229000E-7	-1.880804E-3
1.229500E-7	-1.880804E-3
1.230000E-7	-1.868813E-3
1.230500E-7	-1.848257E-3
1.231000E-7	-1.802006E-3
1.231500E-7	-1.721496E-3
1.232000E-7	-1.637559E-3
1.232500E-7	-1.567327E-3
1.233000E-7	-1.507372E-3
1.233500E-7	-1.457695E-3
1.234000E-7	-1.409731E-3
1.234500E-7	-1.368620E-3
1.235000E-7	-1.358342E-3
1.235500E-7	-1.392602E-3
1.236000E-7	-1.430287E-3
1.236500E-7	-1.443991E-3
1.237000E-7	-1.473112E-3
1.237500E-7	-1.514224E-3
1.238000E-7	-1.526215E-3
1.238500E-7	-1.512511E-3
1.239000E-7	-1.479964E-3
1.239500E-7	-1.402880E-3
1.240000E-7	-1.265840E-3
1.240500E-7	-1.116810E-3
1.241000E-7	-9.746320E-4
1.241500E-7	-8.221759E-4
1.242000E-7	-6.765718E-4
1.242500E-7	-5.737924E-4
1.243000E-7	-4.949948E-4
1.243500E-7	-4.487441E-4
1.244000E-7	-4.521701E-4
1.244500E-7	-5.138377E-4
1.245000E-7	-6.183301E-4
1.245500E-7	-7.416654E-4
1.246000E-7	-8.581487E-4
1.246500E-7	-9.506502E-4
1.247000E-7	-1.020883E-3
1.247500E-7	-1.068846E-3
1.248000E-7	-1.079124E-3
1.248500E-7	-1.068846E-3
1.249000E-7	-1.065420E-3
1.249500E-7	-1.051717E-3
1.250000E-7	-1.019170E-3
1.250500E-7	-1.008892E-3
1.251000E-7	-1.044865E-3
1.251500E-7	-1.096254E-3
1.252000E-7	-1.156209E-3
1.252500E-7	-1.252136E-3
1.253000E-7	-1.339499E-3
1.253500E-7	-1.372046E-3
1.254000E-7	-1.349777E-3
1.254500E-7	-1.303526E-3
1.255000E-7	-1.235006E-3
1.255500E-7	-1.147644E-3
1.256000E-7	-1.056856E-3
1.256500E-7	-9.592151E-4
1.257000E-7	-8.684266E-4
1.257500E-7	-8.170369E-4
1.258000E-7	-8.341668E-4
1.258500E-7	-8.872695E-4
1.259000E-7	-9.523631E-4
1.259500E-7	-1.051717E-3
1.260000E-7	-1.197321E-3
1.260500E-7	-1.354916E-3
1.261000E-7	-1.495381E-3
1.261500E-7	-1.620429E-3
1.262000E-7	-1.697514E-3
1.262500E-7	-1.712931E-3
1.263000E-7	-1.687236E-3
1.263500E-7	-1.642698E-3
1.264000E-7	-1.558762E-3
1.264500E-7	-1.454269E-3
1.265000E-7	-1.377185E-3
1.265500E-7	-1.315517E-3
1.266000E-7	-1.224729E-3
1.266500E-7	-1.142505E-3
1.267000E-7	-1.109958E-3
1.267500E-7	-1.096254E-3
1.268000E-7	-1.084263E-3
1.268500E-7	-1.101393E-3
1.269000E-7	-1.161348E-3
1.269500E-7	-1.223016E-3
1.270000E-7	-1.241858E-3
1.270500E-7	-1.224729E-3
1.271000E-7	-1.171626E-3
1.271500E-7	-1.073985E-3
1.272000E-7	-9.592151E-4
1.272500E-7	-8.804176E-4
1.273000E-7	-8.050460E-4
1.273500E-7	-7.365264E-4
1.274000E-7	-7.313874E-4
1.274500E-7	-8.170369E-4
1.275000E-7	-9.455112E-4
1.275500E-7	-1.084263E-3
1.276000E-7	-1.233293E-3
1.276500E-7	-1.389176E-3
1.277000E-7	-1.562188E-3
1.277500E-7	-1.742052E-3
1.278000E-7	-1.882517E-3
1.278500E-7	-1.964740E-3
1.279000E-7	-1.981870E-3
1.279500E-7	-1.911638E-3
1.280000E-7	-1.760894E-3
1.280500E-7	-1.593021E-3
1.281000E-7	-1.423435E-3
1.281500E-7	-1.224729E-3
1.282000E-7	-1.027735E-3
1.282500E-7	-8.975475E-4
1.283000E-7	-8.084720E-4
1.283500E-7	-7.262485E-4
1.284000E-7	-6.662938E-4
1.284500E-7	-6.268951E-4
1.285000E-7	-5.960612E-4
1.285500E-7	-5.652274E-4
1.286000E-7	-5.052728E-4
1.286500E-7	-4.144843E-4
1.287000E-7	-3.236958E-4
1.287500E-7	-2.431853E-4
1.288000E-7	-1.626748E-4
1.288500E-7	-1.078591E-4
1.289000E-7	-1.112851E-4
1.289500E-7	-1.438319E-4
1.290000E-7	-1.849436E-4
1.290500E-7	-2.740191E-4
1.291000E-7	-4.059193E-4
1.291500E-7	-5.720794E-4
1.292000E-7	-8.101850E-4
1.292500E-7	-1.099680E-3
1.293000E-7	-1.356629E-3
1.293500E-7	-1.553623E-3
1.294000E-7	-1.697514E-3
1.294500E-7	-1.764320E-3
1.295000E-7	-1.718070E-3
1.295500E-7	-1.587882E-3
1.296000E-7	-1.418296E-3
1.296500E-7	-1.233293E-3
1.297000E-7	-1.034587E-3
1.297500E-7	-8.667136E-4
1.298000E-7	-7.570823E-4
1.298500E-7	-7.056926E-4
1.299000E-7	-6.937017E-4
1.299500E-7	-7.228225E-4
1.300000E-7	-7.862031E-4
1.300500E-7	-8.718526E-4
1.301000E-7	-9.660671E-4
1.301500E-7	-1.060282E-3
1.302000E-7	-1.133940E-3
1.302500E-7	-1.156209E-3
1.303000E-7	-1.123662E-3
1.303500E-7	-1.058569E-3
1.304000E-7	-9.831970E-4
1.304500E-7	-9.026864E-4
1.305000E-7	-8.324538E-4
1.305500E-7	-7.844901E-4
1.306000E-7	-7.793512E-4
1.306500E-7	-8.153239E-4
1.307000E-7	-8.941215E-4
1.307500E-7	-1.003753E-3
1.308000E-7	-1.120236E-3
1.308500E-7	-1.250423E-3
1.309000E-7	-1.375472E-3
1.309500E-7	-1.438852E-3
1.310000E-7	-1.418296E-3
1.310500E-7	-1.360055E-3
1.311000E-7	-1.296674E-3
1.311500E-7	-1.219590E-3
1.312000E-7	-1.135653E-3
1.312500E-7	-1.091115E-3
1.313000E-7	-1.082550E-3
1.313500E-7	-1.075698E-3
1.314000E-7	-1.075698E-3
1.314500E-7	-1.106532E-3
1.315000E-7	-1.166487E-3
1.315500E-7	-1.212738E-3
1.316000E-7	-1.228155E-3
1.316500E-7	-1.231581E-3
1.317000E-7	-1.199034E-3
1.317500E-7	-1.106532E-3
1.318000E-7	-9.643541E-4
1.318500E-7	-8.067590E-4
1.319000E-7	-6.491639E-4
1.319500E-7	-5.206897E-4
1.320000E-7	-4.487441E-4
1.320500E-7	-4.179103E-4
1.321000E-7	-4.127713E-4
1.321500E-7	-4.573090E-4
1.322000E-7	-5.292546E-4
1.322500E-7	-5.737924E-4
1.323000E-7	-5.789313E-4
1.323500E-7	-5.703664E-4
1.324000E-7	-5.480975E-4
1.324500E-7	-5.206897E-4
1.325000E-7	-4.984208E-4
1.325500E-7	-4.521701E-4
1.326000E-7	-3.511037E-4
1.326500E-7	-2.363333E-4
1.327000E-7	-1.318410E-4
1.327500E-7	-5.133043E-5
1.328000E-7	6.911232E-6
1.328500E-7	2.061515E-5
1.329000E-7	-1.193166E-5
1.329500E-7	-7.873827E-5
1.330000E-7	-1.935086E-4
1.330500E-7	-3.356868E-4
1.331000E-7	-4.881429E-4
1.331500E-7	-6.508769E-4
1.332000E-7	-7.947681E-4
1.332500E-7	-8.769916E-4
1.333000E-7	-8.941215E-4
1.333500E-7	-8.769916E-4
1.334000E-7	-8.290279E-4
1.334500E-7	-7.587953E-4
1.335000E-7	-6.919887E-4
1.335500E-7	-6.354600E-4
1.336000E-7	-6.029132E-4
1.336500E-7	-5.926353E-4
1.337000E-7	-5.943482E-4
1.337500E-7	-6.063392E-4
1.338000E-7	-6.371730E-4
1.338500E-7	-6.868497E-4
1.339000E-7	-7.399524E-4
1.339500E-7	-7.673602E-4
1.340000E-7	-7.656472E-4
1.340500E-7	-7.348134E-4
1.341000E-7	-6.662938E-4
1.341500E-7	-5.755054E-4
1.342000E-7	-4.915688E-4
1.342500E-7	-4.384662E-4
1.343000E-7	-4.247622E-4
1.343500E-7	-4.247622E-4
1.344000E-7	-4.264752E-4
1.344500E-7	-4.316142E-4
1.345000E-7	-4.641610E-4
1.345500E-7	-5.018468E-4
1.346000E-7	-5.652274E-4
1.346500E-7	-6.834237E-4
1.347000E-7	-8.101850E-4
1.347500E-7	-9.266683E-4
1.348000E-7	-1.046578E-3
1.348500E-7	-1.166487E-3
1.349000E-7	-1.228155E-3
1.349500E-7	-1.267553E-3
1.350000E-7	-1.342925E-3
1.350500E-7	-1.442278E-3
1.351000E-7	-1.526215E-3
1.351500E-7	-1.599873E-3
1.352000E-7	-1.664967E-3
1.352500E-7	-1.723209E-3
1.353000E-7	-1.781450E-3
1.353500E-7	-1.843118E-3
1.354000E-7	-1.923628E-3
1.354500E-7	-2.029834E-3
1.355000E-7	-2.117196E-3
1.355500E-7	-2.168586E-3
1.356000E-7	-2.209698E-3
1.356500E-7	-2.225115E-3
1.357000E-7	-2.178864E-3
1.357500E-7	-2.089788E-3
1.358000E-7	-1.990435E-3
1.358500E-7	-1.877378E-3
1.359000E-7	-1.759181E-3
1.359500E-7	-1.639272E-3
1.360000E-7	-1.521076E-3
1.360500E-7	-1.442278E-3
1.361000E-7	-1.425148E-3
1.361500E-7	-1.408018E-3
1.362000E-7	-1.351490E-3
1.362500E-7	-1.318943E-3
1.363000E-7	-1.325795E-3
1.363500E-7	-1.308665E-3
1.364000E-7	-1.260701E-3
1.364500E-7	-1.193895E-3
1.365000E-7	-1.108245E-3
1.365500E-7	-1.017457E-3
1.366000E-7	-9.369462E-4
1.366500E-7	-8.906955E-4
1.367000E-7	-8.735656E-4
1.367500E-7	-8.906955E-4
1.368000E-7	-9.386592E-4
1.368500E-7	-1.012318E-3
1.369000E-7	-1.096254E-3
1.369500E-7	-1.197321E-3
1.370000E-7	-1.325795E-3
1.370500E-7	-1.491955E-3
1.371000E-7	-1.646124E-3
1.371500E-7	-1.776311E-3
1.372000E-7	-1.896221E-3
1.372500E-7	-1.987009E-3
1.373000E-7	-2.016130E-3
1.373500E-7	-1.964740E-3
1.374000E-7	-1.844831E-3
1.374500E-7	-1.685523E-3
1.375000E-7	-1.514224E-3
1.375500E-7	-1.336073E-3
1.376000E-7	-1.166487E-3
1.376500E-7	-1.024309E-3
1.377000E-7	-9.215293E-4
1.377500E-7	-8.547227E-4
1.378000E-7	-8.221759E-4
1.378500E-7	-8.118980E-4
1.379000E-7	-8.204629E-4
1.379500E-7	-8.495837E-4
1.380000E-7	-9.061124E-4
1.380500E-7	-9.934749E-4
1.381000E-7	-1.116810E-3
1.381500E-7	-1.258988E-3
1.382000E-7	-1.396028E-3
1.382500E-7	-1.534780E-3
1.383000E-7	-1.671819E-3
1.383500E-7	-1.781450E-3
1.384000E-7	-1.891082E-3
1.384500E-7	-2.024695E-3
1.385000E-7	-2.141178E-3
1.385500E-7	-2.218263E-3
1.386000E-7	-2.279930E-3
1.386500E-7	-2.327894E-3
1.387000E-7	-2.329607E-3
1.387500E-7	-2.274791E-3
1.388000E-7	-2.178864E-3
1.388500E-7	-2.064094E-3
1.389000E-7	-1.921915E-3
1.389500E-7	-1.762607E-3
1.390000E-7	-1.611864E-3
1.390500E-7	-1.510798E-3
1.391000E-7	-1.450843E-3
1.391500E-7	-1.384037E-3
1.392000E-7	-1.327508E-3
1.392500E-7	-1.318943E-3
1.393000E-7	-1.324082E-3
1.393500E-7	-1.293248E-3
1.394000E-7	-1.260701E-3
1.394500E-7	-1.270979E-3
1.395000E-7	-1.281257E-3
1.395500E-7	-1.265840E-3
1.396000E-7	-1.257275E-3
1.396500E-7	-1.255562E-3
1.397000E-7	-1.238432E-3
1.397500E-7	-1.199034E-3
1.398000E-7	-1.152783E-3
1.398500E-7	-1.113384E-3
1.399000E-7	-1.099680E-3
1.399500E-7	-1.080837E-3
1.400000E-7	-1.039726E-3
1.400500E-7	-1.017457E-3
1.401000E-7	-1.051717E-3
1.401500E-7	-1.116810E-3
1.402000E-7	-1.197321E-3
1.402500E-7	-1.308665E-3
1.403000E-7	-1.445704E-3
1.403500E-7	-1.584456E-3
1.404000E-7	-1.730061E-3
1.404500E-7	-1.863674E-3
1.405000E-7	-1.956175E-3
1.405500E-7	-2.000713E-3
1.406000E-7	-1.995574E-3
1.406500E-7	-1.915063E-3
1.407000E-7	-1.781450E-3
1.407500E-7	-1.656402E-3
1.408000E-7	-1.567327E-3
1.408500E-7	-1.498807E-3
1.409000E-7	-1.445704E-3
1.409500E-7	-1.426861E-3
1.410000E-7	-1.445704E-3
1.410500E-7	-1.491955E-3
1.411000E-7	-1.555336E-3
1.411500E-7	-1.617003E-3
1.412000E-7	-1.652976E-3
1.412500E-7	-1.644411E-3
1.413000E-7	-1.617003E-3
1.413500E-7	-1.563901E-3
1.414000E-7	-1.469686E-3
1.414500E-7	-1.375472E-3
1.415000E-7	-1.303526E-3
1.415500E-7	-1.219590E-3
1.416000E-7	-1.118523E-3
1.416500E-7	-1.060282E-3
1.417000E-7	-1.060282E-3
1.417500E-7	-1.075698E-3
1.418000E-7	-1.118523E-3
1.418500E-7	-1.216164E-3
1.419000E-7	-1.329221E-3
1.419500E-7	-1.402880E-3
1.420000E-7	-1.416583E-3
1.420500E-7	-1.396028E-3
1.421000E-7	-1.339499E-3
1.421500E-7	-1.243571E-3
1.422000E-7	-1.127088E-3
1.422500E-7	-1.022596E-3
1.423000E-7	-9.335203E-4
1.423500E-7	-8.512967E-4
1.424000E-7	-7.964811E-4
1.424500E-7	-7.947681E-4
1.425000E-7	-8.238889E-4
1.425500E-7	-8.530097E-4
1.426000E-7	-8.735656E-4
1.426500E-7	-8.701396E-4
1.427000E-7	-8.324538E-4
1.427500E-7	-7.707862E-4
1.428000E-7	-6.834237E-4
1.428500E-7	-5.669404E-4
1.429000E-7	-4.521701E-4
1.429500E-7	-3.716595E-4
1.430000E-7	-3.271218E-4
1.430500E-7	-3.373997E-4
1.431000E-7	-4.179103E-4
1.431500E-7	-5.686534E-4
1.432000E-7	-7.793512E-4
1.432500E-7	-1.024309E-3
1.433000E-7	-1.293248E-3
1.433500E-7	-1.546771E-3
1.434000E-7	-1.757468E-3
1.434500E-7	-1.909925E-3
1.435000E-7	-2.022982E-3
1.435500E-7	-2.086362E-3
1.436000E-7	-2.062381E-3
1.436500E-7	-1.957888E-3
1.437000E-7	-1.824275E-3
1.437500E-7	-1.685523E-3
1.438000E-7	-1.531354E-3
1.438500E-7	-1.385750E-3
1.439000E-7	-1.279544E-3
1.439500E-7	-1.192182E-3
1.440000E-7	-1.121949E-3
1.440500E-7	-1.132227E-3
1.441000E-7	-1.217877E-3
1.441500E-7	-1.322369E-3
1.442000E-7	-1.416583E-3
1.442500E-7	-1.503946E-3
1.443000E-7	-1.565614E-3
1.443500E-7	-1.572466E-3
1.444000E-7	-1.534780E-3
1.444500E-7	-1.459408E-3
1.445000E-7	-1.346351E-3
1.445500E-7	-1.199034E-3
1.446000E-7	-1.008892E-3
1.446500E-7	-7.947681E-4
1.447000E-7	-6.320340E-4
1.447500E-7	-5.429585E-4
1.448000E-7	-5.155507E-4
1.448500E-7	-5.669404E-4
1.449000E-7	-7.159705E-4
1.449500E-7	-9.232423E-4
1.450000E-7	-1.132227E-3
1.450500E-7	-1.351490E-3
1.451000E-7	-1.572466E-3
1.451500E-7	-1.748903E-3
1.452000E-7	-1.891082E-3
1.452500E-7	-2.014417E-3
1.453000E-7	-2.118909E-3
1.453500E-7	-2.209698E-3
1.454000E-7	-2.283356E-3
1.454500E-7	-2.321042E-3
1.455000E-7	-2.327894E-3
1.455500E-7	-2.326181E-3
1.456000E-7	-2.321042E-3
1.456500E-7	-2.293634E-3
1.457000E-7	-2.233680E-3
1.457500E-7	-2.117196E-3
1.458000E-7	-1.959601E-3
1.458500E-7	-1.796867E-3
1.459000E-7	-1.642698E-3
1.459500E-7	-1.486816E-3
1.460000E-7	-1.341212E-3
1.460500E-7	-1.229868E-3
1.461000E-7	-1.159635E-3
1.461500E-7	-1.163061E-3
1.462000E-7	-1.224729E-3
1.462500E-7	-1.310378E-3
1.463000E-7	-1.430287E-3
1.463500E-7	-1.611864E-3
1.464000E-7	-1.774598E-3
1.464500E-7	-1.867100E-3
1.465000E-7	-1.935619E-3
1.465500E-7	-1.992148E-3
1.466000E-7	-1.993861E-3
1.466500E-7	-1.957888E-3
1.467000E-7	-1.903073E-3
1.467500E-7	-1.808858E-3
1.468000E-7	-1.668393E-3
1.468500E-7	-1.519363E-3
1.469000E-7	-1.382324E-3
1.469500E-7	-1.246997E-3
1.470000E-7	-1.142505E-3
1.470500E-7	-1.075698E-3
1.471000E-7	-1.017457E-3
1.471500E-7	-9.712060E-4
1.472000E-7	-9.283813E-4
1.472500E-7	-8.701396E-4
1.473000E-7	-8.153239E-4
1.473500E-7	-7.810641E-4
1.474000E-7	-7.519433E-4
1.474500E-7	-7.468043E-4
1.475000E-7	-7.862031E-4
1.475500E-7	-8.221759E-4
1.476000E-7	-8.221759E-4
1.476500E-7	-8.427318E-4
1.477000E-7	-9.129644E-4
1.477500E-7	-9.900489E-4
1.478000E-7	-1.067133E-3
1.478500E-7	-1.163061E-3
1.479000E-7	-1.253849E-3
1.479500E-7	-1.310378E-3
1.480000E-7	-1.351490E-3
1.480500E-7	-1.360055E-3
1.481000E-7	-1.348064E-3
1.481500E-7	-1.351490E-3
1.482000E-7	-1.354916E-3
1.482500E-7	-1.317230E-3
1.483000E-7	-1.248710E-3
1.483500E-7	-1.152783E-3
1.484000E-7	-1.020883E-3
1.484500E-7	-8.906955E-4
1.485000E-7	-7.896291E-4
1.485500E-7	-6.954146E-4
1.486000E-7	-5.737924E-4
1.486500E-7	-4.658740E-4
1.487000E-7	-4.161973E-4
1.487500E-7	-4.264752E-4
1.488000E-7	-4.949948E-4
1.488500E-7	-6.251821E-4
1.489000E-7	-7.827771E-4
1.489500E-7	-9.283813E-4
1.490000E-7	-1.067133E-3
1.490500E-7	-1.195608E-3
1.491000E-7	-1.293248E-3
1.491500E-7	-1.351490E-3
1.492000E-7	-1.373759E-3
1.492500E-7	-1.361768E-3
1.493000E-7	-1.318943E-3
1.493500E-7	-1.252136E-3
1.494000E-7	-1.144218E-3
1.494500E-7	-9.866229E-4
1.495000E-7	-8.136110E-4
1.495500E-7	-6.560159E-4
1.496000E-7	-4.984208E-4
1.496500E-7	-3.322608E-4
1.497000E-7	-1.900826E-4
1.497500E-7	-9.072920E-5
1.498000E-7	-3.248754E-5
1.498500E-7	-1.193166E-5
1.499000E-7	-3.420053E-5
1.499500E-7	-1.044331E-4
1.500000E-7	-2.072125E-4
1.500500E-7	-3.048529E-4
1.501000E-7	-3.802245E-4
1.501500E-7	-4.418921E-4
1.502000E-7	-4.949948E-4
1.502500E-7	-5.446715E-4
1.503000E-7	-6.114781E-4
1.503500E-7	-6.748588E-4
1.504000E-7	-7.125445E-4
1.504500E-7	-7.159705E-4
1.505000E-7	-7.005536E-4
1.505500E-7	-6.645808E-4
1.506000E-7	-6.440250E-4
1.506500E-7	-6.680068E-4
1.507000E-7	-7.159705E-4
1.507500E-7	-7.793512E-4
1.508000E-7	-8.615747E-4
1.508500E-7	-9.437982E-4
1.509000E-7	-1.010605E-3
1.509500E-7	-1.070559E-3
1.510000E-7	-1.116810E-3
1.510500E-7	-1.144218E-3
1.511000E-7	-1.139079E-3
1.511500E-7	-1.125375E-3
1.512000E-7	-1.103106E-3
1.512500E-7	-1.070559E-3
1.513000E-7	-1.022596E-3
1.513500E-7	-9.712060E-4
1.514000E-7	-9.146774E-4
1.514500E-7	-8.341668E-4
1.515000E-7	-7.468043E-4
1.515500E-7	-6.628678E-4
1.516000E-7	-5.532365E-4
1.516500E-7	-4.076323E-4
1.517000E-7	-2.517503E-4
1.517500E-7	-1.267020E-4
1.518000E-7	-4.447847E-5
1.518500E-7	-1.193166E-5
1.519000E-7	-5.079697E-6
1.519500E-7	-8.505677E-6
1.520000E-7	-3.077455E-5
1.520500E-7	-1.010071E-4
1.521000E-7	-1.952216E-4
1.521500E-7	-3.082789E-4
1.522000E-7	-4.333272E-4
1.522500E-7	-5.412456E-4
1.523000E-7	-5.977742E-4
1.523500E-7	-6.114781E-4
1.524000E-7	-6.097652E-4
1.524500E-7	-5.892093E-4
1.525000E-7	-5.395326E-4
1.525500E-7	-4.881429E-4
1.526000E-7	-4.401791E-4
1.526500E-7	-4.076323E-4
1.527000E-7	-4.179103E-4
1.527500E-7	-4.932818E-4
1.528000E-7	-6.217561E-4
1.528500E-7	-7.759252E-4
1.529000E-7	-9.540761E-4
1.529500E-7	-1.152783E-3
1.530000E-7	-1.344638E-3
1.530500E-7	-1.510798E-3
1.531000E-7	-1.646124E-3
1.531500E-7	-1.690662E-3
1.532000E-7	-1.642698E-3
1.532500E-7	-1.529641E-3
1.533000E-7	-1.358342E-3
1.533500E-7	-1.109958E-3
1.534000E-7	-8.221759E-4
1.534500E-7	-5.600884E-4
1.535000E-7	-3.322608E-4
1.535500E-7	-1.352669E-4
1.536000E-7	6.911232E-6
1.536500E-7	4.288402E-5
1.537000E-7	-4.276548E-5
1.537500E-7	-2.380463E-4
1.538000E-7	-5.224027E-4
1.538500E-7	-8.667136E-4
1.539000E-7	-1.211025E-3
1.539500E-7	-1.491955E-3
1.540000E-7	-1.683810E-3
1.540500E-7	-1.798580E-3
1.541000E-7	-1.815710E-3
1.541500E-7	-1.730061E-3
1.542000E-7	-1.572466E-3
1.542500E-7	-1.368620E-3
1.543000E-7	-1.125375E-3
1.543500E-7	-8.787046E-4
1.544000E-7	-6.474509E-4
1.544500E-7	-4.504571E-4
1.545000E-7	-3.202698E-4
1.545500E-7	-2.860101E-4
1.546000E-7	-3.408257E-4
1.546500E-7	-4.521701E-4
1.547000E-7	-5.874963E-4
1.547500E-7	-7.159705E-4
1.548000E-7	-8.136110E-4
1.548500E-7	-8.701396E-4
1.549000E-7	-9.009734E-4
1.549500E-7	-8.941215E-4
1.550000E-7	-8.393058E-4
1.550500E-7	-7.690732E-4
1.551000E-7	-7.022666E-4
1.551500E-7	-6.268951E-4
1.552000E-7	-5.498105E-4
1.552500E-7	-5.189767E-4
1.553000E-7	-5.618014E-4
1.553500E-7	-6.645808E-4
1.554000E-7	-8.118980E-4
1.554500E-7	-9.917619E-4
1.555000E-7	-1.178478E-3
1.555500E-7	-1.334360E-3
1.556000E-7	-1.452556E-3
1.556500E-7	-1.534780E-3
1.557000E-7	-1.567327E-3
1.557500E-7	-1.546771E-3
1.558000E-7	-1.483390E-3
1.558500E-7	-1.365194E-3
1.559000E-7	-1.221303E-3
1.559500E-7	-1.132227E-3
1.560000E-7	-1.121949E-3
1.560500E-7	-1.139079E-3
1.561000E-7	-1.156209E-3
1.561500E-7	-1.205886E-3
1.562000E-7	-1.288109E-3
1.562500E-7	-1.358342E-3
1.563000E-7	-1.382324E-3
1.563500E-7	-1.368620E-3
1.564000E-7	-1.327508E-3
1.564500E-7	-1.250423E-3
1.565000E-7	-1.132227E-3
1.565500E-7	-9.883359E-4
1.566000E-7	-8.461578E-4
1.566500E-7	-7.056926E-4
1.567000E-7	-5.909223E-4
1.567500E-7	-5.172637E-4
1.568000E-7	-4.761519E-4
1.568500E-7	-4.555961E-4
1.569000E-7	-4.675870E-4
1.569500E-7	-5.275416E-4
1.570000E-7	-5.720794E-4
1.570500E-7	-5.737924E-4
1.571000E-7	-5.926353E-4
1.571500E-7	-6.594419E-4
1.572000E-7	-7.074056E-4
1.572500E-7	-7.056926E-4
1.573000E-7	-7.211095E-4
1.573500E-7	-7.656472E-4
1.574000E-7	-7.776382E-4
1.574500E-7	-7.536563E-4
1.575000E-7	-7.433784E-4
1.575500E-7	-7.348134E-4
1.576000E-7	-6.817107E-4
1.576500E-7	-5.909223E-4
1.577000E-7	-5.104117E-4
1.577500E-7	-4.470311E-4
1.578000E-7	-3.956414E-4
1.578500E-7	-3.596686E-4
1.579000E-7	-3.459647E-4
1.579500E-7	-3.699466E-4
1.580000E-7	-4.179103E-4
1.580500E-7	-4.778649E-4
1.581000E-7	-5.532365E-4
1.581500E-7	-6.611549E-4
1.582000E-7	-7.793512E-4
1.582500E-7	-8.906955E-4
1.583000E-7	-1.012318E-3
1.583500E-7	-1.130514E-3
1.584000E-7	-1.219590E-3
1.584500E-7	-1.284683E-3
1.585000E-7	-1.341212E-3
1.585500E-7	-1.387463E-3
1.586000E-7	-1.449130E-3
1.586500E-7	-1.527928E-3
1.587000E-7	-1.622142E-3
1.587500E-7	-1.723209E-3
1.588000E-7	-1.834553E-3
1.588500E-7	-1.937332E-3
1.589000E-7	-2.014417E-3
1.589500E-7	-2.076085E-3
1.590000E-7	-2.115483E-3
1.590500E-7	-2.117196E-3
1.591000E-7	-2.084650E-3
1.591500E-7	-1.988722E-3
1.592000E-7	-1.820849E-3
1.592500E-7	-1.618716E-3
1.593000E-7	-1.423435E-3
1.593500E-7	-1.235006E-3
1.594000E-7	-1.082550E-3
1.594500E-7	-1.015744E-3
1.595000E-7	-1.038013E-3
1.595500E-7	-1.133940E-3
1.596000E-7	-1.317230E-3
1.596500E-7	-1.577604E-3
1.597000E-7	-1.873952E-3
1.597500E-7	-2.161734E-3
1.598000E-7	-2.430673E-3
1.598500E-7	-2.651649E-3
1.599000E-7	-2.807531E-3
1.599500E-7	-2.889755E-3
1.600000E-7	-2.857208E-3
1.600500E-7	-2.704752E-3
1.601000E-7	-2.454655E-3
1.601500E-7	-2.146317E-3
1.602000E-7	-1.820849E-3
1.602500E-7	-1.533067E-3
1.603000E-7	-1.296674E-3
1.603500E-7	-1.139079E-3
1.604000E-7	-1.087689E-3
1.604500E-7	-1.156209E-3
1.605000E-7	-1.327508E-3
1.605500E-7	-1.562188E-3
1.606000E-7	-1.793441E-3
1.606500E-7	-1.971592E-3
1.607000E-7	-2.074372E-3
1.607500E-7	-2.096640E-3
1.608000E-7	-2.022982E-3
1.608500E-7	-1.865387E-3
1.609000E-7	-1.664967E-3
1.609500E-7	-1.450843E-3
1.610000E-7	-1.245284E-3
1.610500E-7	-1.080837E-3
1.611000E-7	-9.797710E-4
1.611500E-7	-9.694930E-4
1.612000E-7	-1.079124E-3
1.612500E-7	-1.286396E-3
1.613000E-7	-1.521076E-3
1.613500E-7	-1.730061E-3
1.614000E-7	-1.913351E-3
1.614500E-7	-2.064094E-3
1.615000E-7	-2.139465E-3
1.615500E-7	-2.120622E-3
1.616000E-7	-2.048677E-3
1.616500E-7	-1.937332E-3
1.617000E-7	-1.784876E-3
1.617500E-7	-1.582743E-3
1.618000E-7	-1.360055E-3
1.618500E-7	-1.152783E-3
1.619000E-7	-9.934749E-4
1.619500E-7	-8.752786E-4
1.620000E-7	-7.742122E-4
1.620500E-7	-6.868497E-4
1.621000E-7	-6.183301E-4
1.621500E-7	-5.618014E-4
1.622000E-7	-5.189767E-4
1.622500E-7	-4.898559E-4
1.623000E-7	-4.590220E-4
1.623500E-7	-4.161973E-4
1.624000E-7	-3.785115E-4
1.624500E-7	-3.630946E-4
1.625000E-7	-3.596686E-4
1.625500E-7	-3.750855E-4
1.626000E-7	-4.127713E-4
1.626500E-7	-4.675870E-4
1.627000E-7	-5.343936E-4
1.627500E-7	-6.149041E-4
1.628000E-7	-7.056926E-4
1.628500E-7	-8.067590E-4
1.629000E-7	-9.095384E-4
1.629500E-7	-9.660671E-4
1.630000E-7	-9.831970E-4
1.630500E-7	-1.008892E-3
1.631000E-7	-1.060282E-3
1.631500E-7	-1.118523E-3
1.632000E-7	-1.175052E-3
1.632500E-7	-1.246997E-3
1.633000E-7	-1.337786E-3
1.633500E-7	-1.445704E-3
1.634000E-7	-1.587882E-3
1.634500E-7	-1.760894E-3
1.635000E-7	-1.939045E-3
1.635500E-7	-2.094927E-3
1.636000E-7	-2.204559E-3
1.636500E-7	-2.262800E-3
1.637000E-7	-2.264513E-3
1.637500E-7	-2.206272E-3
1.638000E-7	-2.077798E-3
1.638500E-7	-1.882517E-3
1.639000E-7	-1.652976E-3
1.639500E-7	-1.416583E-3
1.640000E-7	-1.175052E-3
1.640500E-7	-9.883359E-4
1.641000E-7	-8.838435E-4
1.641500E-7	-8.427318E-4
1.642000E-7	-8.393058E-4
1.642500E-7	-8.804176E-4
1.643000E-7	-9.677801E-4
1.643500E-7	-1.077411E-3
1.644000E-7	-1.205886E-3
1.644500E-7	-1.375472E-3
1.645000E-7	-1.550197E-3
1.645500E-7	-1.682097E-3
1.646000E-7	-1.762607E-3
1.646500E-7	-1.781450E-3
1.647000E-7	-1.740339E-3
1.647500E-7	-1.688949E-3
1.648000E-7	-1.663254E-3
1.648500E-7	-1.639272E-3
1.649000E-7	-1.593021E-3
1.649500E-7	-1.529641E-3
1.650000E-7	-1.452556E-3
1.650500E-7	-1.358342E-3
1.651000E-7	-1.257275E-3
1.651500E-7	-1.128801E-3
1.652000E-7	-9.575021E-4
1.652500E-7	-8.050460E-4
1.653000E-7	-7.091186E-4
1.653500E-7	-6.560159E-4
1.654000E-7	-6.354600E-4
1.654500E-7	-6.834237E-4
1.655000E-7	-8.101850E-4
1.655500E-7	-9.729190E-4
1.656000E-7	-1.161348E-3
1.656500E-7	-1.365194E-3
1.657000E-7	-1.557049E-3
1.657500E-7	-1.714644E-3
1.658000E-7	-1.837979E-3
1.658500E-7	-1.925341E-3
1.659000E-7	-1.985296E-3
1.659500E-7	-2.010991E-3
1.660000E-7	-1.971592E-3
1.660500E-7	-1.872239E-3
1.661000E-7	-1.730061E-3
1.661500E-7	-1.567327E-3
1.662000E-7	-1.408018E-3
1.662500E-7	-1.257275E-3
1.663000E-7	-1.101393E-3
1.663500E-7	-9.523631E-4
1.664000E-7	-8.341668E-4
1.664500E-7	-7.485173E-4
1.665000E-7	-6.988406E-4
1.665500E-7	-6.971276E-4
1.666000E-7	-7.279615E-4
1.666500E-7	-7.981940E-4
1.667000E-7	-9.181033E-4
1.667500E-7	-1.036300E-3
1.668000E-7	-1.109958E-3
1.668500E-7	-1.195608E-3
1.669000E-7	-1.306952E-3
1.669500E-7	-1.392602E-3
1.670000E-7	-1.452556E-3
1.670500E-7	-1.533067E-3
1.671000E-7	-1.605012E-3
1.671500E-7	-1.634133E-3
1.672000E-7	-1.646124E-3
1.672500E-7	-1.682097E-3
1.673000E-7	-1.695801E-3
1.673500E-7	-1.683810E-3
1.674000E-7	-1.649550E-3
1.674500E-7	-1.596447E-3
1.675000E-7	-1.510798E-3
1.675500E-7	-1.408018E-3
1.676000E-7	-1.294961E-3
1.676500E-7	-1.190469E-3
1.677000E-7	-1.113384E-3
1.677500E-7	-1.084263E-3
1.678000E-7	-1.104819E-3
1.678500E-7	-1.161348E-3
1.679000E-7	-1.241858E-3
1.679500E-7	-1.342925E-3
1.680000E-7	-1.462834E-3
1.680500E-7	-1.582743E-3
1.681000E-7	-1.659828E-3
1.681500E-7	-1.699227E-3
1.682000E-7	-1.718070E-3
1.682500E-7	-1.695801E-3
1.683000E-7	-1.598160E-3
1.683500E-7	-1.430287E-3
1.684000E-7	-1.240145E-3
1.684500E-7	-1.031161E-3
1.685000E-7	-7.930551E-4
1.685500E-7	-5.635144E-4
1.686000E-7	-3.750855E-4
1.686500E-7	-2.363333E-4
1.687000E-7	-1.455449E-4
1.687500E-7	-1.095721E-4
1.688000E-7	-1.438319E-4
1.688500E-7	-2.483243E-4
1.689000E-7	-4.093453E-4
1.689500E-7	-5.909223E-4
1.690000E-7	-7.793512E-4
1.690500E-7	-9.729190E-4
1.691000E-7	-1.128801E-3
1.691500E-7	-1.216164E-3
1.692000E-7	-1.250423E-3
1.692500E-7	-1.241858E-3
1.693000E-7	-1.171626E-3
1.693500E-7	-1.043152E-3
1.694000E-7	-8.838435E-4
1.694500E-7	-7.142575E-4
1.695000E-7	-5.446715E-4
1.695500E-7	-3.922154E-4
1.696000E-7	-2.877230E-4
1.696500E-7	-2.072125E-4
1.697000E-7	-1.575358E-4
1.697500E-7	-1.455449E-4
1.698000E-7	-1.729527E-4
1.698500E-7	-2.020735E-4
1.699000E-7	-2.226294E-4
1.699500E-7	-2.671672E-4
1.700000E-7	-3.288348E-4
1.700500E-7	-3.802245E-4
1.701000E-7	-3.990674E-4
1.701500E-7	-4.059193E-4
1.702000E-7	-3.819375E-4
1.702500E-7	-3.425387E-4
1.703000E-7	-3.271218E-4
1.703500E-7	-3.408257E-4
1.704000E-7	-3.613816E-4
1.704500E-7	-3.716595E-4
1.705000E-7	-3.836505E-4
1.705500E-7	-4.179103E-4
1.706000E-7	-4.744389E-4
1.706500E-7	-5.309676E-4
1.707000E-7	-5.755054E-4
1.707500E-7	-6.303210E-4
1.708000E-7	-6.868497E-4
1.708500E-7	-7.142575E-4
1.709000E-7	-7.193965E-4
1.709500E-7	-7.399524E-4
1.710000E-7	-7.605083E-4
1.710500E-7	-7.622213E-4
1.711000E-7	-7.707862E-4
1.711500E-7	-8.033330E-4
1.712000E-7	-8.307409E-4
1.712500E-7	-8.581487E-4
1.713000E-7	-9.061124E-4
1.713500E-7	-9.609281E-4
1.714000E-7	-9.814840E-4
1.714500E-7	-9.660671E-4
1.715000E-7	-9.386592E-4
1.715500E-7	-8.804176E-4
1.716000E-7	-7.776382E-4
1.716500E-7	-6.697198E-4
1.717000E-7	-6.012002E-4
1.717500E-7	-5.515235E-4
1.718000E-7	-4.847169E-4
1.718500E-7	-4.504571E-4
1.719000E-7	-5.069858E-4
1.719500E-7	-6.097652E-4
1.720000E-7	-7.091186E-4
1.720500E-7	-8.341668E-4
1.721000E-7	-1.014031E-3
1.721500E-7	-1.181904E-3
1.722000E-7	-1.315517E-3
1.722500E-7	-1.404592E-3
1.723000E-7	-1.443991E-3
1.723500E-7	-1.421722E-3
1.724000E-7	-1.356629E-3
1.724500E-7	-1.258988E-3
1.725000E-7	-1.127088E-3
1.725500E-7	-1.031161E-3
1.726000E-7	-1.014031E-3
1.726500E-7	-1.055143E-3
1.727000E-7	-1.128801E-3
1.727500E-7	-1.250423E-3
1.728000E-7	-1.433713E-3
1.728500E-7	-1.639272E-3
1.729000E-7	-1.812284E-3
1.729500E-7	-1.933906E-3
1.730000E-7	-1.997287E-3
1.730500E-7	-2.004139E-3
1.731000E-7	-1.951036E-3
1.731500E-7	-1.843118E-3
1.732000E-7	-1.678671E-3
1.732500E-7	-1.461121E-3
1.733000E-7	-1.207599E-3
1.733500E-7	-9.626411E-4
1.734000E-7	-7.553693E-4
1.734500E-7	-5.892093E-4
1.735000E-7	-4.795779E-4
1.735500E-7	-4.367532E-4
1.736000E-7	-4.624480E-4
1.736500E-7	-5.361066E-4
1.737000E-7	-6.320340E-4
1.737500E-7	-7.331004E-4
1.738000E-7	-8.598617E-4
1.738500E-7	-1.034587E-3
1.739000E-7	-1.246997E-3
1.739500E-7	-1.457695E-3
1.740000E-7	-1.635846E-3
1.740500E-7	-1.772885E-3
1.741000E-7	-1.880804E-3
1.741500E-7	-1.959601E-3
1.742000E-7	-1.980157E-3
1.742500E-7	-1.949323E-3
1.743000E-7	-1.875665E-3
1.743500E-7	-1.743765E-3
1.744000E-7	-1.548484E-3
1.744500E-7	-1.308665E-3
1.745000E-7	-1.046578E-3
1.745500E-7	-7.862031E-4
1.746000E-7	-5.498105E-4
1.746500E-7	-3.459647E-4
1.747000E-7	-1.883696E-4
1.747500E-7	-1.027201E-4
1.748000E-7	-7.188631E-5
1.748500E-7	-6.846033E-5
1.749000E-7	-1.129981E-4
1.749500E-7	-2.414723E-4
1.750000E-7	-4.196233E-4
1.750500E-7	-6.063392E-4
1.751000E-7	-7.913421E-4
1.751500E-7	-9.797710E-4
1.752000E-7	-1.152783E-3
1.752500E-7	-1.312091E-3
1.753000E-7	-1.445704E-3
1.753500E-7	-1.529641E-3
1.754000E-7	-1.565614E-3
1.754500E-7	-1.574178E-3
1.755000E-7	-1.553623E-3
1.755500E-7	-1.478251E-3
1.756000E-7	-1.372046E-3
1.756500E-7	-1.262414E-3
1.757000E-7	-1.135653E-3
1.757500E-7	-1.019170E-3
1.758000E-7	-9.694930E-4
1.758500E-7	-1.003753E-3
1.759000E-7	-1.073985E-3
1.759500E-7	-1.154496E-3
1.760000E-7	-1.262414E-3
1.760500E-7	-1.382324E-3
1.761000E-7	-1.483390E-3
1.761500E-7	-1.567327E-3
1.762000E-7	-1.646124E-3
1.762500E-7	-1.699227E-3
1.763000E-7	-1.700940E-3
1.763500E-7	-1.673532E-3
1.764000E-7	-1.646124E-3
1.764500E-7	-1.613577E-3
1.765000E-7	-1.570753E-3
1.765500E-7	-1.557049E-3
1.766000E-7	-1.582743E-3
1.766500E-7	-1.622142E-3
1.767000E-7	-1.647837E-3
1.767500E-7	-1.673532E-3
1.768000E-7	-1.685523E-3
1.768500E-7	-1.661541E-3
1.769000E-7	-1.627281E-3
1.769500E-7	-1.605012E-3
1.770000E-7	-1.598160E-3
1.770500E-7	-1.615290E-3
1.771000E-7	-1.676958E-3
1.771500E-7	-1.760894E-3
1.772000E-7	-1.834553E-3
1.772500E-7	-1.903073E-3
1.773000E-7	-1.973305E-3
1.773500E-7	-2.028121E-3
1.774000E-7	-2.086362E-3
1.774500E-7	-2.127474E-3
1.775000E-7	-2.129187E-3
1.775500E-7	-2.094927E-3
1.776000E-7	-2.058955E-3
1.776500E-7	-2.000713E-3
1.777000E-7	-1.906499E-3
1.777500E-7	-1.791728E-3
1.778000E-7	-1.647837E-3
1.778500E-7	-1.493668E-3
1.779000E-7	-1.363481E-3
1.779500E-7	-1.264127E-3
1.780000E-7	-1.190469E-3
1.780500E-7	-1.161348E-3
1.781000E-7	-1.190469E-3
1.781500E-7	-1.248710E-3
1.782000E-7	-1.318943E-3
1.782500E-7	-1.425148E-3
1.783000E-7	-1.555336E-3
1.783500E-7	-1.671819E-3
1.784000E-7	-1.762607E-3
1.784500E-7	-1.831127E-3
1.785000E-7	-1.851683E-3
1.785500E-7	-1.834553E-3
1.786000E-7	-1.803719E-3
1.786500E-7	-1.776311E-3
1.787000E-7	-1.754042E-3
1.787500E-7	-1.726635E-3
1.788000E-7	-1.709505E-3
1.788500E-7	-1.707792E-3
1.789000E-7	-1.728348E-3
1.789500E-7	-1.735200E-3
1.790000E-7	-1.700940E-3
1.790500E-7	-1.651263E-3
1.791000E-7	-1.605012E-3
1.791500E-7	-1.541632E-3
1.792000E-7	-1.445704E-3
1.792500E-7	-1.336073E-3
1.793000E-7	-1.231581E-3
1.793500E-7	-1.135653E-3
1.794000E-7	-1.080837E-3
1.794500E-7	-1.099680E-3
1.795000E-7	-1.176765E-3
1.795500E-7	-1.286396E-3
1.796000E-7	-1.433713E-3
1.796500E-7	-1.628994E-3
1.797000E-7	-1.825988E-3
1.797500E-7	-1.981870E-3
1.798000E-7	-2.096640E-3
1.798500E-7	-2.182290E-3
1.799000E-7	-2.223402E-3
1.799500E-7	-2.214837E-3
1.800000E-7	-2.173725E-3
1.800500E-7	-2.101779E-3
1.801000E-7	-1.978444E-3
1.801500E-7	-1.790015E-3
1.802000E-7	-1.579317E-3
1.802500E-7	-1.384037E-3
1.803000E-7	-1.224729E-3
1.803500E-7	-1.096254E-3
1.804000E-7	-9.986139E-4
1.804500E-7	-9.489372E-4
1.805000E-7	-9.677801E-4
1.805500E-7	-1.015744E-3
1.806000E-7	-1.072272E-3
1.806500E-7	-1.151070E-3
1.807000E-7	-1.250423E-3
1.807500E-7	-1.358342E-3
1.808000E-7	-1.469686E-3
1.808500E-7	-1.606725E-3
1.809000E-7	-1.752329E-3
1.809500E-7	-1.861961E-3
1.810000E-7	-1.952749E-3
1.810500E-7	-2.033260E-3
1.811000E-7	-2.093214E-3
1.811500E-7	-2.118909E-3
1.812000E-7	-2.113770E-3
1.812500E-7	-2.076085E-3
1.813000E-7	-1.997287E-3
1.813500E-7	-1.843118E-3
1.814000E-7	-1.611864E-3
1.814500E-7	-1.339499E-3
1.815000E-7	-1.087689E-3
1.815500E-7	-8.787046E-4
1.816000E-7	-6.988406E-4
1.816500E-7	-5.669404E-4
1.817000E-7	-4.915688E-4
1.817500E-7	-4.710130E-4
1.818000E-7	-5.206897E-4
1.818500E-7	-6.474509E-4
1.819000E-7	-7.827771E-4
1.819500E-7	-8.975475E-4
1.820000E-7	-1.019170E-3
1.820500E-7	-1.156209E-3
1.821000E-7	-1.255562E-3
1.821500E-7	-1.294961E-3
1.822000E-7	-1.342925E-3
1.822500E-7	-1.409731E-3
1.823000E-7	-1.461121E-3
1.823500E-7	-1.490242E-3
1.824000E-7	-1.527928E-3
1.824500E-7	-1.581030E-3
1.825000E-7	-1.632420E-3
1.825500E-7	-1.702653E-3
1.826000E-7	-1.805432E-3
1.826500E-7	-1.921915E-3
1.827000E-7	-2.005852E-3
1.827500E-7	-2.062381E-3
1.828000E-7	-2.098353E-3
1.828500E-7	-2.070946E-3
1.829000E-7	-1.980157E-3
1.829500E-7	-1.858535E-3
1.830000E-7	-1.700940E-3
1.830500E-7	-1.490242E-3
1.831000E-7	-1.276118E-3
1.831500E-7	-1.123662E-3
1.832000E-7	-1.024309E-3
1.832500E-7	-9.540761E-4
1.833000E-7	-9.112514E-4
1.833500E-7	-9.095384E-4
1.834000E-7	-9.592151E-4
1.834500E-7	-1.068846E-3
1.835000E-7	-1.199034E-3
1.835500E-7	-1.337786E-3
1.836000E-7	-1.502233E-3
1.836500E-7	-1.676958E-3
1.837000E-7	-1.803719E-3
1.837500E-7	-1.891082E-3
1.838000E-7	-1.942471E-3
1.838500E-7	-1.939045E-3
1.839000E-7	-1.894508E-3
1.839500E-7	-1.831127E-3
1.840000E-7	-1.724922E-3
1.840500E-7	-1.596447E-3
1.841000E-7	-1.493668E-3
1.841500E-7	-1.397741E-3
1.842000E-7	-1.288109E-3
1.842500E-7	-1.223016E-3
1.843000E-7	-1.223016E-3
1.843500E-7	-1.236719E-3
1.844000E-7	-1.267553E-3
1.844500E-7	-1.329221E-3
1.845000E-7	-1.384037E-3
1.845500E-7	-1.421722E-3
1.846000E-7	-1.488529E-3
1.846500E-7	-1.557049E-3
1.847000E-7	-1.581030E-3
1.847500E-7	-1.589595E-3
1.848000E-7	-1.605012E-3
1.848500E-7	-1.603299E-3
1.849000E-7	-1.586169E-3
1.849500E-7	-1.565614E-3
1.850000E-7	-1.524502E-3
1.850500E-7	-1.457695E-3
1.851000E-7	-1.396028E-3
1.851500E-7	-1.354916E-3
1.852000E-7	-1.310378E-3
1.852500E-7	-1.255562E-3
1.853000E-7	-1.204173E-3
1.853500E-7	-1.176765E-3
1.854000E-7	-1.188756E-3
1.854500E-7	-1.241858E-3
1.855000E-7	-1.324082E-3
1.855500E-7	-1.437139E-3
1.856000E-7	-1.579317E-3
1.856500E-7	-1.733487E-3
1.857000E-7	-1.887656E-3
1.857500E-7	-2.029834E-3
1.858000E-7	-2.124048E-3
1.858500E-7	-2.158308E-3
1.859000E-7	-2.163447E-3
1.859500E-7	-2.137752E-3
1.860000E-7	-2.031547E-3
1.860500E-7	-1.851683E-3
1.861000E-7	-1.654689E-3
1.861500E-7	-1.454269E-3
1.862000E-7	-1.243571E-3
1.862500E-7	-1.063707E-3
1.863000E-7	-9.386592E-4
1.863500E-7	-8.598617E-4
1.864000E-7	-8.461578E-4
1.864500E-7	-9.266683E-4
1.865000E-7	-1.073985E-3
1.865500E-7	-1.238432E-3
1.866000E-7	-1.421722E-3
1.866500E-7	-1.610151E-3
1.867000E-7	-1.745477E-3
1.867500E-7	-1.807145E-3
1.868000E-7	-1.812284E-3
1.868500E-7	-1.786589E-3
1.869000E-7	-1.735200E-3
1.869500E-7	-1.647837E-3
1.870000E-7	-1.515937E-3
1.870500E-7	-1.360055E-3
1.871000E-7	-1.185330E-3
1.871500E-7	-9.883359E-4
1.872000E-7	-8.118980E-4
1.872500E-7	-6.782848E-4
1.873000E-7	-5.703664E-4
1.873500E-7	-4.778649E-4
1.874000E-7	-4.110583E-4
1.874500E-7	-3.699466E-4
1.875000E-7	-3.579556E-4
1.875500E-7	-3.853635E-4
1.876000E-7	-4.487441E-4
1.876500E-7	-5.361066E-4
1.877000E-7	-6.491639E-4
1.877500E-7	-7.742122E-4
1.878000E-7	-8.924085E-4
1.878500E-7	-1.012318E-3
1.879000E-7	-1.116810E-3
1.879500E-7	-1.161348E-3
1.880000E-7	-1.147644E-3
1.880500E-7	-1.096254E-3
1.881000E-7	-1.008892E-3
1.881500E-7	-8.581487E-4
1.882000E-7	-6.371730E-4
1.882500E-7	-3.990674E-4
1.883000E-7	-1.746657E-4
1.883500E-7	2.918010E-5
1.884000E-7	2.124700E-4
1.884500E-7	3.495092E-4
1.885000E-7	4.146028E-4
1.885500E-7	3.991859E-4
1.886000E-7	3.169624E-4
1.886500E-7	1.816362E-4
1.887000E-7	6.911232E-6
1.887500E-7	-1.643878E-4
1.888000E-7	-3.082789E-4
1.888500E-7	-4.350402E-4
1.889000E-7	-5.412456E-4
1.889500E-7	-5.960612E-4
1.890000E-7	-6.080522E-4
1.890500E-7	-6.234691E-4
1.891000E-7	-6.491639E-4
1.891500E-7	-6.508769E-4
1.892000E-7	-6.371730E-4
1.892500E-7	-6.200431E-4
1.893000E-7	-6.097652E-4
1.893500E-7	-6.251821E-4
1.894000E-7	-6.782848E-4
1.894500E-7	-7.399524E-4
1.895000E-7	-7.793512E-4
1.895500E-7	-8.016200E-4
1.896000E-7	-8.204629E-4
1.896500E-7	-8.375928E-4
1.897000E-7	-8.410188E-4
1.897500E-7	-8.170369E-4
1.898000E-7	-7.810641E-4
1.898500E-7	-8.033330E-4
1.899000E-7	-8.924085E-4
1.899500E-7	-1.012318E-3
1.900000E-7	-1.156209E-3
1.900500E-7	-1.342925E-3
1.901000E-7	-1.560475E-3
1.901500E-7	-1.774598E-3
1.902000E-7	-1.954462E-3
1.902500E-7	-2.077798E-3
1.903000E-7	-2.120622E-3
1.903500E-7	-2.072659E-3
1.904000E-7	-1.930480E-3
1.904500E-7	-1.716357E-3
1.905000E-7	-1.471399E-3
1.905500E-7	-1.212738E-3
1.906000E-7	-9.318073E-4
1.906500E-7	-6.799977E-4
1.907000E-7	-4.949948E-4
1.907500E-7	-3.425387E-4
1.908000E-7	-2.209164E-4
1.908500E-7	-1.815177E-4
1.909000E-7	-2.277684E-4
1.909500E-7	-3.185569E-4
1.910000E-7	-4.247622E-4
1.910500E-7	-5.292546E-4
1.911000E-7	-6.286080E-4
1.911500E-7	-7.279615E-4
1.912000E-7	-7.964811E-4
1.912500E-7	-8.256019E-4
1.913000E-7	-8.461578E-4
1.913500E-7	-8.684266E-4
1.914000E-7	-8.547227E-4
1.914500E-7	-8.341668E-4
1.915000E-7	-8.444448E-4
1.915500E-7	-8.615747E-4
1.916000E-7	-8.701396E-4
1.916500E-7	-8.975475E-4
1.917000E-7	-9.403722E-4
1.917500E-7	-9.814840E-4
1.918000E-7	-1.027735E-3
1.918500E-7	-1.099680E-3
1.919000E-7	-1.154496E-3
1.919500E-7	-1.193895E-3
1.920000E-7	-1.236719E-3
1.920500E-7	-1.274405E-3
1.921000E-7	-1.329221E-3
1.921500E-7	-1.394315E-3
1.922000E-7	-1.421722E-3
1.922500E-7	-1.402880E-3
1.923000E-7	-1.385750E-3
1.923500E-7	-1.348064E-3
1.924000E-7	-1.258988E-3
1.924500E-7	-1.157922E-3
1.925000E-7	-1.087689E-3
1.925500E-7	-1.020883E-3
1.926000E-7	-9.592151E-4
1.926500E-7	-9.300943E-4
1.927000E-7	-9.335203E-4
1.927500E-7	-9.609281E-4
1.928000E-7	-1.032874E-3
1.928500E-7	-1.139079E-3
1.929000E-7	-1.229868E-3
1.929500E-7	-1.310378E-3
1.930000E-7	-1.390889E-3
1.930500E-7	-1.432000E-3
1.931000E-7	-1.399454E-3
1.931500E-7	-1.310378E-3
1.932000E-7	-1.187043E-3
1.932500E-7	-1.044865E-3
1.933000E-7	-9.078254E-4
1.933500E-7	-7.690732E-4
1.934000E-7	-6.337470E-4
1.934500E-7	-5.275416E-4
1.935000E-7	-4.624480E-4
1.935500E-7	-4.179103E-4
1.936000E-7	-3.956414E-4
1.936500E-7	-3.973544E-4
1.937000E-7	-3.853635E-4
1.937500E-7	-3.596686E-4
1.938000E-7	-3.511037E-4
1.938500E-7	-3.528167E-4
1.939000E-7	-3.511037E-4
1.939500E-7	-3.836505E-4
1.940000E-7	-4.744389E-4
1.940500E-7	-5.840703E-4
1.941000E-7	-7.245355E-4
1.941500E-7	-9.215293E-4
1.942000E-7	-1.139079E-3
1.942500E-7	-1.353203E-3
1.943000E-7	-1.563901E-3
1.943500E-7	-1.731774E-3
1.944000E-7	-1.825988E-3
1.944500E-7	-1.849970E-3
1.945000E-7	-1.810571E-3
1.945500E-7	-1.726635E-3
1.946000E-7	-1.617003E-3
1.946500E-7	-1.462834E-3
1.947000E-7	-1.255562E-3
1.947500E-7	-1.056856E-3
1.948000E-7	-9.129644E-4
1.948500E-7	-7.981940E-4
1.949000E-7	-7.125445E-4
1.949500E-7	-6.817107E-4
1.950000E-7	-6.697198E-4
1.950500E-7	-6.268951E-4
1.951000E-7	-5.806443E-4
1.951500E-7	-5.515235E-4
1.952000E-7	-5.206897E-4
1.952500E-7	-4.795779E-4
1.953000E-7	-4.281882E-4
1.953500E-7	-3.562426E-4
1.954000E-7	-2.791581E-4
1.954500E-7	-2.363333E-4
1.955000E-7	-2.243424E-4
1.955500E-7	-2.106385E-4
1.956000E-7	-2.072125E-4
1.956500E-7	-2.603152E-4
1.957000E-7	-3.425387E-4
1.957500E-7	-4.384662E-4
1.958000E-7	-5.703664E-4
1.958500E-7	-7.468043E-4
1.959000E-7	-9.095384E-4
1.959500E-7	-1.039726E-3
1.960000E-7	-1.135653E-3
1.960500E-7	-1.205886E-3
1.961000E-7	-1.250423E-3
1.961500E-7	-1.282970E-3
1.962000E-7	-1.276118E-3
1.962500E-7	-1.255562E-3
1.963000E-7	-1.269266E-3
1.963500E-7	-1.293248E-3
1.964000E-7	-1.281257E-3
1.964500E-7	-1.298387E-3
1.965000E-7	-1.397741E-3
1.965500E-7	-1.517650E-3
1.966000E-7	-1.632420E-3
1.966500E-7	-1.783163E-3
1.967000E-7	-1.928767E-3
1.967500E-7	-1.995574E-3
1.968000E-7	-2.021269E-3
1.968500E-7	-2.007565E-3
1.969000E-7	-1.915063E-3
1.969500E-7	-1.766033E-3
1.970000E-7	-1.622142E-3
1.970500E-7	-1.491955E-3
1.971000E-7	-1.354916E-3
1.971500E-7	-1.257275E-3
1.972000E-7	-1.216164E-3
1.972500E-7	-1.200747E-3
1.973000E-7	-1.212738E-3
1.973500E-7	-1.267553E-3
1.974000E-7	-1.334360E-3
1.974500E-7	-1.392602E-3
1.975000E-7	-1.438852E-3
1.975500E-7	-1.474825E-3
1.976000E-7	-1.517650E-3
1.976500E-7	-1.546771E-3
1.977000E-7	-1.546771E-3
1.977500E-7	-1.522789E-3
1.978000E-7	-1.522789E-3
1.978500E-7	-1.553623E-3
1.979000E-7	-1.599873E-3
1.979500E-7	-1.647837E-3
1.980000E-7	-1.690662E-3
1.980500E-7	-1.742052E-3
1.981000E-7	-1.810571E-3
1.981500E-7	-1.860248E-3
1.982000E-7	-1.849970E-3
1.982500E-7	-1.788302E-3
1.983000E-7	-1.697514E-3
1.983500E-7	-1.569040E-3
1.984000E-7	-1.414870E-3
1.984500E-7	-1.246997E-3
1.985000E-7	-1.082550E-3
1.985500E-7	-9.163904E-4
1.986000E-7	-7.707862E-4
1.986500E-7	-6.611549E-4
1.987000E-7	-6.097652E-4
1.987500E-7	-5.926353E-4
1.988000E-7	-5.960612E-4
1.988500E-7	-6.474509E-4
1.989000E-7	-7.365264E-4
1.989500E-7	-8.204629E-4
1.990000E-7	-8.975475E-4
1.990500E-7	-9.986139E-4
1.991000E-7	-1.106532E-3
1.991500E-7	-1.192182E-3
1.992000E-7	-1.300100E-3
1.992500E-7	-1.435426E-3
1.993000E-7	-1.539919E-3
1.993500E-7	-1.594734E-3
1.994000E-7	-1.644411E-3
1.994500E-7	-1.702653E-3
1.995000E-7	-1.742052E-3
1.995500E-7	-1.760894E-3
1.996000E-7	-1.788302E-3
1.996500E-7	-1.824275E-3
1.997000E-7	-1.867100E-3
1.997500E-7	-1.932193E-3
1.998000E-7	-2.009278E-3
1.998500E-7	-2.082937E-3
1.999000E-7	-2.149743E-3
1.999500E-7	-2.214837E-3
2.000000E-7	-2.252523E-3
