Study Name	Tungsten_Calibration
Sample Name	2024-04-04
Run Name	spot11
Operator	Jonas
Date	4/4/2024
Time	10:47 AM
Sign	NEG
Grating Spacing	07.6 um
Channel	3
Number Traces	6000
Files in Batch	1
Batch Number	1
dt	50.000001E-12
time stamp (ms)	10:47:49 AM
	
Time	Amplitude
0.000000E+0	3.905193E-4
5.000000E-11	4.453350E-4
1.000000E-10	5.224195E-4
1.500000E-10	6.132080E-4
2.000000E-10	6.954315E-4
2.500000E-10	7.502472E-4
3.000000E-10	7.845070E-4
3.500000E-10	8.119148E-4
4.000000E-10	8.239057E-4
4.500000E-10	8.033499E-4
5.000000E-10	7.570991E-4
5.500000E-10	6.937185E-4
6.000000E-10	6.234859E-4
6.500000E-10	5.464014E-4
7.000000E-10	4.641779E-4
7.500000E-10	3.973713E-4
8.000000E-10	3.613985E-4
8.500000E-10	3.459816E-4
9.000000E-10	3.511205E-4
9.500000E-10	3.922323E-4
1.000000E-9	4.676038E-4
1.050000E-9	5.464014E-4
1.100000E-9	6.200599E-4
1.150000E-9	6.954315E-4
1.200000E-9	7.673771E-4
1.250000E-9	8.341837E-4
1.300000E-9	8.889994E-4
1.350000E-9	9.164072E-4
1.400000E-9	9.078423E-4
1.450000E-9	8.889994E-4
1.500000E-9	8.718695E-4
1.550000E-9	8.341837E-4
1.600000E-9	7.673771E-4
1.650000E-9	7.005705E-4
1.700000E-9	6.320509E-4
1.750000E-9	5.464014E-4
1.800000E-9	4.624649E-4
1.850000E-9	4.127882E-4
1.900000E-9	3.819543E-4
1.950000E-9	3.476945E-4
2.000000E-9	3.271387E-4
2.050000E-9	3.459816E-4
2.100000E-9	3.922323E-4
2.150000E-9	4.453350E-4
2.200000E-9	5.172805E-4
2.250000E-9	6.149210E-4
2.300000E-9	7.091354E-4
2.350000E-9	7.896460E-4
2.400000E-9	8.770084E-4
2.450000E-9	9.763619E-4
2.500000E-9	1.065437E-3
2.550000E-9	1.139096E-3
2.600000E-9	1.200764E-3
2.650000E-9	1.221319E-3
2.700000E-9	1.180208E-3
2.750000E-9	1.120253E-3
2.800000E-9	1.065437E-3
2.850000E-9	9.866398E-4
2.900000E-9	8.770084E-4
2.950000E-9	7.656641E-4
3.000000E-9	6.783016E-4
3.050000E-9	6.029300E-4
3.100000E-9	5.344104E-4
3.150000E-9	4.624649E-4
3.200000E-9	4.042232E-4
3.250000E-9	3.716764E-4
3.300000E-9	3.494075E-4
3.350000E-9	3.442686E-4
3.400000E-9	3.596855E-4
3.450000E-9	3.819543E-4
3.500000E-9	3.922323E-4
3.550000E-9	4.076492E-4
3.600000E-9	4.264921E-4
3.650000E-9	4.350570E-4
3.700000E-9	4.419090E-4
3.750000E-9	4.590389E-4
3.800000E-9	4.676038E-4
3.850000E-9	4.761688E-4
3.900000E-9	4.950117E-4
3.950000E-9	5.155676E-4
4.000000E-9	5.087156E-4
4.050000E-9	5.138546E-4
4.100000E-9	5.532533E-4
4.150000E-9	6.012171E-4
4.200000E-9	6.286249E-4
4.250000E-9	6.526068E-4
4.300000E-9	6.971445E-4
4.350000E-9	7.416822E-4
4.400000E-9	7.725161E-4
4.450000E-9	8.033499E-4
4.500000E-9	8.376097E-4
4.550000E-9	8.821474E-4
4.600000E-9	9.318241E-4
4.650000E-9	9.695099E-4
4.700000E-9	9.986307E-4
4.750000E-9	1.027752E-3
4.800000E-9	1.058585E-3
4.850000E-9	1.084280E-3
4.900000E-9	1.096271E-3
4.950000E-9	1.089419E-3
5.000000E-9	1.053446E-3
5.050000E-9	9.986307E-4
5.100000E-9	9.266851E-4
5.150000E-9	8.221928E-4
5.200000E-9	6.817276E-4
5.250000E-9	5.446884E-4
5.300000E-9	4.333440E-4
5.350000E-9	3.254257E-4
5.400000E-9	2.226463E-4
5.450000E-9	1.404228E-4
5.500000E-9	8.903306E-5
5.550000E-9	6.505120E-5
5.600000E-9	7.704213E-5
5.650000E-9	1.284318E-4
5.700000E-9	2.106553E-4
5.750000E-9	3.117218E-4
5.800000E-9	4.264921E-4
5.850000E-9	5.395494E-4
5.900000E-9	6.491808E-4
5.950000E-9	7.468212E-4
6.000000E-9	8.307577E-4
6.050000E-9	9.009903E-4
6.100000E-9	9.575190E-4
6.150000E-9	1.000344E-3
6.200000E-9	1.031178E-3
6.250000E-9	1.060298E-3
6.300000E-9	1.074002E-3
6.350000E-9	1.067150E-3
6.400000E-9	1.046594E-3
6.450000E-9	1.015761E-3
6.500000E-9	9.660839E-4
6.550000E-9	9.044163E-4
6.600000E-9	8.376097E-4
6.650000E-9	7.673771E-4
6.700000E-9	6.885795E-4
6.750000E-9	6.132080E-4
6.800000E-9	5.412624E-4
6.850000E-9	4.710298E-4
6.900000E-9	4.076492E-4
6.950000E-9	3.613985E-4
7.000000E-9	3.425556E-4
7.050000E-9	3.476945E-4
7.100000E-9	3.733894E-4
7.150000E-9	4.247791E-4
7.200000E-9	5.001506E-4
7.250000E-9	6.046430E-4
7.300000E-9	7.365433E-4
7.350000E-9	8.650175E-4
7.400000E-9	9.592320E-4
7.450000E-9	1.031178E-3
7.500000E-9	1.113401E-3
7.550000E-9	1.185347E-3
7.600000E-9	1.216180E-3
7.650000E-9	1.217893E-3
7.700000E-9	1.221319E-3
7.750000E-9	1.205903E-3
7.800000E-9	1.142522E-3
7.850000E-9	1.068863E-3
7.900000E-9	1.014048E-3
7.950000E-9	9.575190E-4
8.000000E-9	8.855734E-4
8.050000E-9	8.341837E-4
8.100000E-9	8.067758E-4
8.150000E-9	7.845070E-4
8.200000E-9	7.639511E-4
8.250000E-9	7.725161E-4
8.300000E-9	7.947849E-4
8.350000E-9	8.067758E-4
8.400000E-9	8.239057E-4
8.450000E-9	8.718695E-4
8.500000E-9	9.301111E-4
8.550000E-9	9.712229E-4
8.600000E-9	9.986307E-4
8.650000E-9	1.031178E-3
8.700000E-9	1.067150E-3
8.750000E-9	1.091132E-3
8.800000E-9	1.091132E-3
8.850000E-9	1.075715E-3
8.900000E-9	1.051733E-3
8.950000E-9	1.008909E-3
9.000000E-9	9.489540E-4
9.050000E-9	9.027033E-4
9.100000E-9	8.735825E-4
9.150000E-9	8.307577E-4
9.200000E-9	7.810810E-4
9.250000E-9	7.416822E-4
9.300000E-9	6.954315E-4
9.350000E-9	6.406158E-4
9.400000E-9	6.029300E-4
9.450000E-9	5.875131E-4
9.500000E-9	5.720962E-4
9.550000E-9	5.549663E-4
9.600000E-9	5.326975E-4
9.650000E-9	4.950117E-4
9.700000E-9	4.607519E-4
9.750000E-9	4.470480E-4
9.800000E-9	4.538999E-4
9.850000E-9	4.693168E-4
9.900000E-9	4.932987E-4
9.950000E-9	5.258455E-4
1.000000E-8	5.498274E-4
1.005000E-8	5.618183E-4
1.010000E-8	5.652443E-4
1.015000E-8	5.481144E-4
1.020000E-8	5.207065E-4
1.025000E-8	4.950117E-4
1.030000E-8	4.744558E-4
1.035000E-8	4.453350E-4
1.040000E-8	4.110752E-4
1.045000E-8	3.785284E-4
1.050000E-8	3.545465E-4
1.055000E-8	3.391296E-4
1.060000E-8	3.408426E-4
1.065000E-8	3.631115E-4
1.070000E-8	4.025102E-4
1.075000E-8	4.641779E-4
1.080000E-8	5.498274E-4
1.085000E-8	6.440418E-4
1.090000E-8	7.211264E-4
1.095000E-8	7.862200E-4
1.100000E-8	8.547396E-4
1.105000E-8	9.146942E-4
1.110000E-8	9.626579E-4
1.115000E-8	1.017474E-3
1.120000E-8	1.080854E-3
1.125000E-8	1.121966E-3
1.130000E-8	1.151087E-3
1.135000E-8	1.181921E-3
1.140000E-8	1.207615E-3
1.145000E-8	1.212754E-3
1.150000E-8	1.187060E-3
1.155000E-8	1.121966E-3
1.160000E-8	1.029465E-3
1.165000E-8	9.266851E-4
1.170000E-8	8.033499E-4
1.175000E-8	6.714496E-4
1.180000E-8	5.583923E-4
1.185000E-8	4.761688E-4
1.190000E-8	4.247791E-4
1.195000E-8	4.179271E-4
1.200000E-8	4.693168E-4
1.205000E-8	5.635313E-4
1.210000E-8	6.834406E-4
1.215000E-8	8.153408E-4
1.220000E-8	9.489540E-4
1.225000E-8	1.067150E-3
1.230000E-8	1.164791E-3
1.235000E-8	1.238449E-3
1.240000E-8	1.277848E-3
1.245000E-8	1.279561E-3
1.250000E-8	1.250440E-3
1.255000E-8	1.199051E-3
1.260000E-8	1.128818E-3
1.265000E-8	1.055159E-3
1.270000E-8	1.002057E-3
1.275000E-8	9.866398E-4
1.280000E-8	1.003770E-3
1.285000E-8	1.038029E-3
1.290000E-8	1.087706E-3
1.295000E-8	1.168217E-3
1.300000E-8	1.260718E-3
1.305000E-8	1.349794E-3
1.310000E-8	1.420026E-3
1.315000E-8	1.457712E-3
1.320000E-8	1.454286E-3
1.325000E-8	1.428591E-3
1.330000E-8	1.392618E-3
1.335000E-8	1.320673E-3
1.340000E-8	1.216180E-3
1.345000E-8	1.133957E-3
1.350000E-8	1.101410E-3
1.355000E-8	1.097984E-3
1.360000E-8	1.113401E-3
1.365000E-8	1.161365E-3
1.370000E-8	1.243588E-3
1.375000E-8	1.324099E-3
1.380000E-8	1.365211E-3
1.385000E-8	1.339516E-3
1.390000E-8	1.229884E-3
1.395000E-8	1.005483E-3
1.400000E-8	6.526068E-4
1.405000E-8	1.900995E-4
1.410000E-8	-3.426404E-4
1.415000E-8	-9.473259E-4
1.420000E-8	-1.622244E-3
1.425000E-8	-2.336561E-3
1.430000E-8	-3.042313E-3
1.435000E-8	-3.713805E-3
1.440000E-8	-4.311638E-3
1.445000E-8	-4.818683E-3
1.450000E-8	-5.240079E-3
1.455000E-8	-5.601520E-3
1.460000E-8	-5.923562E-3
1.465000E-8	-6.221622E-3
1.470000E-8	-6.507691E-3
1.475000E-8	-6.786909E-3
1.480000E-8	-7.072978E-3
1.485000E-8	-7.362473E-3
1.490000E-8	-7.657108E-3
1.495000E-8	-7.967159E-3
1.500000E-8	-8.287488E-3
1.505000E-8	-8.590687E-3
1.510000E-8	-8.868191E-3
1.515000E-8	-9.108010E-3
1.520000E-8	-9.275883E-3
1.525000E-8	-9.364959E-3
1.530000E-8	-9.395792E-3
1.535000E-8	-9.368384E-3
1.540000E-8	-9.245049E-3
1.545000E-8	-9.018935E-3
1.550000E-8	-8.703744E-3
1.555000E-8	-8.318322E-3
1.560000E-8	-7.872944E-3
1.565000E-8	-7.369325E-3
1.570000E-8	-6.807465E-3
1.575000E-8	-6.221622E-3
1.580000E-8	-5.649483E-3
1.585000E-8	-5.091049E-3
1.590000E-8	-4.537753E-3
1.595000E-8	-4.005013E-3
1.600000E-8	-3.506533E-3
1.605000E-8	-3.057729E-3
1.610000E-8	-2.663742E-3
1.615000E-8	-2.317718E-3
1.620000E-8	-2.012806E-3
1.625000E-8	-1.757570E-3
1.630000E-8	-1.557150E-3
1.635000E-8	-1.404694E-3
1.640000E-8	-1.322471E-3
1.645000E-8	-1.307054E-3
1.650000E-8	-1.331036E-3
1.655000E-8	-1.370434E-3
1.660000E-8	-1.461223E-3
1.665000E-8	-1.606827E-3
1.670000E-8	-1.784978E-3
1.675000E-8	-1.988824E-3
1.680000E-8	-2.221790E-3
1.685000E-8	-2.458183E-3
1.690000E-8	-2.694576E-3
1.695000E-8	-2.930968E-3
1.700000E-8	-3.163935E-3
1.705000E-8	-3.390050E-3
1.710000E-8	-3.621303E-3
1.715000E-8	-3.866261E-3
1.720000E-8	-4.106079E-3
1.725000E-8	-4.335620E-3
1.730000E-8	-4.554883E-3
1.735000E-8	-4.779284E-3
1.740000E-8	-5.005399E-3
1.745000E-8	-5.241792E-3
1.750000E-8	-5.500453E-3
1.755000E-8	-5.774532E-3
1.760000E-8	-6.041758E-3
1.765000E-8	-6.285003E-3
1.770000E-8	-6.509404E-3
1.775000E-8	-6.702972E-3
1.780000E-8	-6.872558E-3
1.785000E-8	-7.023301E-3
1.790000E-8	-7.146637E-3
1.795000E-8	-7.242564E-3
1.800000E-8	-7.329926E-3
1.805000E-8	-7.401872E-3
1.810000E-8	-7.449836E-3
1.815000E-8	-7.487522E-3
1.820000E-8	-7.516642E-3
1.825000E-8	-7.506364E-3
1.830000E-8	-7.424141E-3
1.835000E-8	-7.259694E-3
1.840000E-8	-7.007884E-3
1.845000E-8	-6.673851E-3
1.850000E-8	-6.286716E-3
1.855000E-8	-5.860181E-3
1.860000E-8	-5.409665E-3
1.865000E-8	-4.955722E-3
1.870000E-8	-4.513771E-3
1.875000E-8	-4.099227E-3
1.880000E-8	-3.732648E-3
1.885000E-8	-3.419170E-3
1.890000E-8	-3.146805E-3
1.895000E-8	-2.917264E-3
1.900000E-8	-2.716844E-3
1.905000E-8	-2.514712E-3
1.910000E-8	-2.295449E-3
1.915000E-8	-2.072760E-3
1.920000E-8	-1.846646E-3
1.925000E-8	-1.606827E-3
1.930000E-8	-1.361869E-3
1.935000E-8	-1.135755E-3
1.940000E-8	-9.370479E-4
1.945000E-8	-7.794528E-4
1.950000E-8	-7.006553E-4
1.955000E-8	-7.057943E-4
1.960000E-8	-7.811658E-4
1.965000E-8	-9.456129E-4
1.970000E-8	-1.197422E-3
1.975000E-8	-1.502335E-3
1.980000E-8	-1.844933E-3
1.985000E-8	-2.232068E-3
1.990000E-8	-2.626056E-3
1.995000E-8	-2.982358E-3
2.000000E-8	-3.299261E-3
2.005000E-8	-3.595608E-3
2.010000E-8	-3.869687E-3
2.015000E-8	-4.119783E-3
2.020000E-8	-4.333907E-3
2.025000E-8	-4.503493E-3
2.030000E-8	-4.661088E-3
2.035000E-8	-4.840952E-3
2.040000E-8	-5.027668E-3
2.045000E-8	-5.198967E-3
2.050000E-8	-5.370266E-3
2.055000E-8	-5.536426E-3
2.060000E-8	-5.682030E-3
2.065000E-8	-5.825921E-3
2.070000E-8	-5.985229E-3
2.075000E-8	-6.125695E-3
2.080000E-8	-6.221622E-3
2.085000E-8	-6.274725E-3
2.090000E-8	-6.300419E-3
2.095000E-8	-6.290142E-3
2.100000E-8	-6.231900E-3
2.105000E-8	-6.129120E-3
2.110000E-8	-5.993794E-3
2.115000E-8	-5.829347E-3
2.120000E-8	-5.613511E-3
2.125000E-8	-5.354849E-3
2.130000E-8	-5.056789E-3
2.135000E-8	-4.709052E-3
2.140000E-8	-4.325342E-3
2.145000E-8	-3.931354E-3
2.150000E-8	-3.545932E-3
2.155000E-8	-3.160509E-3
2.160000E-8	-2.787077E-3
2.165000E-8	-2.451331E-3
2.170000E-8	-2.156697E-3
2.175000E-8	-1.903174E-3
2.180000E-8	-1.682199E-3
2.185000E-8	-1.483492E-3
2.190000E-8	-1.291637E-3
2.195000E-8	-1.118625E-3
2.200000E-8	-9.678817E-4
2.205000E-8	-8.325555E-4
2.210000E-8	-7.160722E-4
2.215000E-8	-6.338487E-4
2.220000E-8	-5.670421E-4
2.225000E-8	-5.139394E-4
2.230000E-8	-4.796796E-4
2.235000E-8	-4.728276E-4
2.240000E-8	-5.002355E-4
2.245000E-8	-5.738941E-4
2.250000E-8	-6.903774E-4
2.255000E-8	-8.462595E-4
2.260000E-8	-1.055244E-3
2.265000E-8	-1.312193E-3
2.270000E-8	-1.596549E-3
2.275000E-8	-1.918591E-3
2.280000E-8	-2.293736E-3
2.285000E-8	-2.667168E-3
2.290000E-8	-3.009766E-3
2.295000E-8	-3.357503E-3
2.300000E-8	-3.730935E-3
2.305000E-8	-4.071820E-3
2.310000E-8	-4.363028E-3
2.315000E-8	-4.630254E-3
2.320000E-8	-4.873499E-3
2.325000E-8	-5.087623E-3
2.330000E-8	-5.265774E-3
2.335000E-8	-5.407952E-3
2.340000E-8	-5.517583E-3
2.345000E-8	-5.598094E-3
2.350000E-8	-5.647770E-3
2.355000E-8	-5.680317E-3
2.360000E-8	-5.687169E-3
2.365000E-8	-5.668326E-3
2.370000E-8	-5.640918E-3
2.375000E-8	-5.613511E-3
2.380000E-8	-5.563834E-3
2.385000E-8	-5.476471E-3
2.390000E-8	-5.361701E-3
2.395000E-8	-5.243505E-3
2.400000E-8	-5.125308E-3
2.405000E-8	-5.007112E-3
2.410000E-8	-4.870073E-3
2.415000E-8	-4.710765E-3
2.420000E-8	-4.534327E-3
2.425000E-8	-4.321916E-3
2.430000E-8	-4.049551E-3
2.435000E-8	-3.744638E-3
2.440000E-8	-3.432874E-3
2.445000E-8	-3.086850E-3
2.450000E-8	-2.709993E-3
2.455000E-8	-2.351978E-3
2.460000E-8	-2.016232E-3
2.465000E-8	-1.692476E-3
2.470000E-8	-1.392703E-3
2.475000E-8	-1.128903E-3
2.480000E-8	-8.856582E-4
2.485000E-8	-6.749605E-4
2.490000E-8	-5.242173E-4
2.495000E-8	-4.008821E-4
2.500000E-8	-2.946767E-4
2.505000E-8	-2.278701E-4
2.510000E-8	-1.970363E-4
2.515000E-8	-1.867583E-4
2.520000E-8	-2.021752E-4
2.525000E-8	-2.518519E-4
2.530000E-8	-3.118066E-4
2.535000E-8	-3.837522E-4
2.540000E-8	-4.813926E-4
2.545000E-8	-6.013019E-4
2.550000E-8	-7.417671E-4
2.555000E-8	-9.182050E-4
2.560000E-8	-1.125477E-3
2.565000E-8	-1.344740E-3
2.570000E-8	-1.589697E-3
2.575000E-8	-1.887757E-3
2.580000E-8	-2.228642E-3
2.585000E-8	-2.586657E-3
2.590000E-8	-2.956663E-3
2.595000E-8	-3.335234E-3
2.600000E-8	-3.713805E-3
2.605000E-8	-4.078672E-3
2.610000E-8	-4.405853E-3
2.615000E-8	-4.681644E-3
2.620000E-8	-4.911185E-3
2.625000E-8	-5.075632E-3
2.630000E-8	-5.161281E-3
2.635000E-8	-5.171559E-3
2.640000E-8	-5.120169E-3
2.645000E-8	-5.010538E-3
2.650000E-8	-4.868360E-3
2.655000E-8	-4.709052E-3
2.660000E-8	-4.534327E-3
2.665000E-8	-4.337333E-3
2.670000E-8	-4.142052E-3
2.675000E-8	-3.948484E-3
2.680000E-8	-3.737787E-3
2.685000E-8	-3.515098E-3
2.690000E-8	-3.294122E-3
2.695000E-8	-3.066294E-3
2.700000E-8	-2.826476E-3
2.705000E-8	-2.564388E-3
2.710000E-8	-2.269754E-3
2.715000E-8	-1.966555E-3
2.720000E-8	-1.678773E-3
2.725000E-8	-1.401268E-3
2.730000E-8	-1.120338E-3
2.735000E-8	-8.479724E-4
2.740000E-8	-5.841720E-4
2.745000E-8	-3.255105E-4
2.750000E-8	-7.370099E-5
2.755000E-8	1.575527E-4
2.760000E-8	3.768154E-4
2.765000E-8	5.875131E-4
2.770000E-8	7.810810E-4
2.775000E-8	9.540930E-4
2.780000E-8	1.094558E-3
2.785000E-8	1.188773E-3
2.790000E-8	1.236736E-3
2.795000E-8	1.228171E-3
2.800000E-8	1.152800E-3
2.805000E-8	1.022613E-3
2.810000E-8	8.478876E-4
2.815000E-8	6.063560E-4
2.820000E-8	2.911659E-4
2.825000E-8	-5.485810E-5
2.830000E-8	-4.128730E-4
2.835000E-8	-7.914438E-4
2.840000E-8	-1.175154E-3
2.845000E-8	-1.543446E-3
2.850000E-8	-1.898035E-3
2.855000E-8	-2.232068E-3
2.860000E-8	-2.543833E-3
2.865000E-8	-2.836754E-3
2.870000E-8	-3.119397E-3
2.875000E-8	-3.383198E-3
2.880000E-8	-3.631581E-3
2.885000E-8	-3.890243E-3
2.890000E-8	-4.148904E-3
2.895000E-8	-4.383584E-3
2.900000E-8	-4.582291E-3
2.905000E-8	-4.748451E-3
2.910000E-8	-4.861508E-3
2.915000E-8	-4.921463E-3
2.920000E-8	-4.926602E-3
2.925000E-8	-4.876925E-3
2.930000E-8	-4.769006E-3
2.935000E-8	-4.618263E-3
2.940000E-8	-4.428121E-3
2.945000E-8	-4.191729E-3
2.950000E-8	-3.936493E-3
2.955000E-8	-3.698388E-3
2.960000E-8	-3.455143E-3
2.965000E-8	-3.193056E-3
2.970000E-8	-2.942959E-3
2.975000E-8	-2.730548E-3
2.980000E-8	-2.545545E-3
2.985000E-8	-2.365682E-3
2.990000E-8	-2.180679E-3
2.995000E-8	-1.975120E-3
3.000000E-8	-1.772987E-3
3.005000E-8	-1.589697E-3
3.010000E-8	-1.385851E-3
3.015000E-8	-1.140894E-3
3.020000E-8	-8.976492E-4
3.025000E-8	-6.663955E-4
3.030000E-8	-4.043080E-4
3.035000E-8	-1.285167E-4
3.040000E-8	1.130149E-4
3.045000E-8	3.288517E-4
3.050000E-8	5.275585E-4
3.055000E-8	6.628847E-4
3.060000E-8	7.211264E-4
3.065000E-8	7.314043E-4
3.070000E-8	6.971445E-4
3.075000E-8	6.012171E-4
3.080000E-8	4.419090E-4
3.085000E-8	2.483411E-4
3.090000E-8	4.620831E-5
3.095000E-8	-1.405076E-4
3.100000E-8	-3.220845E-4
3.105000E-8	-5.105134E-4
3.110000E-8	-6.835254E-4
3.115000E-8	-8.479724E-4
3.120000E-8	-1.032975E-3
3.125000E-8	-1.236821E-3
3.130000E-8	-1.433815E-3
3.135000E-8	-1.635948E-3
3.140000E-8	-1.875766E-3
3.145000E-8	-2.151558E-3
3.150000E-8	-2.454757E-3
3.155000E-8	-2.780225E-3
3.160000E-8	-3.109119E-3
3.165000E-8	-3.408892E-3
3.170000E-8	-3.660702E-3
3.175000E-8	-3.874826E-3
3.180000E-8	-4.049551E-3
3.185000E-8	-4.160895E-3
3.190000E-8	-4.198581E-3
3.195000E-8	-4.169460E-3
3.200000E-8	-4.095801E-3
3.205000E-8	-4.001587E-3
3.210000E-8	-3.886817E-3
3.215000E-8	-3.758342E-3
3.220000E-8	-3.643572E-3
3.225000E-8	-3.547645E-3
3.230000E-8	-3.434587E-3
3.235000E-8	-3.297548E-3
3.240000E-8	-3.160509E-3
3.245000E-8	-3.018331E-3
3.250000E-8	-2.850458E-3
3.255000E-8	-2.655177E-3
3.260000E-8	-2.413645E-3
3.265000E-8	-2.122437E-3
3.270000E-8	-1.793543E-3
3.275000E-8	-1.452658E-3
3.280000E-8	-1.106634E-3
3.285000E-8	-7.520450E-4
3.290000E-8	-3.888911E-4
3.295000E-8	-3.430222E-5
3.300000E-8	2.945919E-4
3.305000E-8	6.097820E-4
3.310000E-8	9.181202E-4
3.315000E-8	1.192199E-3
3.320000E-8	1.433730E-3
3.325000E-8	1.647854E-3
3.330000E-8	1.819153E-3
3.335000E-8	1.939062E-3
3.340000E-8	2.036703E-3
3.345000E-8	2.103509E-3
3.350000E-8	2.110361E-3
3.355000E-8	2.086379E-3
3.360000E-8	2.064110E-3
3.365000E-8	2.019573E-3
3.370000E-8	1.928784E-3
3.375000E-8	1.812301E-3
3.380000E-8	1.670123E-3
3.385000E-8	1.479981E-3
3.390000E-8	1.238449E-3
3.395000E-8	9.369631E-4
3.400000E-8	5.806612E-4
3.405000E-8	2.123683E-4
3.410000E-8	-1.490725E-4
3.415000E-8	-5.293563E-4
3.420000E-8	-9.336219E-4
3.425000E-8	-1.320758E-3
3.430000E-8	-1.690764E-3
3.435000E-8	-2.050491E-3
3.440000E-8	-2.372534E-3
3.445000E-8	-2.619204E-3
3.450000E-8	-2.809346E-3
3.455000E-8	-2.956663E-3
3.460000E-8	-3.050878E-3
3.465000E-8	-3.088563E-3
3.470000E-8	-3.102267E-3
3.475000E-8	-3.110832E-3
3.480000E-8	-3.100554E-3
3.485000E-8	-3.062868E-3
3.490000E-8	-3.028609E-3
3.495000E-8	-2.996062E-3
3.500000E-8	-2.932681E-3
3.505000E-8	-2.833328E-3
3.510000E-8	-2.730548E-3
3.515000E-8	-2.617491E-3
3.520000E-8	-2.473600E-3
3.525000E-8	-2.321144E-3
3.530000E-8	-2.160123E-3
3.535000E-8	-1.969981E-3
3.540000E-8	-1.745579E-3
3.545000E-8	-1.507474E-3
3.550000E-8	-1.259090E-3
3.555000E-8	-9.644558E-4
3.560000E-8	-6.372747E-4
3.565000E-8	-3.152326E-4
3.570000E-8	-1.888531E-5
3.575000E-8	2.774620E-4
3.580000E-8	5.977911E-4
3.585000E-8	9.215462E-4
3.590000E-8	1.204190E-3
3.595000E-8	1.432017E-3
3.600000E-8	1.610168E-3
3.605000E-8	1.745494E-3
3.610000E-8	1.829431E-3
3.615000E-8	1.855126E-3
3.620000E-8	1.837996E-3
3.625000E-8	1.791745E-3
3.630000E-8	1.702670E-3
3.635000E-8	1.575908E-3
3.640000E-8	1.437156E-3
3.645000E-8	1.296691E-3
3.650000E-8	1.149374E-3
3.655000E-8	1.003770E-3
3.660000E-8	8.598785E-4
3.665000E-8	7.022835E-4
3.670000E-8	5.395494E-4
3.675000E-8	3.682504E-4
3.680000E-8	1.712566E-4
3.685000E-8	-6.342305E-5
3.690000E-8	-3.186586E-4
3.695000E-8	-5.944499E-4
3.700000E-8	-8.890842E-4
3.705000E-8	-1.170015E-3
3.710000E-8	-1.432102E-3
3.715000E-8	-1.678773E-3
3.720000E-8	-1.896322E-3
3.725000E-8	-2.074473E-3
3.730000E-8	-2.213225E-3
3.735000E-8	-2.322857E-3
3.740000E-8	-2.410219E-3
3.745000E-8	-2.482165E-3
3.750000E-8	-2.516425E-3
3.755000E-8	-2.524990E-3
3.760000E-8	-2.540407E-3
3.765000E-8	-2.564388E-3
3.770000E-8	-2.571240E-3
3.775000E-8	-2.564388E-3
3.780000E-8	-2.548971E-3
3.785000E-8	-2.495869E-3
3.790000E-8	-2.386237E-3
3.795000E-8	-2.237207E-3
3.800000E-8	-2.045352E-3
3.805000E-8	-1.800395E-3
3.810000E-8	-1.507474E-3
3.815000E-8	-1.195709E-3
3.820000E-8	-8.753803E-4
3.825000E-8	-5.516252E-4
3.830000E-8	-2.364350E-4
3.835000E-8	6.162522E-5
3.840000E-8	3.254257E-4
3.845000E-8	5.618183E-4
3.850000E-8	7.810810E-4
3.855000E-8	9.815008E-4
3.860000E-8	1.159652E-3
3.865000E-8	1.344655E-3
3.870000E-8	1.555352E-3
3.875000E-8	1.759198E-3
3.880000E-8	1.935636E-3
3.885000E-8	2.101796E-3
3.890000E-8	2.266243E-3
3.895000E-8	2.406708E-3
3.900000E-8	2.514627E-3
3.905000E-8	2.610554E-3
3.910000E-8	2.691065E-3
3.915000E-8	2.733890E-3
3.920000E-8	2.742455E-3
3.925000E-8	2.725325E-3
3.930000E-8	2.663657E-3
3.935000E-8	2.538609E-3
3.940000E-8	2.367310E-3
3.945000E-8	2.168603E-3
3.950000E-8	1.937349E-3
3.955000E-8	1.663271E-3
3.960000E-8	1.356646E-3
3.965000E-8	1.043168E-3
3.970000E-8	7.416822E-4
3.975000E-8	4.538999E-4
3.980000E-8	1.695436E-4
3.985000E-8	-9.939584E-5
3.990000E-8	-3.340755E-4
3.995000E-8	-5.584771E-4
4.000000E-8	-7.777399E-4
4.005000E-8	-9.644558E-4
4.010000E-8	-1.110060E-3
4.015000E-8	-1.233395E-3
4.020000E-8	-1.336175E-3
4.025000E-8	-1.408120E-3
4.030000E-8	-1.457797E-3
4.035000E-8	-1.490344E-3
4.040000E-8	-1.512613E-3
4.045000E-8	-1.529742E-3
4.050000E-8	-1.548585E-3
4.055000E-8	-1.565715E-3
4.060000E-8	-1.574280E-3
4.065000E-8	-1.572567E-3
4.070000E-8	-1.543446E-3
4.075000E-8	-1.476640E-3
4.080000E-8	-1.380712E-3
4.085000E-8	-1.262516E-3
4.090000E-8	-1.110060E-3
4.095000E-8	-9.164920E-4
4.100000E-8	-6.938034E-4
4.105000E-8	-4.591237E-4
4.110000E-8	-2.141662E-4
4.115000E-8	4.620831E-5
4.120000E-8	3.100088E-4
4.125000E-8	5.720962E-4
4.130000E-8	8.204798E-4
4.135000E-8	1.048307E-3
4.140000E-8	1.250440E-3
4.145000E-8	1.435443E-3
4.150000E-8	1.608455E-3
4.155000E-8	1.767763E-3
4.160000E-8	1.903089E-3
4.165000E-8	2.007582E-3
4.170000E-8	2.077814E-3
4.175000E-8	2.132630E-3
4.180000E-8	2.184020E-3
4.185000E-8	2.240548E-3
4.190000E-8	2.286799E-3
4.195000E-8	2.324485E-3
4.200000E-8	2.362171E-3
4.205000E-8	2.394718E-3
4.210000E-8	2.401569E-3
4.215000E-8	2.374162E-3
4.220000E-8	2.321059E-3
4.225000E-8	2.238835E-3
4.230000E-8	2.108648E-3
4.235000E-8	1.928784E-3
4.240000E-8	1.695818E-3
4.245000E-8	1.426878E-3
4.250000E-8	1.130531E-3
4.255000E-8	8.016369E-4
4.260000E-8	4.419090E-4
4.265000E-8	8.732007E-5
4.270000E-8	-2.381480E-4
4.275000E-8	-5.499122E-4
4.280000E-8	-8.548244E-4
4.285000E-8	-1.139181E-3
4.290000E-8	-1.408120E-3
4.295000E-8	-1.661643E-3
4.300000E-8	-1.882618E-3
4.305000E-8	-2.079612E-3
4.310000E-8	-2.261189E-3
4.315000E-8	-2.408506E-3
4.320000E-8	-2.506147E-3
4.325000E-8	-2.562675E-3
4.330000E-8	-2.593509E-3
4.335000E-8	-2.583231E-3
4.340000E-8	-2.523277E-3
4.345000E-8	-2.429062E-3
4.350000E-8	-2.302301E-3
4.355000E-8	-2.149845E-3
4.360000E-8	-1.978546E-3
4.365000E-8	-1.776413E-3
4.370000E-8	-1.536594E-3
4.375000E-8	-1.279646E-3
4.380000E-8	-1.017558E-3
4.385000E-8	-7.400541E-4
4.390000E-8	-4.385678E-4
4.395000E-8	-1.319426E-4
4.400000E-8	1.832475E-4
4.405000E-8	5.104286E-4
4.410000E-8	8.358967E-4
4.415000E-8	1.139096E-3
4.420000E-8	1.413174E-3
4.425000E-8	1.664984E-3
4.430000E-8	1.884247E-3
4.435000E-8	2.058972E-3
4.440000E-8	2.192585E-3
4.445000E-8	2.298790E-3
4.450000E-8	2.374162E-3
4.455000E-8	2.403282E-3
4.460000E-8	2.416986E-3
4.465000E-8	2.428977E-3
4.470000E-8	2.420412E-3
4.475000E-8	2.379301E-3
4.480000E-8	2.307355E-3
4.485000E-8	2.221706E-3
4.490000E-8	2.120639E-3
4.495000E-8	2.012721E-3
4.500000E-8	1.901376E-3
4.505000E-8	1.788319E-3
4.510000E-8	1.652993E-3
4.515000E-8	1.466277E-3
4.520000E-8	1.226458E-3
4.525000E-8	9.746489E-4
4.530000E-8	7.382563E-4
4.535000E-8	5.155676E-4
4.540000E-8	2.945919E-4
4.545000E-8	9.074605E-5
4.550000E-8	-9.596986E-5
4.555000E-8	-2.775468E-4
4.560000E-8	-4.574107E-4
4.565000E-8	-6.304227E-4
4.570000E-8	-7.880178E-4
4.575000E-8	-9.353349E-4
4.580000E-8	-1.079226E-3
4.585000E-8	-1.205987E-3
4.590000E-8	-1.303628E-3
4.595000E-8	-1.382425E-3
4.600000E-8	-1.445806E-3
4.605000E-8	-1.469788E-3
4.610000E-8	-1.459510E-3
4.615000E-8	-1.440667E-3
4.620000E-8	-1.406407E-3
4.625000E-8	-1.344740E-3
4.630000E-8	-1.269368E-3
4.635000E-8	-1.209413E-3
4.640000E-8	-1.146033E-3
4.645000E-8	-1.048392E-3
4.650000E-8	-9.250570E-4
4.655000E-8	-8.034347E-4
4.660000E-8	-6.663955E-4
4.665000E-8	-4.985225E-4
4.670000E-8	-3.083806E-4
4.675000E-8	-1.011088E-4
4.680000E-8	1.489877E-4
4.685000E-8	4.590389E-4
4.690000E-8	7.862200E-4
4.695000E-8	1.094558E-3
4.700000E-8	1.389192E-3
4.705000E-8	1.685540E-3
4.710000E-8	1.961331E-3
4.715000E-8	2.175455E-3
4.720000E-8	2.331337E-3
4.725000E-8	2.466663E-3
4.730000E-8	2.572868E-3
4.735000E-8	2.613980E-3
4.740000E-8	2.596850E-3
4.745000E-8	2.559165E-3
4.750000E-8	2.512914E-3
4.755000E-8	2.439255E-3
4.760000E-8	2.324485E-3
4.765000E-8	2.204576E-3
4.770000E-8	2.112074E-3
4.775000E-8	2.019573E-3
4.780000E-8	1.896237E-3
4.785000E-8	1.764337E-3
4.790000E-8	1.642715E-3
4.795000E-8	1.493685E-3
4.800000E-8	1.308682E-3
4.805000E-8	1.127105E-3
4.810000E-8	9.489540E-4
4.815000E-8	7.279783E-4
4.820000E-8	4.813078E-4
4.825000E-8	2.483411E-4
4.830000E-8	3.250439E-5
4.835000E-8	-1.696284E-4
4.840000E-8	-3.460664E-4
4.845000E-8	-4.933835E-4
4.850000E-8	-6.132928E-4
4.855000E-8	-6.955163E-4
4.860000E-8	-7.588970E-4
4.865000E-8	-8.137126E-4
4.870000E-8	-8.359815E-4
4.875000E-8	-8.342685E-4
4.880000E-8	-8.394075E-4
4.885000E-8	-8.428335E-4
4.890000E-8	-8.359815E-4
4.895000E-8	-8.359815E-4
4.900000E-8	-8.205646E-4
4.905000E-8	-7.451931E-4
4.910000E-8	-6.441266E-4
4.915000E-8	-5.721811E-4
4.920000E-8	-5.036615E-4
4.925000E-8	-4.077340E-4
4.930000E-8	-3.118066E-4
4.935000E-8	-2.278701E-4
4.940000E-8	-1.250907E-4
4.945000E-8	-6.894379E-6
4.950000E-8	1.215799E-4
4.955000E-8	2.637580E-4
4.960000E-8	4.367700E-4
4.965000E-8	6.234859E-4
4.970000E-8	8.153408E-4
4.975000E-8	1.007196E-3
4.980000E-8	1.188773E-3
4.985000E-8	1.365211E-3
4.990000E-8	1.539936E-3
4.995000E-8	1.688966E-3
5.000000E-8	1.793458E-3
5.005000E-8	1.863691E-3
5.010000E-8	1.915080E-3
5.015000E-8	1.935636E-3
5.020000E-8	1.932210E-3
5.025000E-8	1.921932E-3
5.030000E-8	1.928784E-3
5.035000E-8	1.961331E-3
5.040000E-8	1.997304E-3
5.045000E-8	2.011008E-3
5.050000E-8	1.987026E-3
5.055000E-8	1.930497E-3
5.060000E-8	1.826005E-3
5.065000E-8	1.661558E-3
5.070000E-8	1.452573E-3
5.075000E-8	1.224745E-3
5.080000E-8	9.797878E-4
5.085000E-8	7.108484E-4
5.090000E-8	4.282051E-4
5.095000E-8	1.524137E-4
5.100000E-8	-7.883996E-5
5.105000E-8	-2.535649E-4
5.110000E-8	-3.888911E-4
5.115000E-8	-4.916705E-4
5.120000E-8	-5.447732E-4
5.125000E-8	-5.499122E-4
5.130000E-8	-5.516252E-4
5.135000E-8	-5.653291E-4
5.140000E-8	-5.858850E-4
5.145000E-8	-6.081539E-4
5.150000E-8	-6.509786E-4
5.155000E-8	-7.229242E-4
5.160000E-8	-8.119997E-4
5.165000E-8	-9.096401E-4
5.170000E-8	-1.020984E-3
5.175000E-8	-1.149459E-3
5.180000E-8	-1.274507E-3
5.185000E-8	-1.358443E-3
5.190000E-8	-1.390990E-3
5.195000E-8	-1.390990E-3
5.200000E-8	-1.365295E-3
5.205000E-8	-1.291637E-3
5.210000E-8	-1.168302E-3
5.215000E-8	-1.010706E-3
5.220000E-8	-8.154256E-4
5.225000E-8	-5.790330E-4
5.230000E-8	-3.032416E-4
5.235000E-8	-8.607369E-6
5.240000E-8	3.151477E-4
5.245000E-8	6.628847E-4
5.250000E-8	9.883528E-4
5.255000E-8	1.267570E-3
5.260000E-8	1.519380E-3
5.265000E-8	1.740355E-3
5.270000E-8	1.915080E-3
5.275000E-8	2.064110E-3
5.280000E-8	2.206289E-3
5.285000E-8	2.329624E-3
5.290000E-8	2.425551E-3
5.295000E-8	2.511201E-3
5.300000E-8	2.593424E-3
5.305000E-8	2.658518E-3
5.310000E-8	2.723612E-3
5.315000E-8	2.797270E-3
5.320000E-8	2.862364E-3
5.325000E-8	2.884633E-3
5.330000E-8	2.843521E-3
5.335000E-8	2.744167E-3
5.340000E-8	2.608841E-3
5.345000E-8	2.454672E-3
5.350000E-8	2.273095E-3
5.355000E-8	2.052120E-3
5.360000E-8	1.802023E-3
5.365000E-8	1.545075E-3
5.370000E-8	1.286413E-3
5.375000E-8	1.027752E-3
5.380000E-8	7.930719E-4
5.385000E-8	6.097820E-4
5.390000E-8	4.676038E-4
5.395000E-8	3.425556E-4
5.400000E-8	2.397762E-4
5.405000E-8	1.592656E-4
5.410000E-8	8.903306E-5
5.415000E-8	1.708748E-5
5.420000E-8	-5.657109E-5
5.425000E-8	-1.336556E-4
5.430000E-8	-2.021752E-4
5.435000E-8	-2.484260E-4
5.440000E-8	-2.843988E-4
5.445000E-8	-3.118066E-4
5.450000E-8	-3.272235E-4
5.455000E-8	-3.289365E-4
5.460000E-8	-3.118066E-4
5.465000E-8	-2.689818E-4
5.470000E-8	-2.021752E-4
5.475000E-8	-1.216647E-4
5.480000E-8	-3.087624E-5
5.485000E-8	6.676419E-5
5.490000E-8	1.524137E-4
5.495000E-8	2.346372E-4
5.500000E-8	3.425556E-4
5.505000E-8	4.795948E-4
5.510000E-8	6.183470E-4
5.515000E-8	7.690901E-4
5.520000E-8	9.472410E-4
5.525000E-8	1.132244E-3
5.530000E-8	1.296691E-3
5.535000E-8	1.437156E-3
5.540000E-8	1.543362E-3
5.545000E-8	1.617020E-3
5.550000E-8	1.666697E-3
5.555000E-8	1.690679E-3
5.560000E-8	1.678688E-3
5.565000E-8	1.659845E-3
5.570000E-8	1.641002E-3
5.575000E-8	1.615307E-3
5.580000E-8	1.596464E-3
5.585000E-8	1.601603E-3
5.590000E-8	1.622159E-3
5.595000E-8	1.632437E-3
5.600000E-8	1.651280E-3
5.605000E-8	1.685540E-3
5.610000E-8	1.706096E-3
5.615000E-8	1.680401E-3
5.620000E-8	1.618733E-3
5.625000E-8	1.539936E-3
5.630000E-8	1.432017E-3
5.635000E-8	1.293265E-3
5.640000E-8	1.137383E-3
5.645000E-8	9.866398E-4
5.650000E-8	8.324707E-4
5.655000E-8	6.543197E-4
5.660000E-8	4.658908E-4
5.665000E-8	2.963048E-4
5.670000E-8	1.455617E-4
5.675000E-8	-4.241952E-8
5.680000E-8	-1.353686E-4
5.685000E-8	-2.552779E-4
5.690000E-8	-3.734742E-4
5.695000E-8	-4.968095E-4
5.700000E-8	-6.013019E-4
5.705000E-8	-6.783864E-4
5.710000E-8	-7.383411E-4
5.715000E-8	-7.828788E-4
5.720000E-8	-8.000087E-4
5.725000E-8	-7.863048E-4
5.730000E-8	-7.434801E-4
5.735000E-8	-6.886644E-4
5.740000E-8	-6.287097E-4
5.745000E-8	-5.550512E-4
5.750000E-8	-4.711147E-4
5.755000E-8	-4.008821E-4
5.760000E-8	-3.529184E-4
5.765000E-8	-2.998157E-4
5.770000E-8	-2.415740E-4
5.775000E-8	-1.764804E-4
5.780000E-8	-8.569192E-5
5.785000E-8	4.620831E-5
5.790000E-8	1.900995E-4
5.795000E-8	3.408426E-4
5.800000E-8	5.121416E-4
5.805000E-8	7.022835E-4
5.810000E-8	9.095552E-4
5.815000E-8	1.128818E-3
5.820000E-8	1.336090E-3
5.825000E-8	1.515954E-3
5.830000E-8	1.697531E-3
5.835000E-8	1.875682E-3
5.840000E-8	2.019573E-3
5.845000E-8	2.130917E-3
5.850000E-8	2.223419E-3
5.855000E-8	2.273095E-3
5.860000E-8	2.273095E-3
5.865000E-8	2.271382E-3
5.870000E-8	2.274808E-3
5.875000E-8	2.225132E-3
5.880000E-8	2.117213E-3
5.885000E-8	1.999017E-3
5.890000E-8	1.885960E-3
5.895000E-8	1.754059E-3
5.900000E-8	1.610168E-3
5.905000E-8	1.479981E-3
5.910000E-8	1.344655E-3
5.915000E-8	1.200764E-3
5.920000E-8	1.060298E-3
5.925000E-8	9.283981E-4
5.930000E-8	7.947849E-4
5.935000E-8	6.611717E-4
5.940000E-8	5.361234E-4
5.945000E-8	4.179271E-4
5.950000E-8	2.894529E-4
5.955000E-8	1.455617E-4
5.960000E-8	-1.545933E-5
5.965000E-8	-1.764804E-4
5.970000E-8	-3.323625E-4
5.975000E-8	-4.899575E-4
5.980000E-8	-6.509786E-4
5.985000E-8	-8.051477E-4
5.990000E-8	-9.627428E-4
5.995000E-8	-1.130616E-3
6.000000E-8	-1.291637E-3
6.005000E-8	-1.406407E-3
6.010000E-8	-1.471501E-3
6.015000E-8	-1.502335E-3
6.020000E-8	-1.504048E-3
6.025000E-8	-1.462936E-3
6.030000E-8	-1.360156E-3
6.035000E-8	-1.204274E-3
6.040000E-8	-1.020984E-3
6.045000E-8	-8.171386E-4
6.050000E-8	-5.893110E-4
6.055000E-8	-3.631963E-4
6.060000E-8	-1.610635E-4
6.065000E-8	2.736542E-5
6.070000E-8	2.175073E-4
6.075000E-8	3.699634E-4
6.080000E-8	4.607519E-4
6.085000E-8	5.087156E-4
6.090000E-8	5.429754E-4
6.095000E-8	5.549663E-4
6.100000E-8	5.515403E-4
6.105000E-8	5.738092E-4
6.110000E-8	6.337639E-4
6.115000E-8	7.245523E-4
6.120000E-8	8.581655E-4
6.125000E-8	1.043168E-3
6.130000E-8	1.255579E-3
6.135000E-8	1.474842E-3
6.140000E-8	1.683827E-3
6.145000E-8	1.865404E-3
6.150000E-8	2.002443E-3
6.155000E-8	2.082953E-3
6.160000E-8	2.115500E-3
6.165000E-8	2.103509E-3
6.170000E-8	2.062397E-3
6.175000E-8	1.992165E-3
6.180000E-8	1.894524E-3
6.185000E-8	1.783180E-3
6.190000E-8	1.671836E-3
6.195000E-8	1.560491E-3
6.200000E-8	1.461138E-3
6.205000E-8	1.385766E-3
6.210000E-8	1.306969E-3
6.215000E-8	1.185347E-3
6.220000E-8	1.032891E-3
6.225000E-8	8.804344E-4
6.230000E-8	7.211264E-4
6.235000E-8	5.275585E-4
6.240000E-8	3.237127E-4
6.245000E-8	1.421357E-4
6.250000E-8	-1.888531E-5
6.255000E-8	-1.559245E-4
6.260000E-8	-2.569909E-4
6.265000E-8	-3.220845E-4
6.270000E-8	-3.597703E-4
6.275000E-8	-3.649093E-4
6.280000E-8	-3.357885E-4
6.285000E-8	-2.998157E-4
6.290000E-8	-2.672689E-4
6.295000E-8	-2.518519E-4
6.300000E-8	-2.741208E-4
6.305000E-8	-3.323625E-4
6.310000E-8	-4.025951E-4
6.315000E-8	-4.728276E-4
6.320000E-8	-5.464862E-4
6.325000E-8	-6.184318E-4
6.330000E-8	-6.732475E-4
6.335000E-8	-6.955163E-4
6.340000E-8	-6.578306E-4
6.345000E-8	-5.567642E-4
6.350000E-8	-4.025951E-4
6.355000E-8	-2.244441E-4
6.360000E-8	-3.087624E-5
6.365000E-8	1.626916E-4
6.370000E-8	3.357036E-4
6.375000E-8	4.950117E-4
6.380000E-8	6.423288E-4
6.385000E-8	7.776550E-4
6.390000E-8	8.752954E-4
6.395000E-8	9.335371E-4
6.400000E-8	9.592320E-4
6.405000E-8	9.729359E-4
6.410000E-8	1.002057E-3
6.415000E-8	1.048307E-3
6.420000E-8	1.106549E-3
6.425000E-8	1.180208E-3
6.430000E-8	1.269283E-3
6.435000E-8	1.360072E-3
6.440000E-8	1.450860E-3
6.445000E-8	1.548501E-3
6.450000E-8	1.627298E-3
6.455000E-8	1.656419E-3
6.460000E-8	1.642715E-3
6.465000E-8	1.601603E-3
6.470000E-8	1.529658E-3
6.475000E-8	1.430304E-3
6.480000E-8	1.322386E-3
6.485000E-8	1.221319E-3
6.490000E-8	1.106549E-3
6.495000E-8	9.866398E-4
6.500000E-8	8.752954E-4
6.505000E-8	7.725161E-4
6.510000E-8	6.783016E-4
6.515000E-8	5.892261E-4
6.520000E-8	5.104286E-4
6.525000E-8	4.470480E-4
6.530000E-8	4.093622E-4
6.535000E-8	3.888063E-4
6.540000E-8	3.716764E-4
6.545000E-8	3.374166E-4
6.550000E-8	2.860269E-4
6.555000E-8	2.243593E-4
6.560000E-8	1.507007E-4
6.565000E-8	6.162522E-5
6.570000E-8	-2.916325E-5
6.575000E-8	-1.165257E-4
6.580000E-8	-2.158792E-4
6.585000E-8	-3.272235E-4
6.590000E-8	-4.265769E-4
6.595000E-8	-5.190784E-4
6.600000E-8	-5.893110E-4
6.605000E-8	-5.961629E-4
6.610000E-8	-5.242173E-4
6.615000E-8	-4.180120E-4
6.620000E-8	-2.792598E-4
6.625000E-8	-9.083089E-5
6.630000E-8	1.318578E-4
6.635000E-8	3.648244E-4
6.640000E-8	5.960781E-4
6.645000E-8	8.187668E-4
6.650000E-8	1.050020E-3
6.655000E-8	1.284700E-3
6.660000E-8	1.495398E-3
6.665000E-8	1.680401E-3
6.670000E-8	1.853413E-3
6.675000E-8	2.019573E-3
6.680000E-8	2.160038E-3
6.685000E-8	2.281660E-3
6.690000E-8	2.394718E-3
6.695000E-8	2.480367E-3
6.700000E-8	2.530044E-3
6.705000E-8	2.554026E-3
6.710000E-8	2.562591E-3
6.715000E-8	2.543748E-3
6.720000E-8	2.499210E-3
6.725000E-8	2.456385E-3
6.730000E-8	2.422125E-3
6.735000E-8	2.372449E-3
6.740000E-8	2.302216E-3
6.745000E-8	2.231983E-3
6.750000E-8	2.163464E-3
6.755000E-8	2.072675E-3
6.760000E-8	1.978461E-3
6.765000E-8	1.906515E-3
6.770000E-8	1.819153E-3
6.775000E-8	1.695818E-3
6.780000E-8	1.581047E-3
6.785000E-8	1.498824E-3
6.790000E-8	1.411461E-3
6.795000E-8	1.301830E-3
6.800000E-8	1.188773E-3
6.805000E-8	1.092845E-3
6.810000E-8	1.002057E-3
6.815000E-8	9.027033E-4
6.820000E-8	8.084888E-4
6.825000E-8	7.314043E-4
6.830000E-8	6.560327E-4
6.835000E-8	5.532533E-4
6.840000E-8	4.179271E-4
6.845000E-8	2.586191E-4
6.850000E-8	9.245904E-5
6.855000E-8	-6.684903E-5
6.860000E-8	-1.987493E-4
6.865000E-8	-2.981027E-4
6.870000E-8	-3.529184E-4
6.875000E-8	-3.700483E-4
6.880000E-8	-3.683353E-4
6.885000E-8	-3.306495E-4
6.890000E-8	-2.278701E-4
6.895000E-8	-8.055295E-5
6.900000E-8	8.903306E-5
6.905000E-8	2.911659E-4
6.910000E-8	5.155676E-4
6.915000E-8	7.348303E-4
6.920000E-8	9.609449E-4
6.925000E-8	1.190486E-3
6.930000E-8	1.392618E-3
6.935000E-8	1.545075E-3
6.940000E-8	1.673549E-3
6.945000E-8	1.771189E-3
6.950000E-8	1.836283E-3
6.955000E-8	1.882534E-3
6.960000E-8	1.918506E-3
6.965000E-8	1.940775E-3
6.970000E-8	1.959618E-3
6.975000E-8	1.966470E-3
6.980000E-8	1.944201E-3
6.985000E-8	1.923645E-3
6.990000E-8	1.923645E-3
6.995000E-8	1.935636E-3
7.000000E-8	1.949340E-3
7.005000E-8	1.969896E-3
7.010000E-8	1.975035E-3
7.015000E-8	1.940775E-3
7.020000E-8	1.892811E-3
7.025000E-8	1.843135E-3
7.030000E-8	1.784893E-3
7.035000E-8	1.707809E-3
7.040000E-8	1.613594E-3
7.045000E-8	1.490259E-3
7.050000E-8	1.341229E-3
7.055000E-8	1.181921E-3
7.060000E-8	1.017474E-3
7.065000E-8	8.633045E-4
7.070000E-8	7.399692E-4
7.075000E-8	6.543197E-4
7.080000E-8	5.909391E-4
7.085000E-8	5.446884E-4
7.090000E-8	5.292715E-4
7.095000E-8	5.361234E-4
7.100000E-8	5.498274E-4
7.105000E-8	5.686702E-4
7.110000E-8	5.995041E-4
7.115000E-8	6.389028E-4
7.120000E-8	6.800146E-4
7.125000E-8	7.296913E-4
7.130000E-8	7.862200E-4
7.135000E-8	8.256187E-4
7.140000E-8	8.358967E-4
7.145000E-8	8.221928E-4
7.150000E-8	7.879330E-4
7.155000E-8	7.605251E-4
7.160000E-8	7.451082E-4
7.165000E-8	7.382563E-4
7.170000E-8	7.416822E-4
7.175000E-8	7.570991E-4
7.180000E-8	7.793680E-4
7.185000E-8	8.102018E-4
7.190000E-8	8.633045E-4
7.195000E-8	9.283981E-4
7.200000E-8	1.020900E-3
7.205000E-8	1.163078E-3
7.210000E-8	1.348081E-3
7.215000E-8	1.529658E-3
7.220000E-8	1.694105E-3
7.225000E-8	1.860265E-3
7.230000E-8	2.021286E-3
7.235000E-8	2.151473E-3
7.240000E-8	2.252539E-3
7.245000E-8	2.343328E-3
7.250000E-8	2.427264E-3
7.255000E-8	2.487219E-3
7.260000E-8	2.509488E-3
7.265000E-8	2.506062E-3
7.270000E-8	2.500923E-3
7.275000E-8	2.476941E-3
7.280000E-8	2.430690E-3
7.285000E-8	2.372449E-3
7.290000E-8	2.307355E-3
7.295000E-8	2.228558E-3
7.300000E-8	2.129204E-3
7.305000E-8	2.009295E-3
7.310000E-8	1.865404E-3
7.315000E-8	1.704383E-3
7.320000E-8	1.538223E-3
7.325000E-8	1.389192E-3
7.330000E-8	1.264144E-3
7.335000E-8	1.149374E-3
7.340000E-8	1.044881E-3
7.345000E-8	9.729359E-4
7.350000E-8	9.301111E-4
7.355000E-8	8.992773E-4
7.360000E-8	8.821474E-4
7.365000E-8	8.992773E-4
7.370000E-8	9.386761E-4
7.375000E-8	9.729359E-4
7.380000E-8	1.000344E-3
7.385000E-8	1.020900E-3
7.390000E-8	1.034604E-3
7.395000E-8	1.041455E-3
7.400000E-8	1.031178E-3
7.405000E-8	9.986307E-4
7.410000E-8	9.421021E-4
7.415000E-8	8.598785E-4
7.420000E-8	7.536732E-4
7.425000E-8	6.286249E-4
7.430000E-8	5.035766E-4
7.435000E-8	3.870933E-4
7.440000E-8	2.860269E-4
7.445000E-8	2.089424E-4
7.450000E-8	1.729696E-4
7.455000E-8	1.883865E-4
7.460000E-8	2.586191E-4
7.465000E-8	3.888063E-4
7.470000E-8	5.720962E-4
7.475000E-8	7.742290E-4
7.480000E-8	9.660839E-4
7.485000E-8	1.145948E-3
7.490000E-8	1.324099E-3
7.495000E-8	1.486833E-3
7.500000E-8	1.620446E-3
7.505000E-8	1.735216E-3
7.510000E-8	1.822579E-3
7.515000E-8	1.863691E-3
7.520000E-8	1.879108E-3
7.525000E-8	1.892811E-3
7.530000E-8	1.885960E-3
7.535000E-8	1.843135E-3
7.540000E-8	1.824292E-3
7.545000E-8	1.856839E-3
7.550000E-8	1.894524E-3
7.555000E-8	1.918506E-3
7.560000E-8	1.969896E-3
7.565000E-8	2.053833E-3
7.570000E-8	2.142908E-3
7.575000E-8	2.223419E-3
7.580000E-8	2.271382E-3
7.585000E-8	2.264530E-3
7.590000E-8	2.204576E-3
7.595000E-8	2.106935E-3
7.600000E-8	1.975035E-3
7.605000E-8	1.827718E-3
7.610000E-8	1.664984E-3
7.615000E-8	1.478268E-3
7.620000E-8	1.282987E-3
7.625000E-8	1.103123E-3
7.630000E-8	9.215462E-4
7.635000E-8	7.382563E-4
7.640000E-8	5.892261E-4
7.645000E-8	4.830207E-4
7.650000E-8	4.042232E-4
7.655000E-8	3.562595E-4
7.660000E-8	3.442686E-4
7.665000E-8	3.528335E-4
7.670000E-8	3.648244E-4
7.675000E-8	3.802414E-4
7.680000E-8	3.939453E-4
7.685000E-8	4.179271E-4
7.690000E-8	4.453350E-4
7.695000E-8	4.693168E-4
7.700000E-8	5.035766E-4
7.705000E-8	5.481144E-4
7.710000E-8	5.806612E-4
7.715000E-8	6.149210E-4
7.720000E-8	6.731626E-4
7.725000E-8	7.468212E-4
7.730000E-8	8.136278E-4
7.735000E-8	8.855734E-4
7.740000E-8	9.815008E-4
7.745000E-8	1.094558E-3
7.750000E-8	1.195625E-3
7.755000E-8	1.269283E-3
7.760000E-8	1.320673E-3
7.765000E-8	1.346368E-3
7.770000E-8	1.336090E-3
7.775000E-8	1.294978E-3
7.780000E-8	1.240162E-3
7.785000E-8	1.192199E-3
7.790000E-8	1.166504E-3
7.795000E-8	1.171643E-3
7.800000E-8	1.217893E-3
7.805000E-8	1.300117E-3
7.810000E-8	1.404609E-3
7.815000E-8	1.503963E-3
7.820000E-8	1.613594E-3
7.825000E-8	1.730077E-3
7.830000E-8	1.812301E-3
7.835000E-8	1.843135E-3
7.840000E-8	1.848274E-3
7.845000E-8	1.836283E-3
7.850000E-8	1.784893E-3
7.855000E-8	1.700957E-3
7.860000E-8	1.610168E-3
7.865000E-8	1.519380E-3
7.870000E-8	1.437156E-3
7.875000E-8	1.358359E-3
7.880000E-8	1.279561E-3
7.885000E-8	1.212754E-3
7.890000E-8	1.187060E-3
7.895000E-8	1.185347E-3
7.900000E-8	1.171643E-3
7.905000E-8	1.149374E-3
7.910000E-8	1.127105E-3
7.915000E-8	1.101410E-3
7.920000E-8	1.068863E-3
7.925000E-8	1.039742E-3
7.930000E-8	1.026039E-3
7.935000E-8	1.017474E-3
7.940000E-8	9.969177E-4
7.945000E-8	9.575190E-4
7.950000E-8	8.889994E-4
7.955000E-8	7.930719E-4
7.960000E-8	6.851536E-4
7.965000E-8	5.789482E-4
7.970000E-8	4.641779E-4
7.975000E-8	3.562595E-4
7.980000E-8	2.740360E-4
7.985000E-8	2.192203E-4
7.990000E-8	1.866735E-4
7.995000E-8	1.729696E-4
8.000000E-8	1.729696E-4
8.005000E-8	1.866735E-4
8.010000E-8	2.449151E-4
8.015000E-8	3.339906E-4
8.020000E-8	4.350570E-4
8.025000E-8	5.583923E-4
8.030000E-8	7.074224E-4
8.035000E-8	8.427486E-4
8.040000E-8	9.558060E-4
8.045000E-8	1.063724E-3
8.050000E-8	1.156226E-3
8.055000E-8	1.217893E-3
8.060000E-8	1.267570E-3
8.065000E-8	1.315534E-3
8.070000E-8	1.348081E-3
8.075000E-8	1.372063E-3
8.080000E-8	1.397757E-3
8.085000E-8	1.430304E-3
8.090000E-8	1.471416E-3
8.095000E-8	1.514241E-3
8.100000E-8	1.550213E-3
8.105000E-8	1.584473E-3
8.110000E-8	1.620446E-3
8.115000E-8	1.644428E-3
8.120000E-8	1.652993E-3
8.125000E-8	1.670123E-3
8.130000E-8	1.707809E-3
8.135000E-8	1.733503E-3
8.140000E-8	1.738642E-3
8.145000E-8	1.724938E-3
8.150000E-8	1.690679E-3
8.155000E-8	1.620446E-3
8.160000E-8	1.515954E-3
8.165000E-8	1.401183E-3
8.170000E-8	1.289839E-3
8.175000E-8	1.164791E-3
8.180000E-8	1.022613E-3
8.185000E-8	8.907124E-4
8.190000E-8	7.776550E-4
8.195000E-8	6.663107E-4
8.200000E-8	5.823742E-4
8.205000E-8	5.412624E-4
8.210000E-8	5.241325E-4
8.215000E-8	5.292715E-4
8.220000E-8	5.823742E-4
8.225000E-8	6.611717E-4
8.230000E-8	7.314043E-4
8.235000E-8	7.964979E-4
8.240000E-8	8.701565E-4
8.245000E-8	9.266851E-4
8.250000E-8	9.523800E-4
8.255000E-8	9.455280E-4
8.260000E-8	9.129812E-4
8.265000E-8	8.615915E-4
8.270000E-8	7.964979E-4
8.275000E-8	7.142744E-4
8.280000E-8	6.166340E-4
8.285000E-8	5.121416E-4
8.290000E-8	4.042232E-4
8.295000E-8	2.997308E-4
8.300000E-8	2.140813E-4
8.305000E-8	1.695436E-4
8.310000E-8	1.712566E-4
8.315000E-8	2.226463E-4
8.320000E-8	3.271387E-4
8.325000E-8	4.795948E-4
8.330000E-8	6.491808E-4
8.335000E-8	8.170538E-4
8.340000E-8	9.883528E-4
8.345000E-8	1.171643E-3
8.350000E-8	1.356646E-3
8.355000E-8	1.512528E-3
8.360000E-8	1.634150E-3
8.365000E-8	1.723225E-3
8.370000E-8	1.766050E-3
8.375000E-8	1.755772E-3
8.380000E-8	1.712948E-3
8.385000E-8	1.673549E-3
8.390000E-8	1.635863E-3
8.395000E-8	1.582760E-3
8.400000E-8	1.538223E-3
8.405000E-8	1.536510E-3
8.410000E-8	1.562204E-3
8.415000E-8	1.596464E-3
8.420000E-8	1.634150E-3
8.425000E-8	1.671836E-3
8.430000E-8	1.680401E-3
8.435000E-8	1.659845E-3
8.440000E-8	1.613594E-3
8.445000E-8	1.539936E-3
8.450000E-8	1.454286E-3
8.455000E-8	1.361785E-3
8.460000E-8	1.245301E-3
8.465000E-8	1.120253E-3
8.470000E-8	1.012335E-3
8.475000E-8	9.283981E-4
8.480000E-8	8.564526E-4
8.485000E-8	8.170538E-4
8.490000E-8	8.119148E-4
8.495000E-8	8.033499E-4
8.500000E-8	7.896460E-4
8.505000E-8	8.050629E-4
8.510000E-8	8.273317E-4
8.515000E-8	8.393227E-4
8.520000E-8	8.461746E-4
8.525000E-8	8.564526E-4
8.530000E-8	8.496006E-4
8.535000E-8	8.290447E-4
8.540000E-8	7.982109E-4
8.545000E-8	7.536732E-4
8.550000E-8	7.091354E-4
8.555000E-8	6.783016E-4
8.560000E-8	6.371898E-4
8.565000E-8	5.909391E-4
8.570000E-8	5.755222E-4
8.575000E-8	5.995041E-4
8.580000E-8	6.286249E-4
8.585000E-8	6.560327E-4
8.590000E-8	7.194134E-4
8.595000E-8	8.256187E-4
8.600000E-8	9.472410E-4
8.605000E-8	1.063724E-3
8.610000E-8	1.178495E-3
8.615000E-8	1.294978E-3
8.620000E-8	1.420026E-3
8.625000E-8	1.545075E-3
8.630000E-8	1.651280E-3
8.635000E-8	1.735216E-3
8.640000E-8	1.812301E-3
8.645000E-8	1.875682E-3
8.650000E-8	1.908228E-3
8.655000E-8	1.911654E-3
8.660000E-8	1.903089E-3
8.665000E-8	1.877395E-3
8.670000E-8	1.834570E-3
8.675000E-8	1.795171E-3
8.680000E-8	1.752346E-3
8.685000E-8	1.706096E-3
8.690000E-8	1.676975E-3
8.695000E-8	1.659845E-3
8.700000E-8	1.632437E-3
8.705000E-8	1.605029E-3
8.710000E-8	1.591325E-3
8.715000E-8	1.584473E-3
8.720000E-8	1.589612E-3
8.725000E-8	1.617020E-3
8.730000E-8	1.635863E-3
8.735000E-8	1.625585E-3
8.740000E-8	1.603316E-3
8.745000E-8	1.594751E-3
8.750000E-8	1.574195E-3
8.755000E-8	1.512528E-3
8.760000E-8	1.442295E-3
8.765000E-8	1.380627E-3
8.770000E-8	1.313821E-3
8.775000E-8	1.235023E-3
8.780000E-8	1.159652E-3
8.785000E-8	1.113401E-3
8.790000E-8	1.108262E-3
8.795000E-8	1.128818E-3
8.800000E-8	1.149374E-3
8.805000E-8	1.181921E-3
8.810000E-8	1.262431E-3
8.815000E-8	1.377202E-3
8.820000E-8	1.478268E-3
8.825000E-8	1.577621E-3
8.830000E-8	1.676975E-3
8.835000E-8	1.742068E-3
8.840000E-8	1.762624E-3
8.845000E-8	1.774615E-3
8.850000E-8	1.759198E-3
8.855000E-8	1.694105E-3
8.860000E-8	1.613594E-3
8.865000E-8	1.545075E-3
8.870000E-8	1.464564E-3
8.875000E-8	1.372063E-3
8.880000E-8	1.303543E-3
8.885000E-8	1.270996E-3
8.890000E-8	1.269283E-3
8.895000E-8	1.303543E-3
8.900000E-8	1.389192E-3
8.905000E-8	1.515954E-3
8.910000E-8	1.656419E-3
8.915000E-8	1.793458E-3
8.920000E-8	1.939062E-3
8.925000E-8	2.105222E-3
8.930000E-8	2.262817E-3
8.935000E-8	2.382727E-3
8.940000E-8	2.482080E-3
8.945000E-8	2.569443E-3
8.950000E-8	2.620832E-3
8.955000E-8	2.632823E-3
8.960000E-8	2.617406E-3
8.965000E-8	2.584859E-3
8.970000E-8	2.536896E-3
8.975000E-8	2.487219E-3
8.980000E-8	2.434116E-3
8.985000E-8	2.365597E-3
8.990000E-8	2.283373E-3
8.995000E-8	2.201150E-3
9.000000E-8	2.115500E-3
9.005000E-8	2.029851E-3
9.010000E-8	1.959618E-3
9.015000E-8	1.892811E-3
9.020000E-8	1.802023E-3
9.025000E-8	1.704383E-3
9.030000E-8	1.630724E-3
9.035000E-8	1.565630E-3
9.040000E-8	1.485120E-3
9.045000E-8	1.411461E-3
9.050000E-8	1.361785E-3
9.055000E-8	1.317247E-3
9.060000E-8	1.255579E-3
9.065000E-8	1.200764E-3
9.070000E-8	1.173356E-3
9.075000E-8	1.164791E-3
9.080000E-8	1.149374E-3
9.085000E-8	1.123679E-3
9.090000E-8	1.113401E-3
9.095000E-8	1.125392E-3
9.100000E-8	1.152800E-3
9.105000E-8	1.188773E-3
9.110000E-8	1.248727E-3
9.115000E-8	1.324099E-3
9.120000E-8	1.399470E-3
9.125000E-8	1.464564E-3
9.130000E-8	1.517667E-3
9.135000E-8	1.586186E-3
9.140000E-8	1.673549E-3
9.145000E-8	1.740355E-3
9.150000E-8	1.772902E-3
9.155000E-8	1.793458E-3
9.160000E-8	1.807162E-3
9.165000E-8	1.784893E-3
9.170000E-8	1.745494E-3
9.175000E-8	1.712948E-3
9.180000E-8	1.685540E-3
9.185000E-8	1.658132E-3
9.190000E-8	1.647854E-3
9.195000E-8	1.651280E-3
9.200000E-8	1.647854E-3
9.205000E-8	1.651280E-3
9.210000E-8	1.668410E-3
9.215000E-8	1.695818E-3
9.220000E-8	1.740355E-3
9.225000E-8	1.817440E-3
9.230000E-8	1.918506E-3
9.235000E-8	2.041842E-3
9.240000E-8	2.192585E-3
9.245000E-8	2.365597E-3
9.250000E-8	2.540322E-3
9.255000E-8	2.691065E-3
9.260000E-8	2.812687E-3
9.265000E-8	2.905189E-3
9.270000E-8	2.961717E-3
9.275000E-8	2.963430E-3
9.280000E-8	2.898337E-3
9.285000E-8	2.769862E-3
9.290000E-8	2.589998E-3
9.295000E-8	2.372449E-3
9.300000E-8	2.142908E-3
9.305000E-8	1.927071E-3
9.310000E-8	1.733503E-3
9.315000E-8	1.569056E-3
9.320000E-8	1.454286E-3
9.325000E-8	1.401183E-3
9.330000E-8	1.387479E-3
9.335000E-8	1.382340E-3
9.340000E-8	1.390905E-3
9.345000E-8	1.406322E-3
9.350000E-8	1.411461E-3
9.355000E-8	1.399470E-3
9.360000E-8	1.378914E-3
9.365000E-8	1.351507E-3
9.370000E-8	1.310395E-3
9.375000E-8	1.265857E-3
9.380000E-8	1.231597E-3
9.385000E-8	1.209328E-3
9.390000E-8	1.200764E-3
9.395000E-8	1.212754E-3
9.400000E-8	1.248727E-3
9.405000E-8	1.288126E-3
9.410000E-8	1.330951E-3
9.415000E-8	1.392618E-3
9.420000E-8	1.457712E-3
9.425000E-8	1.490259E-3
9.430000E-8	1.495398E-3
9.435000E-8	1.497111E-3
9.440000E-8	1.485120E-3
9.445000E-8	1.440582E-3
9.450000E-8	1.372063E-3
9.455000E-8	1.303543E-3
9.460000E-8	1.255579E-3
9.465000E-8	1.241875E-3
9.470000E-8	1.255579E-3
9.475000E-8	1.281274E-3
9.480000E-8	1.317247E-3
9.485000E-8	1.372063E-3
9.490000E-8	1.440582E-3
9.495000E-8	1.505676E-3
9.500000E-8	1.555352E-3
9.505000E-8	1.581047E-3
9.510000E-8	1.582760E-3
9.515000E-8	1.577621E-3
9.520000E-8	1.557065E-3
9.525000E-8	1.503963E-3
9.530000E-8	1.433730E-3
9.535000E-8	1.366924E-3
9.540000E-8	1.296691E-3
9.545000E-8	1.233310E-3
9.550000E-8	1.188773E-3
9.555000E-8	1.156226E-3
9.560000E-8	1.127105E-3
9.565000E-8	1.116827E-3
9.570000E-8	1.128818E-3
9.575000E-8	1.132244E-3
9.580000E-8	1.140809E-3
9.585000E-8	1.183634E-3
9.590000E-8	1.241875E-3
9.595000E-8	1.279561E-3
9.600000E-8	1.291552E-3
9.605000E-8	1.296691E-3
9.610000E-8	1.296691E-3
9.615000E-8	1.279561E-3
9.620000E-8	1.252153E-3
9.625000E-8	1.224745E-3
9.630000E-8	1.200764E-3
9.635000E-8	1.154513E-3
9.640000E-8	1.074002E-3
9.645000E-8	9.900658E-4
9.650000E-8	9.232592E-4
9.655000E-8	8.478876E-4
9.660000E-8	7.690901E-4
9.665000E-8	7.177004E-4
9.670000E-8	7.057094E-4
9.675000E-8	7.039965E-4
9.680000E-8	7.194134E-4
9.685000E-8	7.827940E-4
9.690000E-8	8.855734E-4
9.695000E-8	1.005483E-3
9.700000E-8	1.145948E-3
9.705000E-8	1.303543E-3
9.710000E-8	1.440582E-3
9.715000E-8	1.539936E-3
9.720000E-8	1.610168E-3
9.725000E-8	1.651280E-3
9.730000E-8	1.649567E-3
9.735000E-8	1.617020E-3
9.740000E-8	1.557065E-3
9.745000E-8	1.471416E-3
9.750000E-8	1.382340E-3
9.755000E-8	1.322386E-3
9.760000E-8	1.294978E-3
9.765000E-8	1.298404E-3
9.770000E-8	1.344655E-3
9.775000E-8	1.413174E-3
9.780000E-8	1.479981E-3
9.785000E-8	1.539936E-3
9.790000E-8	1.601603E-3
9.795000E-8	1.646141E-3
9.800000E-8	1.668410E-3
9.805000E-8	1.683827E-3
9.810000E-8	1.685540E-3
9.815000E-8	1.661558E-3
9.820000E-8	1.622159E-3
9.825000E-8	1.579334E-3
9.830000E-8	1.519380E-3
9.835000E-8	1.464564E-3
9.840000E-8	1.421739E-3
9.845000E-8	1.384053E-3
9.850000E-8	1.351507E-3
9.855000E-8	1.315534E-3
9.860000E-8	1.248727E-3
9.865000E-8	1.159652E-3
9.870000E-8	1.070576E-3
9.875000E-8	9.695099E-4
9.880000E-8	8.427486E-4
9.885000E-8	7.194134E-4
9.890000E-8	6.114950E-4
9.895000E-8	5.087156E-4
9.900000E-8	4.145011E-4
9.905000E-8	3.545465E-4
9.910000E-8	3.305646E-4
9.915000E-8	3.459816E-4
9.920000E-8	4.076492E-4
9.925000E-8	5.001506E-4
9.930000E-8	6.063560E-4
9.935000E-8	7.108484E-4
9.940000E-8	8.033499E-4
9.945000E-8	8.821474E-4
9.950000E-8	9.455280E-4
9.955000E-8	9.695099E-4
9.960000E-8	9.523800E-4
9.965000E-8	9.301111E-4
9.970000E-8	9.112682E-4
9.975000E-8	8.770084E-4
9.980000E-8	8.496006E-4
9.985000E-8	8.650175E-4
9.990000E-8	9.198332E-4
9.995000E-8	9.866398E-4
1.000000E-7	1.070576E-3
1.000500E-7	1.190486E-3
1.001000E-7	1.336090E-3
1.001500E-7	1.473129E-3
1.002000E-7	1.567343E-3
1.002500E-7	1.627298E-3
1.003000E-7	1.663271E-3
1.003500E-7	1.678688E-3
1.004000E-7	1.658132E-3
1.004500E-7	1.611881E-3
1.005000E-7	1.565630E-3
1.005500E-7	1.529658E-3
1.006000E-7	1.488546E-3
1.006500E-7	1.444008E-3
1.007000E-7	1.418313E-3
1.007500E-7	1.401183E-3
1.008000E-7	1.372063E-3
1.008500E-7	1.342942E-3
1.009000E-7	1.341229E-3
1.009500E-7	1.342942E-3
1.010000E-7	1.324099E-3
1.010500E-7	1.298404E-3
1.011000E-7	1.286413E-3
1.011500E-7	1.265857E-3
1.012000E-7	1.217893E-3
1.012500E-7	1.180208E-3
1.013000E-7	1.163078E-3
1.013500E-7	1.135670E-3
1.014000E-7	1.085993E-3
1.014500E-7	1.050020E-3
1.015000E-7	1.029465E-3
1.015500E-7	9.866398E-4
1.016000E-7	9.386761E-4
1.016500E-7	9.266851E-4
1.017000E-7	9.352501E-4
1.017500E-7	9.146942E-4
1.018000E-7	8.889994E-4
1.018500E-7	9.078423E-4
1.019000E-7	9.421021E-4
1.019500E-7	9.592320E-4
1.020000E-7	9.677969E-4
1.020500E-7	9.695099E-4
1.021000E-7	9.677969E-4
1.021500E-7	9.815008E-4
1.022000E-7	1.012335E-3
1.022500E-7	1.039742E-3
1.023000E-7	1.056872E-3
1.023500E-7	1.079141E-3
1.024000E-7	1.099697E-3
1.024500E-7	1.113401E-3
1.025000E-7	1.127105E-3
1.025500E-7	1.149374E-3
1.026000E-7	1.168217E-3
1.026500E-7	1.195625E-3
1.027000E-7	1.235023E-3
1.027500E-7	1.267570E-3
1.028000E-7	1.288126E-3
1.028500E-7	1.305256E-3
1.029000E-7	1.327525E-3
1.029500E-7	1.351507E-3
1.030000E-7	1.380627E-3
1.030500E-7	1.423452E-3
1.031000E-7	1.459425E-3
1.031500E-7	1.455999E-3
1.032000E-7	1.433730E-3
1.032500E-7	1.426878E-3
1.033000E-7	1.414887E-3
1.033500E-7	1.361785E-3
1.034000E-7	1.281274E-3
1.034500E-7	1.209328E-3
1.035000E-7	1.152800E-3
1.035500E-7	1.116827E-3
1.036000E-7	1.091132E-3
1.036500E-7	1.077428E-3
1.037000E-7	1.075715E-3
1.037500E-7	1.087706E-3
1.038000E-7	1.106549E-3
1.038500E-7	1.120253E-3
1.039000E-7	1.140809E-3
1.039500E-7	1.166504E-3
1.040000E-7	1.163078E-3
1.040500E-7	1.116827E-3
1.041000E-7	1.056872E-3
1.041500E-7	1.020900E-3
1.042000E-7	1.003770E-3
1.042500E-7	9.986307E-4
1.043000E-7	1.002057E-3
1.043500E-7	1.002057E-3
1.044000E-7	9.917788E-4
1.044500E-7	9.729359E-4
1.045000E-7	9.421021E-4
1.045500E-7	8.907124E-4
1.046000E-7	8.221928E-4
1.046500E-7	7.382563E-4
1.047000E-7	6.406158E-4
1.047500E-7	5.258455E-4
1.048000E-7	4.093622E-4
1.048500E-7	3.082958E-4
1.049000E-7	2.466281E-4
1.049500E-7	2.294982E-4
1.050000E-7	2.397762E-4
1.050500E-7	2.860269E-4
1.051000E-7	3.939453E-4
1.051500E-7	5.464014E-4
1.052000E-7	7.039965E-4
1.052500E-7	8.735825E-4
1.053000E-7	1.053446E-3
1.053500E-7	1.205903E-3
1.054000E-7	1.300117E-3
1.054500E-7	1.356646E-3
1.055000E-7	1.375489E-3
1.055500E-7	1.354933E-3
1.056000E-7	1.320673E-3
1.056500E-7	1.294978E-3
1.057000E-7	1.277848E-3
1.057500E-7	1.279561E-3
1.058000E-7	1.310395E-3
1.058500E-7	1.370350E-3
1.059000E-7	1.450860E-3
1.059500E-7	1.553639E-3
1.060000E-7	1.659845E-3
1.060500E-7	1.735216E-3
1.061000E-7	1.781467E-3
1.061500E-7	1.815727E-3
1.062000E-7	1.824292E-3
1.062500E-7	1.802023E-3
1.063000E-7	1.771189E-3
1.063500E-7	1.742068E-3
1.064000E-7	1.711235E-3
1.064500E-7	1.688966E-3
1.065000E-7	1.673549E-3
1.065500E-7	1.652993E-3
1.066000E-7	1.634150E-3
1.066500E-7	1.625585E-3
1.067000E-7	1.605029E-3
1.067500E-7	1.551926E-3
1.068000E-7	1.495398E-3
1.068500E-7	1.454286E-3
1.069000E-7	1.411461E-3
1.069500E-7	1.349794E-3
1.070000E-7	1.301830E-3
1.070500E-7	1.291552E-3
1.071000E-7	1.312108E-3
1.071500E-7	1.351507E-3
1.072000E-7	1.411461E-3
1.072500E-7	1.485120E-3
1.073000E-7	1.548501E-3
1.073500E-7	1.577621E-3
1.074000E-7	1.574195E-3
1.074500E-7	1.560491E-3
1.075000E-7	1.548501E-3
1.075500E-7	1.519380E-3
1.076000E-7	1.449147E-3
1.076500E-7	1.360072E-3
1.077000E-7	1.293265E-3
1.077500E-7	1.245301E-3
1.078000E-7	1.193912E-3
1.078500E-7	1.168217E-3
1.079000E-7	1.192199E-3
1.079500E-7	1.240162E-3
1.080000E-7	1.286413E-3
1.080500E-7	1.339516E-3
1.081000E-7	1.414887E-3
1.081500E-7	1.491972E-3
1.082000E-7	1.546788E-3
1.082500E-7	1.577621E-3
1.083000E-7	1.594751E-3
1.083500E-7	1.598177E-3
1.084000E-7	1.570769E-3
1.084500E-7	1.521093E-3
1.085000E-7	1.474842E-3
1.085500E-7	1.444008E-3
1.086000E-7	1.428591E-3
1.086500E-7	1.420026E-3
1.087000E-7	1.408035E-3
1.087500E-7	1.408035E-3
1.088000E-7	1.437156E-3
1.088500E-7	1.486833E-3
1.089000E-7	1.529658E-3
1.089500E-7	1.565630E-3
1.090000E-7	1.603316E-3
1.090500E-7	1.649567E-3
1.091000E-7	1.688966E-3
1.091500E-7	1.694105E-3
1.092000E-7	1.663271E-3
1.092500E-7	1.613594E-3
1.093000E-7	1.560491E-3
1.093500E-7	1.502250E-3
1.094000E-7	1.459425E-3
1.094500E-7	1.450860E-3
1.095000E-7	1.454286E-3
1.095500E-7	1.449147E-3
1.096000E-7	1.474842E-3
1.096500E-7	1.546788E-3
1.097000E-7	1.627298E-3
1.097500E-7	1.675262E-3
1.098000E-7	1.706096E-3
1.098500E-7	1.736929E-3
1.099000E-7	1.748920E-3
1.099500E-7	1.709522E-3
1.100000E-7	1.625585E-3
1.100500E-7	1.517667E-3
1.101000E-7	1.394331E-3
1.101500E-7	1.257292E-3
1.102000E-7	1.128818E-3
1.102500E-7	1.034604E-3
1.103000E-7	9.780748E-4
1.103500E-7	9.489540E-4
1.104000E-7	9.523800E-4
1.104500E-7	9.969177E-4
1.105000E-7	1.092845E-3
1.105500E-7	1.224745E-3
1.106000E-7	1.370350E-3
1.106500E-7	1.512528E-3
1.107000E-7	1.644428E-3
1.107500E-7	1.760911E-3
1.108000E-7	1.851700E-3
1.108500E-7	1.904802E-3
1.109000E-7	1.921932E-3
1.109500E-7	1.921932E-3
1.110000E-7	1.908228E-3
1.110500E-7	1.868830E-3
1.111000E-7	1.826005E-3
1.111500E-7	1.810588E-3
1.112000E-7	1.819153E-3
1.112500E-7	1.826005E-3
1.113000E-7	1.837996E-3
1.113500E-7	1.846561E-3
1.114000E-7	1.843135E-3
1.114500E-7	1.836283E-3
1.115000E-7	1.826005E-3
1.115500E-7	1.798597E-3
1.116000E-7	1.774615E-3
1.116500E-7	1.774615E-3
1.117000E-7	1.776328E-3
1.117500E-7	1.755772E-3
1.118000E-7	1.736929E-3
1.118500E-7	1.721512E-3
1.119000E-7	1.694105E-3
1.119500E-7	1.661558E-3
1.120000E-7	1.613594E-3
1.120500E-7	1.548501E-3
1.121000E-7	1.495398E-3
1.121500E-7	1.471416E-3
1.122000E-7	1.447434E-3
1.122500E-7	1.425165E-3
1.123000E-7	1.437156E-3
1.123500E-7	1.493685E-3
1.124000E-7	1.558778E-3
1.124500E-7	1.632437E-3
1.125000E-7	1.742068E-3
1.125500E-7	1.875682E-3
1.126000E-7	1.978461E-3
1.126500E-7	2.038416E-3
1.127000E-7	2.077814E-3
1.127500E-7	2.089805E-3
1.128000E-7	2.052120E-3
1.128500E-7	1.969896E-3
1.129000E-7	1.873969E-3
1.129500E-7	1.750633E-3
1.130000E-7	1.581047E-3
1.130500E-7	1.380627E-3
1.131000E-7	1.168217E-3
1.131500E-7	9.643709E-4
1.132000E-7	7.862200E-4
1.132500E-7	6.423288E-4
1.133000E-7	5.378364E-4
1.133500E-7	4.727428E-4
1.134000E-7	4.607519E-4
1.134500E-7	5.035766E-4
1.135000E-7	5.995041E-4
1.135500E-7	7.451082E-4
1.136000E-7	9.318241E-4
1.136500E-7	1.144235E-3
1.137000E-7	1.349794E-3
1.137500E-7	1.527945E-3
1.138000E-7	1.676975E-3
1.138500E-7	1.798597E-3
1.139000E-7	1.875682E-3
1.139500E-7	1.915080E-3
1.140000E-7	1.930497E-3
1.140500E-7	1.925358E-3
1.141000E-7	1.906515E-3
1.141500E-7	1.885960E-3
1.142000E-7	1.882534E-3
1.142500E-7	1.903089E-3
1.143000E-7	1.945914E-3
1.143500E-7	1.997304E-3
1.144000E-7	2.050407E-3
1.144500E-7	2.118926E-3
1.145000E-7	2.208002E-3
1.145500E-7	2.288512E-3
1.146000E-7	2.346754E-3
1.146500E-7	2.375875E-3
1.147000E-7	2.369023E-3
1.147500E-7	2.324485E-3
1.148000E-7	2.252539E-3
1.148500E-7	2.165177E-3
1.149000E-7	2.060684E-3
1.149500E-7	1.952766E-3
1.150000E-7	1.860265E-3
1.150500E-7	1.793458E-3
1.151000E-7	1.743781E-3
1.151500E-7	1.707809E-3
1.152000E-7	1.680401E-3
1.152500E-7	1.651280E-3
1.153000E-7	1.627298E-3
1.153500E-7	1.608455E-3
1.154000E-7	1.577621E-3
1.154500E-7	1.526232E-3
1.155000E-7	1.469703E-3
1.155500E-7	1.409748E-3
1.156000E-7	1.327525E-3
1.156500E-7	1.228171E-3
1.157000E-7	1.139096E-3
1.157500E-7	1.077428E-3
1.158000E-7	1.022613E-3
1.158500E-7	9.643709E-4
1.159000E-7	9.369631E-4
1.159500E-7	9.421021E-4
1.160000E-7	9.472410E-4
1.160500E-7	9.540930E-4
1.161000E-7	9.849268E-4
1.161500E-7	1.017474E-3
1.162000E-7	1.015761E-3
1.162500E-7	9.969177E-4
1.163000E-7	9.746489E-4
1.163500E-7	9.232592E-4
1.164000E-7	8.564526E-4
1.164500E-7	8.119148E-4
1.165000E-7	7.793680E-4
1.165500E-7	7.433952E-4
1.166000E-7	7.279783E-4
1.166500E-7	7.639511E-4
1.167000E-7	8.444616E-4
1.167500E-7	9.540930E-4
1.168000E-7	1.089419E-3
1.168500E-7	1.245301E-3
1.169000E-7	1.406322E-3
1.169500E-7	1.545075E-3
1.170000E-7	1.658132E-3
1.170500E-7	1.757485E-3
1.171000E-7	1.846561E-3
1.171500E-7	1.899663E-3
1.172000E-7	1.916793E-3
1.172500E-7	1.923645E-3
1.173000E-7	1.920219E-3
1.173500E-7	1.875682E-3
1.174000E-7	1.805449E-3
1.174500E-7	1.754059E-3
1.175000E-7	1.716374E-3
1.175500E-7	1.663271E-3
1.176000E-7	1.603316E-3
1.176500E-7	1.558778E-3
1.177000E-7	1.529658E-3
1.177500E-7	1.512528E-3
1.178000E-7	1.498824E-3
1.178500E-7	1.479981E-3
1.179000E-7	1.461138E-3
1.179500E-7	1.461138E-3
1.180000E-7	1.464564E-3
1.180500E-7	1.457712E-3
1.181000E-7	1.455999E-3
1.181500E-7	1.459425E-3
1.182000E-7	1.461138E-3
1.182500E-7	1.455999E-3
1.183000E-7	1.449147E-3
1.183500E-7	1.444008E-3
1.184000E-7	1.435443E-3
1.184500E-7	1.416600E-3
1.185000E-7	1.372063E-3
1.185500E-7	1.322386E-3
1.186000E-7	1.289839E-3
1.186500E-7	1.267570E-3
1.187000E-7	1.255579E-3
1.187500E-7	1.248727E-3
1.188000E-7	1.240162E-3
1.188500E-7	1.223032E-3
1.189000E-7	1.216180E-3
1.189500E-7	1.221319E-3
1.190000E-7	1.228171E-3
1.190500E-7	1.238449E-3
1.191000E-7	1.260718E-3
1.191500E-7	1.286413E-3
1.192000E-7	1.308682E-3
1.192500E-7	1.348081E-3
1.193000E-7	1.404609E-3
1.193500E-7	1.437156E-3
1.194000E-7	1.444008E-3
1.194500E-7	1.444008E-3
1.195000E-7	1.447434E-3
1.195500E-7	1.433730E-3
1.196000E-7	1.409748E-3
1.196500E-7	1.409748E-3
1.197000E-7	1.423452E-3
1.197500E-7	1.440582E-3
1.198000E-7	1.474842E-3
1.198500E-7	1.538223E-3
1.199000E-7	1.620446E-3
1.199500E-7	1.718087E-3
1.200000E-7	1.815727E-3
1.200500E-7	1.896237E-3
1.201000E-7	1.947627E-3
1.201500E-7	1.978461E-3
1.202000E-7	1.983600E-3
1.202500E-7	1.949340E-3
1.203000E-7	1.873969E-3
1.203500E-7	1.764337E-3
1.204000E-7	1.629011E-3
1.204500E-7	1.488546E-3
1.205000E-7	1.368637E-3
1.205500E-7	1.253866E-3
1.206000E-7	1.142522E-3
1.206500E-7	1.055159E-3
1.207000E-7	9.849268E-4
1.207500E-7	9.095552E-4
1.208000E-7	8.461746E-4
1.208500E-7	8.187668E-4
1.209000E-7	8.102018E-4
1.209500E-7	8.016369E-4
1.210000E-7	8.050629E-4
1.210500E-7	8.256187E-4
1.211000E-7	8.496006E-4
1.211500E-7	8.752954E-4
1.212000E-7	9.146942E-4
1.212500E-7	9.626579E-4
1.213000E-7	1.002057E-3
1.213500E-7	1.017474E-3
1.214000E-7	1.019187E-3
1.214500E-7	1.024326E-3
1.215000E-7	1.034604E-3
1.215500E-7	1.029465E-3
1.216000E-7	1.017474E-3
1.216500E-7	1.020900E-3
1.217000E-7	1.032891E-3
1.217500E-7	1.038029E-3
1.218000E-7	1.043168E-3
1.218500E-7	1.046594E-3
1.219000E-7	1.026039E-3
1.219500E-7	9.780748E-4
1.220000E-7	9.232592E-4
1.220500E-7	8.598785E-4
1.221000E-7	7.656641E-4
1.221500E-7	6.389028E-4
1.222000E-7	5.001506E-4
1.222500E-7	3.751024E-4
1.223000E-7	2.757490E-4
1.223500E-7	1.952384E-4
1.224000E-7	1.455617E-4
1.224500E-7	1.472747E-4
1.225000E-7	1.935254E-4
1.225500E-7	2.620450E-4
1.226000E-7	3.408426E-4
1.226500E-7	4.419090E-4
1.227000E-7	5.498274E-4
1.227500E-7	6.423288E-4
1.228000E-7	7.125614E-4
1.228500E-7	7.690901E-4
1.229000E-7	8.050629E-4
1.229500E-7	8.136278E-4
1.230000E-7	8.102018E-4
1.230500E-7	8.102018E-4
1.231000E-7	8.084888E-4
1.231500E-7	8.016369E-4
1.232000E-7	7.999239E-4
1.232500E-7	7.964979E-4
1.233000E-7	7.810810E-4
1.233500E-7	7.827940E-4
1.234000E-7	8.204798E-4
1.234500E-7	8.752954E-4
1.235000E-7	9.249722E-4
1.235500E-7	9.643709E-4
1.236000E-7	9.969177E-4
1.236500E-7	1.008909E-3
1.237000E-7	1.017474E-3
1.237500E-7	1.022613E-3
1.238000E-7	1.005483E-3
1.238500E-7	9.643709E-4
1.239000E-7	9.266851E-4
1.239500E-7	8.924253E-4
1.240000E-7	8.393227E-4
1.240500E-7	7.845070E-4
1.241000E-7	7.416822E-4
1.241500E-7	7.108484E-4
1.242000E-7	6.954315E-4
1.242500E-7	7.108484E-4
1.243000E-7	7.553862E-4
1.243500E-7	8.033499E-4
1.244000E-7	8.376097E-4
1.244500E-7	8.530266E-4
1.245000E-7	8.461746E-4
1.245500E-7	8.290447E-4
1.246000E-7	8.050629E-4
1.246500E-7	7.845070E-4
1.247000E-7	7.725161E-4
1.247500E-7	7.725161E-4
1.248000E-7	7.845070E-4
1.248500E-7	8.187668E-4
1.249000E-7	8.718695E-4
1.249500E-7	9.198332E-4
1.250000E-7	9.626579E-4
1.250500E-7	1.014048E-3
1.251000E-7	1.068863E-3
1.251500E-7	1.121966E-3
1.252000E-7	1.176782E-3
1.252500E-7	1.216180E-3
1.253000E-7	1.224745E-3
1.253500E-7	1.214467E-3
1.254000E-7	1.197338E-3
1.254500E-7	1.166504E-3
1.255000E-7	1.135670E-3
1.255500E-7	1.116827E-3
1.256000E-7	1.103123E-3
1.256500E-7	1.085993E-3
1.257000E-7	1.065437E-3
1.257500E-7	1.050020E-3
1.258000E-7	1.046594E-3
1.258500E-7	1.060298E-3
1.259000E-7	1.067150E-3
1.259500E-7	1.063724E-3
1.260000E-7	1.074002E-3
1.260500E-7	1.106549E-3
1.261000E-7	1.139096E-3
1.261500E-7	1.151087E-3
1.262000E-7	1.164791E-3
1.262500E-7	1.192199E-3
1.263000E-7	1.240162E-3
1.263500E-7	1.293265E-3
1.264000E-7	1.334377E-3
1.264500E-7	1.368637E-3
1.265000E-7	1.408035E-3
1.265500E-7	1.420026E-3
1.266000E-7	1.377202E-3
1.266500E-7	1.310395E-3
1.267000E-7	1.247014E-3
1.267500E-7	1.171643E-3
1.268000E-7	1.092845E-3
1.268500E-7	1.055159E-3
1.269000E-7	1.053446E-3
1.269500E-7	1.058585E-3
1.270000E-7	1.082567E-3
1.270500E-7	1.140809E-3
1.271000E-7	1.205903E-3
1.271500E-7	1.262431E-3
1.272000E-7	1.324099E-3
1.272500E-7	1.394331E-3
1.273000E-7	1.452573E-3
1.273500E-7	1.479981E-3
1.274000E-7	1.493685E-3
1.274500E-7	1.507389E-3
1.275000E-7	1.505676E-3
1.275500E-7	1.498824E-3
1.276000E-7	1.515954E-3
1.276500E-7	1.550213E-3
1.277000E-7	1.575908E-3
1.277500E-7	1.589612E-3
1.278000E-7	1.620446E-3
1.278500E-7	1.670123E-3
1.279000E-7	1.724938E-3
1.279500E-7	1.769476E-3
1.280000E-7	1.790032E-3
1.280500E-7	1.795171E-3
1.281000E-7	1.798597E-3
1.281500E-7	1.783180E-3
1.282000E-7	1.740355E-3
1.282500E-7	1.688966E-3
1.283000E-7	1.637576E-3
1.283500E-7	1.579334E-3
1.284000E-7	1.524519E-3
1.284500E-7	1.478268E-3
1.285000E-7	1.426878E-3
1.285500E-7	1.363498E-3
1.286000E-7	1.318960E-3
1.286500E-7	1.300117E-3
1.287000E-7	1.291552E-3
1.287500E-7	1.288126E-3
1.288000E-7	1.318960E-3
1.288500E-7	1.375489E-3
1.289000E-7	1.430304E-3
1.289500E-7	1.471416E-3
1.290000E-7	1.505676E-3
1.290500E-7	1.541649E-3
1.291000E-7	1.562204E-3
1.291500E-7	1.538223E-3
1.292000E-7	1.464564E-3
1.292500E-7	1.366924E-3
1.293000E-7	1.253866E-3
1.293500E-7	1.116827E-3
1.294000E-7	9.695099E-4
1.294500E-7	8.564526E-4
1.295000E-7	7.759420E-4
1.295500E-7	7.159874E-4
1.296000E-7	7.005705E-4
1.296500E-7	7.502472E-4
1.297000E-7	8.547396E-4
1.297500E-7	9.900658E-4
1.298000E-7	1.149374E-3
1.298500E-7	1.327525E-3
1.299000E-7	1.509102E-3
1.299500E-7	1.666697E-3
1.300000E-7	1.776328E-3
1.300500E-7	1.826005E-3
1.301000E-7	1.819153E-3
1.301500E-7	1.752346E-3
1.302000E-7	1.637576E-3
1.302500E-7	1.493685E-3
1.303000E-7	1.336090E-3
1.303500E-7	1.161365E-3
1.304000E-7	9.986307E-4
1.304500E-7	8.872864E-4
1.305000E-7	8.221928E-4
1.305500E-7	7.862200E-4
1.306000E-7	7.742290E-4
1.306500E-7	7.982109E-4
1.307000E-7	8.513136E-4
1.307500E-7	9.146942E-4
1.308000E-7	9.832138E-4
1.308500E-7	1.062011E-3
1.309000E-7	1.139096E-3
1.309500E-7	1.187060E-3
1.310000E-7	1.192199E-3
1.310500E-7	1.171643E-3
1.311000E-7	1.161365E-3
1.311500E-7	1.161365E-3
1.312000E-7	1.145948E-3
1.312500E-7	1.125392E-3
1.313000E-7	1.142522E-3
1.313500E-7	1.195625E-3
1.314000E-7	1.267570E-3
1.314500E-7	1.349794E-3
1.315000E-7	1.444008E-3
1.315500E-7	1.534797E-3
1.316000E-7	1.622159E-3
1.316500E-7	1.678688E-3
1.317000E-7	1.675262E-3
1.317500E-7	1.620446E-3
1.318000E-7	1.533084E-3
1.318500E-7	1.411461E-3
1.319000E-7	1.257292E-3
1.319500E-7	1.087706E-3
1.320000E-7	9.249722E-4
1.320500E-7	7.725161E-4
1.321000E-7	6.508938E-4
1.321500E-7	5.789482E-4
1.322000E-7	5.583923E-4
1.322500E-7	5.892261E-4
1.323000E-7	6.594587E-4
1.323500E-7	7.365433E-4
1.324000E-7	7.964979E-4
1.324500E-7	8.496006E-4
1.325000E-7	9.181202E-4
1.325500E-7	9.866398E-4
1.326000E-7	1.017474E-3
1.326500E-7	1.012335E-3
1.327000E-7	1.000344E-3
1.327500E-7	9.832138E-4
1.328000E-7	9.489540E-4
1.328500E-7	9.146942E-4
1.329000E-7	9.009903E-4
1.329500E-7	8.992773E-4
1.330000E-7	8.975643E-4
1.330500E-7	9.095552E-4
1.331000E-7	9.558060E-4
1.331500E-7	1.014048E-3
1.332000E-7	1.074002E-3
1.332500E-7	1.140809E-3
1.333000E-7	1.214467E-3
1.333500E-7	1.289839E-3
1.334000E-7	1.363498E-3
1.334500E-7	1.433730E-3
1.335000E-7	1.500537E-3
1.335500E-7	1.558778E-3
1.336000E-7	1.617020E-3
1.336500E-7	1.670123E-3
1.337000E-7	1.712948E-3
1.337500E-7	1.759198E-3
1.338000E-7	1.808875E-3
1.338500E-7	1.827718E-3
1.339000E-7	1.796884E-3
1.339500E-7	1.724938E-3
1.340000E-7	1.632437E-3
1.340500E-7	1.533084E-3
1.341000E-7	1.420026E-3
1.341500E-7	1.289839E-3
1.342000E-7	1.156226E-3
1.342500E-7	1.055159E-3
1.343000E-7	9.917788E-4
1.343500E-7	9.403891E-4
1.344000E-7	9.095552E-4
1.344500E-7	9.129812E-4
1.345000E-7	9.352501E-4
1.345500E-7	9.506670E-4
1.346000E-7	9.677969E-4
1.346500E-7	9.917788E-4
1.347000E-7	1.003770E-3
1.347500E-7	1.000344E-3
1.348000E-7	1.002057E-3
1.348500E-7	1.014048E-3
1.349000E-7	1.014048E-3
1.349500E-7	1.005483E-3
1.350000E-7	1.019187E-3
1.350500E-7	1.062011E-3
1.351000E-7	1.103123E-3
1.351500E-7	1.156226E-3
1.352000E-7	1.241875E-3
1.352500E-7	1.336090E-3
1.353000E-7	1.408035E-3
1.353500E-7	1.438869E-3
1.354000E-7	1.442295E-3
1.354500E-7	1.444008E-3
1.355000E-7	1.442295E-3
1.355500E-7	1.409748E-3
1.356000E-7	1.342942E-3
1.356500E-7	1.281274E-3
1.357000E-7	1.233310E-3
1.357500E-7	1.178495E-3
1.358000E-7	1.118540E-3
1.358500E-7	1.079141E-3
1.359000E-7	1.058585E-3
1.359500E-7	1.050020E-3
1.360000E-7	1.067150E-3
1.360500E-7	1.113401E-3
1.361000E-7	1.175069E-3
1.361500E-7	1.233310E-3
1.362000E-7	1.284700E-3
1.362500E-7	1.327525E-3
1.363000E-7	1.372063E-3
1.363500E-7	1.408035E-3
1.364000E-7	1.423452E-3
1.364500E-7	1.430304E-3
1.365000E-7	1.449147E-3
1.365500E-7	1.461138E-3
1.366000E-7	1.466277E-3
1.366500E-7	1.485120E-3
1.367000E-7	1.529658E-3
1.367500E-7	1.584473E-3
1.368000E-7	1.644428E-3
1.368500E-7	1.714661E-3
1.369000E-7	1.784893E-3
1.369500E-7	1.831144E-3
1.370000E-7	1.858552E-3
1.370500E-7	1.867117E-3
1.371000E-7	1.841422E-3
1.371500E-7	1.778041E-3
1.372000E-7	1.700957E-3
1.372500E-7	1.618733E-3
1.373000E-7	1.526232E-3
1.373500E-7	1.438869E-3
1.374000E-7	1.372063E-3
1.374500E-7	1.327525E-3
1.375000E-7	1.312108E-3
1.375500E-7	1.317247E-3
1.376000E-7	1.329238E-3
1.376500E-7	1.358359E-3
1.377000E-7	1.435443E-3
1.377500E-7	1.536510E-3
1.378000E-7	1.620446E-3
1.378500E-7	1.675262E-3
1.379000E-7	1.709522E-3
1.379500E-7	1.699244E-3
1.380000E-7	1.634150E-3
1.380500E-7	1.553639E-3
1.381000E-7	1.481694E-3
1.381500E-7	1.420026E-3
1.382000E-7	1.363498E-3
1.382500E-7	1.312108E-3
1.383000E-7	1.269283E-3
1.383500E-7	1.231597E-3
1.384000E-7	1.207615E-3
1.384500E-7	1.195625E-3
1.385000E-7	1.197338E-3
1.385500E-7	1.221319E-3
1.386000E-7	1.262431E-3
1.386500E-7	1.308682E-3
1.387000E-7	1.351507E-3
1.387500E-7	1.378914E-3
1.388000E-7	1.396044E-3
1.388500E-7	1.404609E-3
1.389000E-7	1.408035E-3
1.389500E-7	1.416600E-3
1.390000E-7	1.438869E-3
1.390500E-7	1.473129E-3
1.391000E-7	1.505676E-3
1.391500E-7	1.529658E-3
1.392000E-7	1.545075E-3
1.392500E-7	1.557065E-3
1.393000E-7	1.572482E-3
1.393500E-7	1.596464E-3
1.394000E-7	1.623872E-3
1.394500E-7	1.649567E-3
1.395000E-7	1.673549E-3
1.395500E-7	1.676975E-3
1.396000E-7	1.652993E-3
1.396500E-7	1.603316E-3
1.397000E-7	1.533084E-3
1.397500E-7	1.450860E-3
1.398000E-7	1.368637E-3
1.398500E-7	1.312108E-3
1.399000E-7	1.279561E-3
1.399500E-7	1.252153E-3
1.400000E-7	1.224745E-3
1.400500E-7	1.216180E-3
1.401000E-7	1.238449E-3
1.401500E-7	1.276135E-3
1.402000E-7	1.324099E-3
1.402500E-7	1.408035E-3
1.403000E-7	1.510815E-3
1.403500E-7	1.601603E-3
1.404000E-7	1.664984E-3
1.404500E-7	1.711235E-3
1.405000E-7	1.743781E-3
1.405500E-7	1.757485E-3
1.406000E-7	1.766050E-3
1.406500E-7	1.767763E-3
1.407000E-7	1.755772E-3
1.407500E-7	1.733503E-3
1.408000E-7	1.712948E-3
1.408500E-7	1.707809E-3
1.409000E-7	1.711235E-3
1.409500E-7	1.711235E-3
1.410000E-7	1.704383E-3
1.410500E-7	1.702670E-3
1.411000E-7	1.692392E-3
1.411500E-7	1.656419E-3
1.412000E-7	1.596464E-3
1.412500E-7	1.517667E-3
1.413000E-7	1.406322E-3
1.413500E-7	1.270996E-3
1.414000E-7	1.147661E-3
1.414500E-7	1.048307E-3
1.415000E-7	9.592320E-4
1.415500E-7	8.975643E-4
1.416000E-7	8.958513E-4
1.416500E-7	9.540930E-4
1.417000E-7	1.056872E-3
1.417500E-7	1.195625E-3
1.418000E-7	1.360072E-3
1.418500E-7	1.533084E-3
1.419000E-7	1.709522E-3
1.419500E-7	1.882534E-3
1.420000E-7	2.045268E-3
1.420500E-7	2.172029E-3
1.421000E-7	2.262817E-3
1.421500E-7	2.327911E-3
1.422000E-7	2.360458E-3
1.422500E-7	2.353606E-3
1.423000E-7	2.314207E-3
1.423500E-7	2.255965E-3
1.424000E-7	2.190872E-3
1.424500E-7	2.125778E-3
1.425000E-7	2.048694E-3
1.425500E-7	1.963044E-3
1.426000E-7	1.899663E-3
1.426500E-7	1.875682E-3
1.427000E-7	1.880821E-3
1.427500E-7	1.911654E-3
1.428000E-7	1.973322E-3
1.428500E-7	2.052120E-3
1.429000E-7	2.136056E-3
1.429500E-7	2.211428E-3
1.430000E-7	2.267956E-3
1.430500E-7	2.307355E-3
1.431000E-7	2.327911E-3
1.431500E-7	2.319346E-3
1.432000E-7	2.279947E-3
1.432500E-7	2.228558E-3
1.433000E-7	2.172029E-3
1.433500E-7	2.096657E-3
1.434000E-7	2.012721E-3
1.434500E-7	1.952766E-3
1.435000E-7	1.925358E-3
1.435500E-7	1.928784E-3
1.436000E-7	1.952766E-3
1.436500E-7	2.011008E-3
1.437000E-7	2.103509E-3
1.437500E-7	2.184020E-3
1.438000E-7	2.219993E-3
1.438500E-7	2.231983E-3
1.439000E-7	2.228558E-3
1.439500E-7	2.182307E-3
1.440000E-7	2.098370E-3
1.440500E-7	2.024712E-3
1.441000E-7	1.957905E-3
1.441500E-7	1.865404E-3
1.442000E-7	1.776328E-3
1.442500E-7	1.721512E-3
1.443000E-7	1.678688E-3
1.443500E-7	1.639289E-3
1.444000E-7	1.644428E-3
1.444500E-7	1.668410E-3
1.445000E-7	1.664984E-3
1.445500E-7	1.635863E-3
1.446000E-7	1.613594E-3
1.446500E-7	1.582760E-3
1.447000E-7	1.539936E-3
1.447500E-7	1.498824E-3
1.448000E-7	1.461138E-3
1.448500E-7	1.406322E-3
1.449000E-7	1.346368E-3
1.449500E-7	1.308682E-3
1.450000E-7	1.303543E-3
1.450500E-7	1.334377E-3
1.451000E-7	1.406322E-3
1.451500E-7	1.502250E-3
1.452000E-7	1.617020E-3
1.452500E-7	1.759198E-3
1.453000E-7	1.904802E-3
1.453500E-7	2.033277E-3
1.454000E-7	2.154899E-3
1.454500E-7	2.266243E-3
1.455000E-7	2.341615E-3
1.455500E-7	2.367310E-3
1.456000E-7	2.350180E-3
1.456500E-7	2.291938E-3
1.457000E-7	2.206289E-3
1.457500E-7	2.100083E-3
1.458000E-7	1.985313E-3
1.458500E-7	1.879108E-3
1.459000E-7	1.803736E-3
1.459500E-7	1.748920E-3
1.460000E-7	1.704383E-3
1.460500E-7	1.692392E-3
1.461000E-7	1.719799E-3
1.461500E-7	1.760911E-3
1.462000E-7	1.807162E-3
1.462500E-7	1.868830E-3
1.463000E-7	1.939062E-3
1.463500E-7	2.011008E-3
1.464000E-7	2.077814E-3
1.464500E-7	2.124065E-3
1.465000E-7	2.132630E-3
1.465500E-7	2.105222E-3
1.466000E-7	2.038416E-3
1.466500E-7	1.933923E-3
1.467000E-7	1.800310E-3
1.467500E-7	1.664984E-3
1.468000E-7	1.545075E-3
1.468500E-7	1.459425E-3
1.469000E-7	1.414887E-3
1.469500E-7	1.404609E-3
1.470000E-7	1.432017E-3
1.470500E-7	1.493685E-3
1.471000E-7	1.572482E-3
1.471500E-7	1.646141E-3
1.472000E-7	1.700957E-3
1.472500E-7	1.731790E-3
1.473000E-7	1.735216E-3
1.473500E-7	1.714661E-3
1.474000E-7	1.656419E-3
1.474500E-7	1.558778E-3
1.475000E-7	1.452573E-3
1.475500E-7	1.342942E-3
1.476000E-7	1.226458E-3
1.476500E-7	1.121966E-3
1.477000E-7	1.043168E-3
1.477500E-7	9.780748E-4
1.478000E-7	9.421021E-4
1.478500E-7	9.540930E-4
1.479000E-7	1.002057E-3
1.479500E-7	1.058585E-3
1.480000E-7	1.128818E-3
1.480500E-7	1.219606E-3
1.481000E-7	1.317247E-3
1.481500E-7	1.418313E-3
1.482000E-7	1.507389E-3
1.482500E-7	1.570769E-3
1.483000E-7	1.639289E-3
1.483500E-7	1.718087E-3
1.484000E-7	1.772902E-3
1.484500E-7	1.798597E-3
1.485000E-7	1.819153E-3
1.485500E-7	1.831144E-3
1.486000E-7	1.827718E-3
1.486500E-7	1.817440E-3
1.487000E-7	1.790032E-3
1.487500E-7	1.742068E-3
1.488000E-7	1.685540E-3
1.488500E-7	1.627298E-3
1.489000E-7	1.557065E-3
1.489500E-7	1.485120E-3
1.490000E-7	1.413174E-3
1.490500E-7	1.325812E-3
1.491000E-7	1.224745E-3
1.491500E-7	1.130531E-3
1.492000E-7	1.046594E-3
1.492500E-7	9.677969E-4
1.493000E-7	8.924253E-4
1.493500E-7	8.324707E-4
1.494000E-7	7.896460E-4
1.494500E-7	7.553862E-4
1.495000E-7	7.331173E-4
1.495500E-7	7.314043E-4
1.496000E-7	7.639511E-4
1.496500E-7	8.136278E-4
1.497000E-7	8.667305E-4
1.497500E-7	8.992773E-4
1.498000E-7	9.249722E-4
1.498500E-7	9.592320E-4
1.499000E-7	9.900658E-4
1.499500E-7	9.849268E-4
1.500000E-7	9.558060E-4
1.500500E-7	9.352501E-4
1.501000E-7	9.146942E-4
1.501500E-7	8.907124E-4
1.502000E-7	8.821474E-4
1.502500E-7	8.941383E-4
1.503000E-7	9.232592E-4
1.503500E-7	9.592320E-4
1.504000E-7	9.934918E-4
1.504500E-7	1.044881E-3
1.505000E-7	1.115114E-3
1.505500E-7	1.180208E-3
1.506000E-7	1.221319E-3
1.506500E-7	1.248727E-3
1.507000E-7	1.264144E-3
1.507500E-7	1.262431E-3
1.508000E-7	1.247014E-3
1.508500E-7	1.219606E-3
1.509000E-7	1.188773E-3
1.509500E-7	1.156226E-3
1.510000E-7	1.116827E-3
1.510500E-7	1.067150E-3
1.511000E-7	1.036317E-3
1.511500E-7	1.027752E-3
1.512000E-7	1.012335E-3
1.512500E-7	9.883528E-4
1.513000E-7	9.797878E-4
1.513500E-7	9.763619E-4
1.514000E-7	9.763619E-4
1.514500E-7	9.969177E-4
1.515000E-7	1.032891E-3
1.515500E-7	1.077428E-3
1.516000E-7	1.133957E-3
1.516500E-7	1.202477E-3
1.517000E-7	1.262431E-3
1.517500E-7	1.310395E-3
1.518000E-7	1.366924E-3
1.518500E-7	1.428591E-3
1.519000E-7	1.476555E-3
1.519500E-7	1.505676E-3
1.520000E-7	1.526232E-3
1.520500E-7	1.538223E-3
1.521000E-7	1.534797E-3
1.521500E-7	1.521093E-3
1.522000E-7	1.514241E-3
1.522500E-7	1.505676E-3
1.523000E-7	1.485120E-3
1.523500E-7	1.471416E-3
1.524000E-7	1.464564E-3
1.524500E-7	1.444008E-3
1.525000E-7	1.411461E-3
1.525500E-7	1.389192E-3
1.526000E-7	1.365211E-3
1.526500E-7	1.322386E-3
1.527000E-7	1.276135E-3
1.527500E-7	1.243588E-3
1.528000E-7	1.223032E-3
1.528500E-7	1.204190E-3
1.529000E-7	1.188773E-3
1.529500E-7	1.168217E-3
1.530000E-7	1.156226E-3
1.530500E-7	1.161365E-3
1.531000E-7	1.168217E-3
1.531500E-7	1.156226E-3
1.532000E-7	1.140809E-3
1.532500E-7	1.130531E-3
1.533000E-7	1.108262E-3
1.533500E-7	1.065437E-3
1.534000E-7	1.014048E-3
1.534500E-7	9.712229E-4
1.535000E-7	9.352501E-4
1.535500E-7	9.249722E-4
1.536000E-7	9.558060E-4
1.536500E-7	1.022613E-3
1.537000E-7	1.097984E-3
1.537500E-7	1.173356E-3
1.538000E-7	1.267570E-3
1.538500E-7	1.366924E-3
1.539000E-7	1.445721E-3
1.539500E-7	1.505676E-3
1.540000E-7	1.560491E-3
1.540500E-7	1.591325E-3
1.541000E-7	1.581047E-3
1.541500E-7	1.543362E-3
1.542000E-7	1.502250E-3
1.542500E-7	1.450860E-3
1.543000E-7	1.380627E-3
1.543500E-7	1.313821E-3
1.544000E-7	1.274422E-3
1.544500E-7	1.252153E-3
1.545000E-7	1.233310E-3
1.545500E-7	1.226458E-3
1.546000E-7	1.241875E-3
1.546500E-7	1.272709E-3
1.547000E-7	1.318960E-3
1.547500E-7	1.365211E-3
1.548000E-7	1.399470E-3
1.548500E-7	1.416600E-3
1.549000E-7	1.416600E-3
1.549500E-7	1.394331E-3
1.550000E-7	1.365211E-3
1.550500E-7	1.354933E-3
1.551000E-7	1.360072E-3
1.551500E-7	1.380627E-3
1.552000E-7	1.430304E-3
1.552500E-7	1.509102E-3
1.553000E-7	1.589612E-3
1.553500E-7	1.658132E-3
1.554000E-7	1.711235E-3
1.554500E-7	1.747207E-3
1.555000E-7	1.760911E-3
1.555500E-7	1.754059E-3
1.556000E-7	1.731790E-3
1.556500E-7	1.702670E-3
1.557000E-7	1.673549E-3
1.557500E-7	1.652993E-3
1.558000E-7	1.641002E-3
1.558500E-7	1.630724E-3
1.559000E-7	1.637576E-3
1.559500E-7	1.664984E-3
1.560000E-7	1.702670E-3
1.560500E-7	1.742068E-3
1.561000E-7	1.784893E-3
1.561500E-7	1.800310E-3
1.562000E-7	1.774615E-3
1.562500E-7	1.728364E-3
1.563000E-7	1.659845E-3
1.563500E-7	1.558778E-3
1.564000E-7	1.450860E-3
1.564500E-7	1.368637E-3
1.565000E-7	1.308682E-3
1.565500E-7	1.269283E-3
1.566000E-7	1.282987E-3
1.566500E-7	1.368637E-3
1.567000E-7	1.498824E-3
1.567500E-7	1.651280E-3
1.568000E-7	1.805449E-3
1.568500E-7	1.939062E-3
1.569000E-7	2.045268E-3
1.569500E-7	2.113787E-3
1.570000E-7	2.132630E-3
1.570500E-7	2.106935E-3
1.571000E-7	2.057259E-3
1.571500E-7	1.987026E-3
1.572000E-7	1.870543E-3
1.572500E-7	1.723225E-3
1.573000E-7	1.587899E-3
1.573500E-7	1.469703E-3
1.574000E-7	1.366924E-3
1.574500E-7	1.294978E-3
1.575000E-7	1.286413E-3
1.575500E-7	1.327525E-3
1.576000E-7	1.392618E-3
1.576500E-7	1.479981E-3
1.577000E-7	1.598177E-3
1.577500E-7	1.719799E-3
1.578000E-7	1.837996E-3
1.578500E-7	1.949340E-3
1.579000E-7	2.040129E-3
1.579500E-7	2.082953E-3
1.580000E-7	2.084666E-3
1.580500E-7	2.067536E-3
1.581000E-7	2.029851E-3
1.581500E-7	1.964757E-3
1.582000E-7	1.880821E-3
1.582500E-7	1.779754E-3
1.583000E-7	1.680401E-3
1.583500E-7	1.596464E-3
1.584000E-7	1.531371E-3
1.584500E-7	1.485120E-3
1.585000E-7	1.476555E-3
1.585500E-7	1.509102E-3
1.586000E-7	1.558778E-3
1.586500E-7	1.608455E-3
1.587000E-7	1.673549E-3
1.587500E-7	1.760911E-3
1.588000E-7	1.849987E-3
1.588500E-7	1.933923E-3
1.589000E-7	2.028138E-3
1.589500E-7	2.146334E-3
1.590000E-7	2.273095E-3
1.590500E-7	2.369023E-3
1.591000E-7	2.422125E-3
1.591500E-7	2.435829E-3
1.592000E-7	2.413560E-3
1.592500E-7	2.348467E-3
1.593000E-7	2.249113E-3
1.593500E-7	2.124065E-3
1.594000E-7	1.981887E-3
1.594500E-7	1.831144E-3
1.595000E-7	1.680401E-3
1.595500E-7	1.517667E-3
1.596000E-7	1.336090E-3
1.596500E-7	1.173356E-3
1.597000E-7	1.044881E-3
1.597500E-7	9.386761E-4
1.598000E-7	8.770084E-4
1.598500E-7	8.804344E-4
1.599000E-7	9.232592E-4
1.599500E-7	9.815008E-4
1.600000E-7	1.087706E-3
1.600500E-7	1.243588E-3
1.601000E-7	1.396044E-3
1.601500E-7	1.533084E-3
1.602000E-7	1.670123E-3
1.602500E-7	1.800310E-3
1.603000E-7	1.897950E-3
1.603500E-7	1.954479E-3
1.604000E-7	1.987026E-3
1.604500E-7	2.009295E-3
1.605000E-7	2.005869E-3
1.605500E-7	1.949340E-3
1.606000E-7	1.863691E-3
1.606500E-7	1.786606E-3
1.607000E-7	1.706096E-3
1.607500E-7	1.618733E-3
1.608000E-7	1.558778E-3
1.608500E-7	1.534797E-3
1.609000E-7	1.526232E-3
1.609500E-7	1.527945E-3
1.610000E-7	1.538223E-3
1.610500E-7	1.551926E-3
1.611000E-7	1.572482E-3
1.611500E-7	1.599890E-3
1.612000E-7	1.611881E-3
1.612500E-7	1.615307E-3
1.613000E-7	1.627298E-3
1.613500E-7	1.647854E-3
1.614000E-7	1.670123E-3
1.614500E-7	1.712948E-3
1.615000E-7	1.783180E-3
1.615500E-7	1.868830E-3
1.616000E-7	1.981887E-3
1.616500E-7	2.129204E-3
1.617000E-7	2.274808E-3
1.617500E-7	2.398144E-3
1.618000E-7	2.499210E-3
1.618500E-7	2.566017E-3
1.619000E-7	2.579720E-3
1.619500E-7	2.557452E-3
1.620000E-7	2.502636E-3
1.620500E-7	2.393005E-3
1.621000E-7	2.243974E-3
1.621500E-7	2.084666E-3
1.622000E-7	1.921932E-3
1.622500E-7	1.743781E-3
1.623000E-7	1.567343E-3
1.623500E-7	1.416600E-3
1.624000E-7	1.313821E-3
1.624500E-7	1.269283E-3
1.625000E-7	1.276135E-3
1.625500E-7	1.322386E-3
1.626000E-7	1.409748E-3
1.626500E-7	1.545075E-3
1.627000E-7	1.709522E-3
1.627500E-7	1.868830E-3
1.628000E-7	2.019573E-3
1.628500E-7	2.158325E-3
1.629000E-7	2.274808E-3
1.629500E-7	2.365597E-3
1.630000E-7	2.425551E-3
1.630500E-7	2.442681E-3
1.631000E-7	2.420412E-3
1.631500E-7	2.370736E-3
1.632000E-7	2.300503E-3
1.632500E-7	2.223419E-3
1.633000E-7	2.160038E-3
1.633500E-7	2.113787E-3
1.634000E-7	2.081240E-3
1.634500E-7	2.046981E-3
1.635000E-7	2.009295E-3
1.635500E-7	1.990452E-3
1.636000E-7	2.005869E-3
1.636500E-7	2.036703E-3
1.637000E-7	2.041842E-3
1.637500E-7	2.026425E-3
1.638000E-7	2.007582E-3
1.638500E-7	1.981887E-3
1.639000E-7	1.937349E-3
1.639500E-7	1.889386E-3
1.640000E-7	1.837996E-3
1.640500E-7	1.759198E-3
1.641000E-7	1.656419E-3
1.641500E-7	1.567343E-3
1.642000E-7	1.500537E-3
1.642500E-7	1.437156E-3
1.643000E-7	1.382340E-3
1.643500E-7	1.353220E-3
1.644000E-7	1.344655E-3
1.644500E-7	1.363498E-3
1.645000E-7	1.432017E-3
1.645500E-7	1.536510E-3
1.646000E-7	1.659845E-3
1.646500E-7	1.810588E-3
1.647000E-7	1.983600E-3
1.647500E-7	2.122352E-3
1.648000E-7	2.214854E-3
1.648500E-7	2.302216E-3
1.649000E-7	2.369023E-3
1.649500E-7	2.374162E-3
1.650000E-7	2.322772E-3
1.650500E-7	2.252539E-3
1.651000E-7	2.165177E-3
1.651500E-7	2.055546E-3
1.652000E-7	1.945914E-3
1.652500E-7	1.851700E-3
1.653000E-7	1.776328E-3
1.653500E-7	1.723225E-3
1.654000E-7	1.695818E-3
1.654500E-7	1.697531E-3
1.655000E-7	1.721512E-3
1.655500E-7	1.764337E-3
1.656000E-7	1.822579E-3
1.656500E-7	1.892811E-3
1.657000E-7	1.963044E-3
1.657500E-7	2.019573E-3
1.658000E-7	2.060684E-3
1.658500E-7	2.103509E-3
1.659000E-7	2.142908E-3
1.659500E-7	2.160038E-3
1.660000E-7	2.153186E-3
1.660500E-7	2.127491E-3
1.661000E-7	2.100083E-3
1.661500E-7	2.084666E-3
1.662000E-7	2.067536E-3
1.662500E-7	2.033277E-3
1.663000E-7	1.990452E-3
1.663500E-7	1.944201E-3
1.664000E-7	1.889386E-3
1.664500E-7	1.827718E-3
1.665000E-7	1.788319E-3
1.665500E-7	1.766050E-3
1.666000E-7	1.748920E-3
1.666500E-7	1.747207E-3
1.667000E-7	1.750633E-3
1.667500E-7	1.726651E-3
1.668000E-7	1.670123E-3
1.668500E-7	1.601603E-3
1.669000E-7	1.519380E-3
1.669500E-7	1.408035E-3
1.670000E-7	1.286413E-3
1.670500E-7	1.169930E-3
1.671000E-7	1.062011E-3
1.671500E-7	9.695099E-4
1.672000E-7	8.924253E-4
1.672500E-7	8.496006E-4
1.673000E-7	8.598785E-4
1.673500E-7	9.249722E-4
1.674000E-7	1.019187E-3
1.674500E-7	1.145948E-3
1.675000E-7	1.305256E-3
1.675500E-7	1.450860E-3
1.676000E-7	1.575908E-3
1.676500E-7	1.704383E-3
1.677000E-7	1.807162E-3
1.677500E-7	1.841422E-3
1.678000E-7	1.826005E-3
1.678500E-7	1.798597E-3
1.679000E-7	1.747207E-3
1.679500E-7	1.663271E-3
1.680000E-7	1.586186E-3
1.680500E-7	1.533084E-3
1.681000E-7	1.503963E-3
1.681500E-7	1.507389E-3
1.682000E-7	1.545075E-3
1.682500E-7	1.610168E-3
1.683000E-7	1.706096E-3
1.683500E-7	1.824292E-3
1.684000E-7	1.939062E-3
1.684500E-7	2.048694E-3
1.685000E-7	2.156612E-3
1.685500E-7	2.209715E-3
1.686000E-7	2.185733E-3
1.686500E-7	2.118926E-3
1.687000E-7	2.033277E-3
1.687500E-7	1.913367E-3
1.688000E-7	1.769476E-3
1.688500E-7	1.635863E-3
1.689000E-7	1.500537E-3
1.689500E-7	1.363498E-3
1.690000E-7	1.270996E-3
1.690500E-7	1.231597E-3
1.691000E-7	1.212754E-3
1.691500E-7	1.223032E-3
1.692000E-7	1.284700E-3
1.692500E-7	1.354933E-3
1.693000E-7	1.408035E-3
1.693500E-7	1.471416E-3
1.694000E-7	1.558778E-3
1.694500E-7	1.634150E-3
1.695000E-7	1.694105E-3
1.695500E-7	1.759198E-3
1.696000E-7	1.819153E-3
1.696500E-7	1.870543E-3
1.697000E-7	1.927071E-3
1.697500E-7	1.978461E-3
1.698000E-7	1.997304E-3
1.698500E-7	2.000730E-3
1.699000E-7	1.987026E-3
1.699500E-7	1.933923E-3
1.700000E-7	1.849987E-3
1.700500E-7	1.752346E-3
1.701000E-7	1.632437E-3
1.701500E-7	1.469703E-3
1.702000E-7	1.281274E-3
1.702500E-7	1.085993E-3
1.703000E-7	9.129812E-4
1.703500E-7	7.759420E-4
1.704000E-7	6.663107E-4
1.704500E-7	6.012171E-4
1.705000E-7	6.114950E-4
1.705500E-7	6.851536E-4
1.706000E-7	7.947849E-4
1.706500E-7	9.403891E-4
1.707000E-7	1.135670E-3
1.707500E-7	1.360072E-3
1.708000E-7	1.581047E-3
1.708500E-7	1.774615E-3
1.709000E-7	1.925358E-3
1.709500E-7	2.036703E-3
1.710000E-7	2.120639E-3
1.710500E-7	2.153186E-3
1.711000E-7	2.124065E-3
1.711500E-7	2.070962E-3
1.712000E-7	2.019573E-3
1.712500E-7	1.947627E-3
1.713000E-7	1.841422E-3
1.713500E-7	1.716374E-3
1.714000E-7	1.577621E-3
1.714500E-7	1.444008E-3
1.715000E-7	1.342942E-3
1.715500E-7	1.267570E-3
1.716000E-7	1.211041E-3
1.716500E-7	1.171643E-3
1.717000E-7	1.142522E-3
1.717500E-7	1.097984E-3
1.718000E-7	1.067150E-3
1.718500E-7	1.075715E-3
1.719000E-7	1.104836E-3
1.719500E-7	1.137383E-3
1.720000E-7	1.193912E-3
1.720500E-7	1.267570E-3
1.721000E-7	1.339516E-3
1.721500E-7	1.420026E-3
1.722000E-7	1.507389E-3
1.722500E-7	1.582760E-3
1.723000E-7	1.644428E-3
1.723500E-7	1.700957E-3
1.724000E-7	1.730077E-3
1.724500E-7	1.711235E-3
1.725000E-7	1.664984E-3
1.725500E-7	1.594751E-3
1.726000E-7	1.491972E-3
1.726500E-7	1.380627E-3
1.727000E-7	1.284700E-3
1.727500E-7	1.204190E-3
1.728000E-7	1.130531E-3
1.728500E-7	1.077428E-3
1.729000E-7	1.051733E-3
1.729500E-7	1.048307E-3
1.730000E-7	1.068863E-3
1.730500E-7	1.130531E-3
1.731000E-7	1.233310E-3
1.731500E-7	1.351507E-3
1.732000E-7	1.464564E-3
1.732500E-7	1.570769E-3
1.733000E-7	1.673549E-3
1.733500E-7	1.760911E-3
1.734000E-7	1.820866E-3
1.734500E-7	1.860265E-3
1.735000E-7	1.887673E-3
1.735500E-7	1.897950E-3
1.736000E-7	1.875682E-3
1.736500E-7	1.829431E-3
1.737000E-7	1.769476E-3
1.737500E-7	1.704383E-3
1.738000E-7	1.652993E-3
1.738500E-7	1.641002E-3
1.739000E-7	1.670123E-3
1.739500E-7	1.716374E-3
1.740000E-7	1.769476E-3
1.740500E-7	1.832857E-3
1.741000E-7	1.909941E-3
1.741500E-7	2.005869E-3
1.742000E-7	2.112074E-3
1.742500E-7	2.221706E-3
1.743000E-7	2.309068E-3
1.743500E-7	2.367310E-3
1.744000E-7	2.404995E-3
1.744500E-7	2.425551E-3
1.745000E-7	2.416986E-3
1.745500E-7	2.367310E-3
1.746000E-7	2.283373E-3
1.746500E-7	2.178881E-3
1.747000E-7	2.062397E-3
1.747500E-7	1.940775E-3
1.748000E-7	1.834570E-3
1.748500E-7	1.755772E-3
1.749000E-7	1.712948E-3
1.749500E-7	1.688966E-3
1.750000E-7	1.668410E-3
1.750500E-7	1.666697E-3
1.751000E-7	1.680401E-3
1.751500E-7	1.687253E-3
1.752000E-7	1.682114E-3
1.752500E-7	1.685540E-3
1.753000E-7	1.675262E-3
1.753500E-7	1.625585E-3
1.754000E-7	1.572482E-3
1.754500E-7	1.546788E-3
1.755000E-7	1.524519E-3
1.755500E-7	1.502250E-3
1.756000E-7	1.502250E-3
1.756500E-7	1.526232E-3
1.757000E-7	1.548501E-3
1.757500E-7	1.569056E-3
1.758000E-7	1.605029E-3
1.758500E-7	1.649567E-3
1.759000E-7	1.695818E-3
1.759500E-7	1.740355E-3
1.760000E-7	1.767763E-3
1.760500E-7	1.774615E-3
1.761000E-7	1.771189E-3
1.761500E-7	1.759198E-3
1.762000E-7	1.736929E-3
1.762500E-7	1.702670E-3
1.763000E-7	1.659845E-3
1.763500E-7	1.606742E-3
1.764000E-7	1.557065E-3
1.764500E-7	1.533084E-3
1.765000E-7	1.538223E-3
1.765500E-7	1.548501E-3
1.766000E-7	1.567343E-3
1.766500E-7	1.611881E-3
1.767000E-7	1.668410E-3
1.767500E-7	1.712948E-3
1.768000E-7	1.762624E-3
1.768500E-7	1.832857E-3
1.769000E-7	1.915080E-3
1.769500E-7	1.992165E-3
1.770000E-7	2.064110E-3
1.770500E-7	2.112074E-3
1.771000E-7	2.130917E-3
1.771500E-7	2.130917E-3
1.772000E-7	2.112074E-3
1.772500E-7	2.093231E-3
1.773000E-7	2.082953E-3
1.773500E-7	2.057259E-3
1.774000E-7	1.990452E-3
1.774500E-7	1.904802E-3
1.775000E-7	1.836283E-3
1.775500E-7	1.778041E-3
1.776000E-7	1.735216E-3
1.776500E-7	1.735216E-3
1.777000E-7	1.754059E-3
1.777500E-7	1.786606E-3
1.778000E-7	1.837996E-3
1.778500E-7	1.906515E-3
1.779000E-7	1.964757E-3
1.779500E-7	2.004156E-3
1.780000E-7	2.034990E-3
1.780500E-7	2.048694E-3
1.781000E-7	2.031564E-3
1.781500E-7	1.985313E-3
1.782000E-7	1.930497E-3
1.782500E-7	1.865404E-3
1.783000E-7	1.783180E-3
1.783500E-7	1.695818E-3
1.784000E-7	1.618733E-3
1.784500E-7	1.558778E-3
1.785000E-7	1.517667E-3
1.785500E-7	1.503963E-3
1.786000E-7	1.524519E-3
1.786500E-7	1.581047E-3
1.787000E-7	1.659845E-3
1.787500E-7	1.736929E-3
1.788000E-7	1.807162E-3
1.788500E-7	1.885960E-3
1.789000E-7	1.966470E-3
1.789500E-7	2.028138E-3
1.790000E-7	2.060684E-3
1.790500E-7	2.072675E-3
1.791000E-7	2.060684E-3
1.791500E-7	2.019573E-3
1.792000E-7	1.963044E-3
1.792500E-7	1.896237E-3
1.793000E-7	1.837996E-3
1.793500E-7	1.793458E-3
1.794000E-7	1.752346E-3
1.794500E-7	1.709522E-3
1.795000E-7	1.695818E-3
1.795500E-7	1.719799E-3
1.796000E-7	1.762624E-3
1.796500E-7	1.822579E-3
1.797000E-7	1.908228E-3
1.797500E-7	2.017860E-3
1.798000E-7	2.153186E-3
1.798500E-7	2.291938E-3
1.799000E-7	2.399857E-3
1.799500E-7	2.463237E-3
1.800000E-7	2.482080E-3
1.800500E-7	2.473515E-3
1.801000E-7	2.442681E-3
1.801500E-7	2.384440E-3
1.802000E-7	2.317633E-3
1.802500E-7	2.252539E-3
1.803000E-7	2.184020E-3
1.803500E-7	2.100083E-3
1.804000E-7	2.019573E-3
1.804500E-7	1.968183E-3
1.805000E-7	1.932210E-3
1.805500E-7	1.892811E-3
1.806000E-7	1.868830E-3
1.806500E-7	1.873969E-3
1.807000E-7	1.887673E-3
1.807500E-7	1.885960E-3
1.808000E-7	1.889386E-3
1.808500E-7	1.921932E-3
1.809000E-7	1.969896E-3
1.809500E-7	2.016147E-3
1.810000E-7	2.081240E-3
1.810500E-7	2.178881E-3
1.811000E-7	2.278234E-3
1.811500E-7	2.346754E-3
1.812000E-7	2.386153E-3
1.812500E-7	2.396431E-3
1.813000E-7	2.375875E-3
1.813500E-7	2.327911E-3
1.814000E-7	2.266243E-3
1.814500E-7	2.185733E-3
1.815000E-7	2.106935E-3
1.815500E-7	2.043555E-3
1.816000E-7	1.993878E-3
1.816500E-7	1.951053E-3
1.817000E-7	1.937349E-3
1.817500E-7	1.961331E-3
1.818000E-7	2.022999E-3
1.818500E-7	2.117213E-3
1.819000E-7	2.221706E-3
1.819500E-7	2.314207E-3
1.820000E-7	2.387866E-3
1.820500E-7	2.442681E-3
1.821000E-7	2.470089E-3
1.821500E-7	2.464950E-3
1.822000E-7	2.425551E-3
1.822500E-7	2.346754E-3
1.823000E-7	2.237122E-3
1.823500E-7	2.117213E-3
1.824000E-7	2.004156E-3
1.824500E-7	1.889386E-3
1.825000E-7	1.779754E-3
1.825500E-7	1.690679E-3
1.826000E-7	1.635863E-3
1.826500E-7	1.605029E-3
1.827000E-7	1.577621E-3
1.827500E-7	1.551926E-3
1.828000E-7	1.536510E-3
1.828500E-7	1.536510E-3
1.829000E-7	1.548501E-3
1.829500E-7	1.577621E-3
1.830000E-7	1.618733E-3
1.830500E-7	1.658132E-3
1.831000E-7	1.692392E-3
1.831500E-7	1.724938E-3
1.832000E-7	1.767763E-3
1.832500E-7	1.827718E-3
1.833000E-7	1.892811E-3
1.833500E-7	1.939062E-3
1.834000E-7	1.961331E-3
1.834500E-7	1.980174E-3
1.835000E-7	1.999017E-3
1.835500E-7	2.004156E-3
1.836000E-7	2.005869E-3
1.836500E-7	2.016147E-3
1.837000E-7	2.033277E-3
1.837500E-7	2.048694E-3
1.838000E-7	2.076101E-3
1.838500E-7	2.115500E-3
1.839000E-7	2.141195E-3
1.839500E-7	2.129204E-3
1.840000E-7	2.096657E-3
1.840500E-7	2.046981E-3
1.841000E-7	1.963044E-3
1.841500E-7	1.841422E-3
1.842000E-7	1.714661E-3
1.842500E-7	1.596464E-3
1.843000E-7	1.493685E-3
1.843500E-7	1.402896E-3
1.844000E-7	1.318960E-3
1.844500E-7	1.245301E-3
1.845000E-7	1.205903E-3
1.845500E-7	1.229884E-3
1.846000E-7	1.300117E-3
1.846500E-7	1.392618E-3
1.847000E-7	1.507389E-3
1.847500E-7	1.639289E-3
1.848000E-7	1.759198E-3
1.848500E-7	1.841422E-3
1.849000E-7	1.885960E-3
1.849500E-7	1.891098E-3
1.850000E-7	1.851700E-3
1.850500E-7	1.779754E-3
1.851000E-7	1.707809E-3
1.851500E-7	1.634150E-3
1.852000E-7	1.534797E-3
1.852500E-7	1.426878E-3
1.853000E-7	1.356646E-3
1.853500E-7	1.330951E-3
1.854000E-7	1.332664E-3
1.854500E-7	1.361785E-3
1.855000E-7	1.423452E-3
1.855500E-7	1.493685E-3
1.856000E-7	1.550213E-3
1.856500E-7	1.596464E-3
1.857000E-7	1.641002E-3
1.857500E-7	1.683827E-3
1.858000E-7	1.723225E-3
1.858500E-7	1.759198E-3
1.859000E-7	1.779754E-3
1.859500E-7	1.781467E-3
1.860000E-7	1.762624E-3
1.860500E-7	1.731790E-3
1.861000E-7	1.697531E-3
1.861500E-7	1.658132E-3
1.862000E-7	1.618733E-3
1.862500E-7	1.623872E-3
1.863000E-7	1.678688E-3
1.863500E-7	1.738642E-3
1.864000E-7	1.781467E-3
1.864500E-7	1.849987E-3
1.865000E-7	1.952766E-3
1.865500E-7	2.046981E-3
1.866000E-7	2.112074E-3
1.866500E-7	2.158325E-3
1.867000E-7	2.173742E-3
1.867500E-7	2.148047E-3
1.868000E-7	2.091518E-3
1.868500E-7	2.005869E-3
1.869000E-7	1.891098E-3
1.869500E-7	1.760911E-3
1.870000E-7	1.627298E-3
1.870500E-7	1.500537E-3
1.871000E-7	1.423452E-3
1.871500E-7	1.406322E-3
1.872000E-7	1.423452E-3
1.872500E-7	1.466277E-3
1.873000E-7	1.536510E-3
1.873500E-7	1.625585E-3
1.874000E-7	1.718087E-3
1.874500E-7	1.795171E-3
1.875000E-7	1.836283E-3
1.875500E-7	1.858552E-3
1.876000E-7	1.880821E-3
1.876500E-7	1.891098E-3
1.877000E-7	1.858552E-3
1.877500E-7	1.803736E-3
1.878000E-7	1.750633E-3
1.878500E-7	1.694105E-3
1.879000E-7	1.629011E-3
1.879500E-7	1.570769E-3
1.880000E-7	1.522806E-3
1.880500E-7	1.479981E-3
1.881000E-7	1.455999E-3
1.881500E-7	1.449147E-3
1.882000E-7	1.445721E-3
1.882500E-7	1.459425E-3
1.883000E-7	1.495398E-3
1.883500E-7	1.527945E-3
1.884000E-7	1.539936E-3
1.884500E-7	1.550213E-3
1.885000E-7	1.569056E-3
1.885500E-7	1.579334E-3
1.886000E-7	1.565630E-3
1.886500E-7	1.538223E-3
1.887000E-7	1.507389E-3
1.887500E-7	1.473129E-3
1.888000E-7	1.425165E-3
1.888500E-7	1.363498E-3
1.889000E-7	1.305256E-3
1.889500E-7	1.253866E-3
1.890000E-7	1.202477E-3
1.890500E-7	1.169930E-3
1.891000E-7	1.166504E-3
1.891500E-7	1.187060E-3
1.892000E-7	1.231597E-3
1.892500E-7	1.303543E-3
1.893000E-7	1.389192E-3
1.893500E-7	1.454286E-3
1.894000E-7	1.512528E-3
1.894500E-7	1.572482E-3
1.895000E-7	1.623872E-3
1.895500E-7	1.663271E-3
1.896000E-7	1.687253E-3
1.896500E-7	1.685540E-3
1.897000E-7	1.649567E-3
1.897500E-7	1.598177E-3
1.898000E-7	1.572482E-3
1.898500E-7	1.577621E-3
1.899000E-7	1.598177E-3
1.899500E-7	1.618733E-3
1.900000E-7	1.651280E-3
1.900500E-7	1.695818E-3
1.901000E-7	1.736929E-3
1.901500E-7	1.757485E-3
1.902000E-7	1.771189E-3
1.902500E-7	1.783180E-3
1.903000E-7	1.771189E-3
1.903500E-7	1.728364E-3
1.904000E-7	1.676975E-3
1.904500E-7	1.615307E-3
1.905000E-7	1.539936E-3
1.905500E-7	1.467990E-3
1.906000E-7	1.414887E-3
1.906500E-7	1.373776E-3
1.907000E-7	1.354933E-3
1.907500E-7	1.370350E-3
1.908000E-7	1.402896E-3
1.908500E-7	1.445721E-3
1.909000E-7	1.512528E-3
1.909500E-7	1.579334E-3
1.910000E-7	1.625585E-3
1.910500E-7	1.664984E-3
1.911000E-7	1.704383E-3
1.911500E-7	1.711235E-3
1.912000E-7	1.682114E-3
1.912500E-7	1.647854E-3
1.913000E-7	1.613594E-3
1.913500E-7	1.563917E-3
1.914000E-7	1.498824E-3
1.914500E-7	1.438869E-3
1.915000E-7	1.396044E-3
1.915500E-7	1.365211E-3
1.916000E-7	1.325812E-3
1.916500E-7	1.289839E-3
1.917000E-7	1.288126E-3
1.917500E-7	1.320673E-3
1.918000E-7	1.363498E-3
1.918500E-7	1.411461E-3
1.919000E-7	1.462851E-3
1.919500E-7	1.495398E-3
1.920000E-7	1.509102E-3
1.920500E-7	1.522806E-3
1.921000E-7	1.533084E-3
1.921500E-7	1.515954E-3
1.922000E-7	1.478268E-3
1.922500E-7	1.435443E-3
1.923000E-7	1.385766E-3
1.923500E-7	1.320673E-3
1.924000E-7	1.247014E-3
1.924500E-7	1.195625E-3
1.925000E-7	1.178495E-3
1.925500E-7	1.175069E-3
1.926000E-7	1.175069E-3
1.926500E-7	1.199051E-3
1.927000E-7	1.257292E-3
1.927500E-7	1.306969E-3
1.928000E-7	1.329238E-3
1.928500E-7	1.366924E-3
1.929000E-7	1.435443E-3
1.929500E-7	1.497111E-3
1.930000E-7	1.533084E-3
1.930500E-7	1.553639E-3
1.931000E-7	1.551926E-3
1.931500E-7	1.534797E-3
1.932000E-7	1.524519E-3
1.932500E-7	1.524519E-3
1.933000E-7	1.526232E-3
1.933500E-7	1.548501E-3
1.934000E-7	1.605029E-3
1.934500E-7	1.668410E-3
1.935000E-7	1.716374E-3
1.935500E-7	1.762624E-3
1.936000E-7	1.808875E-3
1.936500E-7	1.841422E-3
1.937000E-7	1.853413E-3
1.937500E-7	1.843135E-3
1.938000E-7	1.812301E-3
1.938500E-7	1.767763E-3
1.939000E-7	1.697531E-3
1.939500E-7	1.599890E-3
1.940000E-7	1.505676E-3
1.940500E-7	1.432017E-3
1.941000E-7	1.368637E-3
1.941500E-7	1.310395E-3
1.942000E-7	1.269283E-3
1.942500E-7	1.253866E-3
1.943000E-7	1.264144E-3
1.943500E-7	1.305256E-3
1.944000E-7	1.363498E-3
1.944500E-7	1.425165E-3
1.945000E-7	1.502250E-3
1.945500E-7	1.596464E-3
1.946000E-7	1.675262E-3
1.946500E-7	1.724938E-3
1.947000E-7	1.767763E-3
1.947500E-7	1.817440E-3
1.948000E-7	1.872256E-3
1.948500E-7	1.918506E-3
1.949000E-7	1.952766E-3
1.949500E-7	1.992165E-3
1.950000E-7	2.041842E-3
1.950500E-7	2.081240E-3
1.951000E-7	2.103509E-3
1.951500E-7	2.113787E-3
1.952000E-7	2.103509E-3
1.952500E-7	2.062397E-3
1.953000E-7	2.007582E-3
1.953500E-7	1.947627E-3
1.954000E-7	1.856839E-3
1.954500E-7	1.740355E-3
1.955000E-7	1.642715E-3
1.955500E-7	1.558778E-3
1.956000E-7	1.478268E-3
1.956500E-7	1.420026E-3
1.957000E-7	1.390905E-3
1.957500E-7	1.377202E-3
1.958000E-7	1.402896E-3
1.958500E-7	1.466277E-3
1.959000E-7	1.536510E-3
1.959500E-7	1.581047E-3
1.960000E-7	1.608455E-3
1.960500E-7	1.629011E-3
1.961000E-7	1.623872E-3
1.961500E-7	1.599890E-3
1.962000E-7	1.572482E-3
1.962500E-7	1.539936E-3
1.963000E-7	1.495398E-3
1.963500E-7	1.445721E-3
1.964000E-7	1.390905E-3
1.964500E-7	1.334377E-3
1.965000E-7	1.300117E-3
1.965500E-7	1.306969E-3
1.966000E-7	1.339516E-3
1.966500E-7	1.385766E-3
1.967000E-7	1.457712E-3
1.967500E-7	1.558778E-3
1.968000E-7	1.668410E-3
1.968500E-7	1.774615E-3
1.969000E-7	1.867117E-3
1.969500E-7	1.940775E-3
1.970000E-7	1.988739E-3
1.970500E-7	2.009295E-3
1.971000E-7	2.000730E-3
1.971500E-7	1.942488E-3
1.972000E-7	1.839709E-3
1.972500E-7	1.731790E-3
1.973000E-7	1.629011E-3
1.973500E-7	1.505676E-3
1.974000E-7	1.378914E-3
1.974500E-7	1.308682E-3
1.975000E-7	1.296691E-3
1.975500E-7	1.308682E-3
1.976000E-7	1.344655E-3
1.976500E-7	1.402896E-3
1.977000E-7	1.471416E-3
1.977500E-7	1.529658E-3
1.978000E-7	1.577621E-3
1.978500E-7	1.611881E-3
1.979000E-7	1.635863E-3
1.979500E-7	1.647854E-3
1.980000E-7	1.639289E-3
1.980500E-7	1.618733E-3
1.981000E-7	1.608455E-3
1.981500E-7	1.596464E-3
1.982000E-7	1.579334E-3
1.982500E-7	1.572482E-3
1.983000E-7	1.563917E-3
1.983500E-7	1.553639E-3
1.984000E-7	1.562204E-3
1.984500E-7	1.586186E-3
1.985000E-7	1.608455E-3
1.985500E-7	1.635863E-3
1.986000E-7	1.676975E-3
1.986500E-7	1.716374E-3
1.987000E-7	1.742068E-3
1.987500E-7	1.766050E-3
1.988000E-7	1.774615E-3
1.988500E-7	1.776328E-3
1.989000E-7	1.796884E-3
1.989500E-7	1.831144E-3
1.990000E-7	1.839709E-3
1.990500E-7	1.815727E-3
1.991000E-7	1.764337E-3
1.991500E-7	1.690679E-3
1.992000E-7	1.606742E-3
1.992500E-7	1.531371E-3
1.993000E-7	1.461138E-3
1.993500E-7	1.390905E-3
1.994000E-7	1.337803E-3
1.994500E-7	1.306969E-3
1.995000E-7	1.293265E-3
1.995500E-7	1.310395E-3
1.996000E-7	1.365211E-3
1.996500E-7	1.457712E-3
1.997000E-7	1.575908E-3
1.997500E-7	1.702670E-3
1.998000E-7	1.832857E-3
1.998500E-7	1.973322E-3
1.999000E-7	2.113787E-3
1.999500E-7	2.202863E-3
2.000000E-7	2.238835E-3
