Study Name	Tungsten_Calibration
Sample Name	2024-04-04
Run Name	spot14
Operator	Jonas
Date	4/4/2024
Time	10:51 AM
Sign	POS
Grating Spacing	07.6 um
Channel	3
Number Traces	6000
Files in Batch	1
Batch Number	1
dt	50.000001E-12
time stamp (ms)	10:52:05 AM
	
Time	Amplitude
0.000000E+0	-7.160129E-4
5.000000E-11	-7.571247E-4
1.000000E-10	-7.845325E-4
1.500000E-10	-7.708286E-4
2.000000E-10	-7.365688E-4
2.500000E-10	-6.954571E-4
3.000000E-10	-6.269375E-4
3.500000E-10	-5.412880E-4
4.000000E-10	-4.573515E-4
4.500000E-10	-3.785539E-4
5.000000E-10	-3.014694E-4
5.500000E-10	-2.175329E-4
6.000000E-10	-1.284574E-4
6.500000E-10	-5.822481E-5
7.000000E-10	-1.882604E-5
7.500000E-10	-1.197408E-5
8.000000E-10	-2.910398E-5
8.500000E-10	-7.535471E-5
9.000000E-10	-1.438743E-4
9.500000E-10	-2.312368E-4
1.000000E-9	-3.408681E-4
1.050000E-9	-4.590645E-4
1.100000E-9	-5.669828E-4
1.150000E-9	-6.423544E-4
1.200000E-9	-6.920311E-4
1.250000E-9	-7.365688E-4
1.300000E-9	-7.725416E-4
1.350000E-9	-7.845325E-4
1.400000E-9	-7.725416E-4
1.450000E-9	-7.519857E-4
1.500000E-9	-7.160129E-4
1.550000E-9	-6.680492E-4
1.600000E-9	-6.286505E-4
1.650000E-9	-6.063816E-4
1.700000E-9	-5.875387E-4
1.750000E-9	-5.823997E-4
1.800000E-9	-5.892517E-4
1.850000E-9	-6.046686E-4
1.900000E-9	-6.080946E-4
1.950000E-9	-5.858257E-4
2.000000E-9	-5.618439E-4
2.050000E-9	-5.567049E-4
2.100000E-9	-5.430010E-4
2.150000E-9	-4.898983E-4
2.200000E-9	-4.248047E-4
2.250000E-9	-3.922578E-4
2.300000E-9	-3.734150E-4
2.350000E-9	-3.511461E-4
2.400000E-9	-3.425811E-4
2.450000E-9	-3.562851E-4
2.500000E-9	-4.042488E-4
2.550000E-9	-4.881853E-4
2.600000E-9	-5.669828E-4
2.650000E-9	-6.166595E-4
2.700000E-9	-6.714752E-4
2.750000E-9	-7.451338E-4
2.800000E-9	-8.016624E-4
2.850000E-9	-8.205053E-4
2.900000E-9	-8.393482E-4
2.950000E-9	-8.444872E-4
3.000000E-9	-8.153664E-4
3.050000E-9	-7.691156E-4
3.100000E-9	-7.331428E-4
3.150000E-9	-7.074480E-4
3.200000E-9	-6.766142E-4
3.250000E-9	-6.115206E-4
3.300000E-9	-5.344360E-4
3.350000E-9	-4.847593E-4
3.400000E-9	-4.642034E-4
3.450000E-9	-4.419346E-4
3.500000E-9	-4.316566E-4
3.550000E-9	-4.402216E-4
3.600000E-9	-4.539255E-4
3.650000E-9	-4.659164E-4
3.700000E-9	-4.933243E-4
3.750000E-9	-5.155931E-4
3.800000E-9	-5.241581E-4
3.850000E-9	-5.327230E-4
3.900000E-9	-5.447140E-4
3.950000E-9	-5.395750E-4
4.000000E-9	-5.241581E-4
4.050000E-9	-5.155931E-4
4.100000E-9	-5.001762E-4
4.150000E-9	-4.727684E-4
4.200000E-9	-4.522125E-4
4.250000E-9	-4.453605E-4
4.300000E-9	-4.385086E-4
4.350000E-9	-4.196657E-4
4.400000E-9	-3.785539E-4
4.450000E-9	-3.288772E-4
4.500000E-9	-2.929044E-4
4.550000E-9	-2.774875E-4
4.600000E-9	-2.620706E-4
4.650000E-9	-2.483667E-4
4.700000E-9	-2.706356E-4
4.750000E-9	-3.477201E-4
4.800000E-9	-4.350826E-4
4.850000E-9	-5.053152E-4
4.900000E-9	-5.635568E-4
4.950000E-9	-6.166595E-4
5.000000E-9	-6.594843E-4
5.050000E-9	-6.714752E-4
5.100000E-9	-6.526323E-4
5.150000E-9	-6.098076E-4
5.200000E-9	-5.464269E-4
5.250000E-9	-4.847593E-4
5.300000E-9	-4.504995E-4
5.350000E-9	-4.539255E-4
5.400000E-9	-4.659164E-4
5.450000E-9	-5.036022E-4
5.500000E-9	-5.704088E-4
5.550000E-9	-6.663362E-4
5.600000E-9	-7.674026E-4
5.650000E-9	-8.804600E-4
5.700000E-9	-9.678225E-4
5.750000E-9	-9.935173E-4
5.800000E-9	-9.729614E-4
5.850000E-9	-9.267107E-4
5.900000E-9	-8.376352E-4
5.950000E-9	-7.194389E-4
6.000000E-9	-6.012426E-4
6.050000E-9	-4.744814E-4
6.100000E-9	-3.220253E-4
6.150000E-9	-1.918380E-4
6.200000E-9	-1.181795E-4
6.250000E-9	-9.077161E-5
6.300000E-9	-1.164665E-4
6.350000E-9	-2.123939E-4
6.400000E-9	-3.614240E-4
6.450000E-9	-5.258711E-4
6.500000E-9	-6.937441E-4
6.550000E-9	-8.564781E-4
6.600000E-9	-1.005508E-3
6.650000E-9	-1.144260E-3
6.700000E-9	-1.255605E-3
6.750000E-9	-1.318985E-3
6.800000E-9	-1.320698E-3
6.850000E-9	-1.264170E-3
6.900000E-9	-1.178520E-3
6.950000E-9	-1.075741E-3
7.000000E-9	-9.729614E-4
7.050000E-9	-8.650431E-4
7.100000E-9	-7.622637E-4
7.150000E-9	-6.611973E-4
7.200000E-9	-5.635568E-4
7.250000E-9	-4.864723E-4
7.300000E-9	-4.385086E-4
7.350000E-9	-4.093877E-4
7.400000E-9	-3.956838E-4
7.450000E-9	-4.008228E-4
7.500000E-9	-4.093877E-4
7.550000E-9	-3.905449E-4
7.600000E-9	-3.579980E-4
7.650000E-9	-3.391552E-4
7.700000E-9	-3.323032E-4
7.750000E-9	-3.203123E-4
7.800000E-9	-3.151733E-4
7.850000E-9	-3.203123E-4
7.900000E-9	-3.288772E-4
7.950000E-9	-3.357292E-4
8.000000E-9	-3.511461E-4
8.050000E-9	-3.614240E-4
8.100000E-9	-3.717020E-4
8.150000E-9	-4.025358E-4
8.200000E-9	-4.453605E-4
8.250000E-9	-4.693424E-4
8.300000E-9	-4.504995E-4
8.350000E-9	-4.162397E-4
8.400000E-9	-3.785539E-4
8.450000E-9	-3.425811E-4
8.500000E-9	-3.203123E-4
8.550000E-9	-3.237382E-4
8.600000E-9	-3.374422E-4
8.650000E-9	-3.477201E-4
8.700000E-9	-3.357292E-4
8.750000E-9	-3.134603E-4
8.800000E-9	-2.980434E-4
8.850000E-9	-2.843395E-4
8.900000E-9	-2.603576E-4
8.950000E-9	-2.346628E-4
9.000000E-9	-2.141069E-4
9.050000E-9	-1.901250E-4
9.100000E-9	-1.490133E-4
9.150000E-9	-8.220666E-5
9.200000E-9	1.729843E-6
9.250000E-9	8.737934E-5
9.300000E-9	1.661769E-4
9.350000E-9	2.346965E-4
9.400000E-9	3.083550E-4
9.450000E-9	3.974305E-4
9.500000E-9	4.899320E-4
9.550000E-9	5.396087E-4
9.600000E-9	5.515996E-4
9.650000E-9	5.567386E-4
9.700000E-9	5.550256E-4
9.750000E-9	5.156268E-4
9.800000E-9	4.368293E-4
9.850000E-9	3.494668E-4
9.900000E-9	2.501134E-4
9.950000E-9	1.233521E-4
1.000000E-8	-3.766893E-5
1.005000E-8	-2.243848E-4
1.010000E-8	-4.162397E-4
1.015000E-8	-5.909647E-4
1.020000E-8	-7.485598E-4
1.025000E-8	-8.855990E-4
1.030000E-8	-9.832394E-4
1.035000E-8	-1.041481E-3
1.040000E-8	-1.065463E-3
1.045000E-8	-1.046620E-3
1.050000E-8	-9.643965E-4
1.055000E-8	-8.547651E-4
1.060000E-8	-7.502727E-4
1.065000E-8	-6.389284E-4
1.070000E-8	-5.224451E-4
1.075000E-8	-4.230917E-4
1.080000E-8	-3.477201E-4
1.085000E-8	-2.946174E-4
1.090000E-8	-2.689226E-4
1.095000E-8	-2.774875E-4
1.100000E-8	-2.860525E-4
1.105000E-8	-2.774875E-4
1.110000E-8	-2.672096E-4
1.115000E-8	-2.517927E-4
1.120000E-8	-2.175329E-4
1.125000E-8	-1.712821E-4
1.130000E-8	-1.198924E-4
1.135000E-8	-5.137285E-5
1.140000E-8	1.029479E-5
1.145000E-8	4.969356E-5
1.150000E-8	7.196243E-5
1.155000E-8	8.224037E-5
1.160000E-8	4.455459E-5
1.165000E-8	-3.424295E-5
1.170000E-8	-1.181795E-4
1.175000E-8	-1.952640E-4
1.180000E-8	-2.774875E-4
1.185000E-8	-3.734150E-4
1.190000E-8	-4.693424E-4
1.195000E-8	-5.515659E-4
1.200000E-8	-6.029556E-4
1.205000E-8	-6.337894E-4
1.210000E-8	-6.389284E-4
1.215000E-8	-6.115206E-4
1.220000E-8	-5.498529E-4
1.225000E-8	-4.676294E-4
1.230000E-8	-3.751279E-4
1.235000E-8	-2.843395E-4
1.240000E-8	-2.175329E-4
1.245000E-8	-1.798471E-4
1.250000E-8	-1.610042E-4
1.255000E-8	-1.524393E-4
1.260000E-8	-1.524393E-4
1.265000E-8	-1.610042E-4
1.270000E-8	-1.747081E-4
1.275000E-8	-1.695692E-4
1.280000E-8	-1.318834E-4
1.285000E-8	-8.220666E-5
1.290000E-8	-4.965986E-5
1.295000E-8	-2.567800E-5
1.300000E-8	-1.696137E-6
1.305000E-8	6.868813E-6
1.310000E-8	1.685294E-8
1.315000E-8	-1.882604E-5
1.320000E-8	-4.280790E-5
1.325000E-8	-6.336378E-5
1.330000E-8	-6.507677E-5
1.335000E-8	-4.965986E-5
1.340000E-8	-8.548097E-6
1.345000E-8	6.682346E-5
1.350000E-8	1.747418E-4
1.355000E-8	3.152070E-4
1.360000E-8	5.259048E-4
1.365000E-8	8.188261E-4
1.370000E-8	1.183693E-3
1.375000E-8	1.632496E-3
1.380000E-8	2.182366E-3
1.385000E-8	2.795616E-3
1.390000E-8	3.439701E-3
1.395000E-8	4.143740E-3
1.400000E-8	4.912872E-3
1.405000E-8	5.673440E-3
1.410000E-8	6.387756E-3
1.415000E-8	7.043832E-3
1.420000E-8	7.643378E-3
1.425000E-8	8.174405E-3
1.430000E-8	8.624921E-3
1.435000E-8	8.986362E-3
1.440000E-8	9.280996E-3
1.445000E-8	9.548223E-3
1.450000E-8	9.798319E-3
1.455000E-8	1.003643E-2
1.460000E-8	1.028823E-2
1.465000E-8	1.056574E-2
1.470000E-8	1.086209E-2
1.475000E-8	1.119441E-2
1.480000E-8	1.158154E-2
1.485000E-8	1.202178E-2
1.490000E-8	1.249457E-2
1.495000E-8	1.296564E-2
1.500000E-8	1.340245E-2
1.505000E-8	1.375704E-2
1.510000E-8	1.401399E-2
1.515000E-8	1.419214E-2
1.520000E-8	1.428807E-2
1.525000E-8	1.432746E-2
1.530000E-8	1.434459E-2
1.535000E-8	1.434288E-2
1.540000E-8	1.428635E-2
1.545000E-8	1.416644E-2
1.550000E-8	1.402427E-2
1.555000E-8	1.386324E-2
1.560000E-8	1.365940E-2
1.565000E-8	1.340930E-2
1.570000E-8	1.309583E-2
1.575000E-8	1.271897E-2
1.580000E-8	1.229928E-2
1.585000E-8	1.182479E-2
1.590000E-8	1.126806E-2
1.595000E-8	1.065995E-2
1.600000E-8	1.004670E-2
1.605000E-8	9.436879E-3
1.610000E-8	8.830480E-3
1.615000E-8	8.263480E-3
1.620000E-8	7.754722E-3
1.625000E-8	7.321336E-3
1.630000E-8	6.966747E-3
1.635000E-8	6.685817E-3
1.640000E-8	6.471693E-3
1.645000E-8	6.307246E-3
1.650000E-8	6.187337E-3
1.655000E-8	6.094835E-3
1.660000E-8	6.028029E-3
1.665000E-8	5.978352E-3
1.670000E-8	5.957796E-3
1.675000E-8	5.957796E-3
1.680000E-8	5.969787E-3
1.685000E-8	6.009186E-3
1.690000E-8	6.108539E-3
1.695000E-8	6.267847E-3
1.700000E-8	6.469980E-3
1.705000E-8	6.714937E-3
1.710000E-8	7.004433E-3
1.715000E-8	7.329901E-3
1.720000E-8	7.682777E-3
1.725000E-8	8.045931E-3
1.730000E-8	8.391955E-3
1.735000E-8	8.724275E-3
1.740000E-8	9.036039E-3
1.745000E-8	9.303265E-3
1.750000E-8	9.517389E-3
1.755000E-8	9.705818E-3
1.760000E-8	9.877117E-3
1.765000E-8	1.002786E-2
1.770000E-8	1.016147E-2
1.775000E-8	1.030536E-2
1.780000E-8	1.045953E-2
1.785000E-8	1.062569E-2
1.790000E-8	1.080556E-2
1.795000E-8	1.098371E-2
1.800000E-8	1.112589E-2
1.805000E-8	1.121839E-2
1.810000E-8	1.132117E-2
1.815000E-8	1.142395E-2
1.820000E-8	1.146163E-2
1.825000E-8	1.141024E-2
1.830000E-8	1.129719E-2
1.835000E-8	1.114302E-2
1.840000E-8	1.094602E-2
1.845000E-8	1.070449E-2
1.850000E-8	1.040814E-2
1.855000E-8	1.005355E-2
1.860000E-8	9.676697E-3
1.865000E-8	9.277570E-3
1.870000E-8	8.847610E-3
1.875000E-8	8.383390E-3
1.880000E-8	7.944864E-3
1.885000E-8	7.574858E-3
1.890000E-8	7.261381E-3
1.895000E-8	6.959895E-3
1.900000E-8	6.658409E-3
1.905000E-8	6.389469E-3
1.910000E-8	6.156503E-3
1.915000E-8	5.920110E-3
1.920000E-8	5.675153E-3
1.925000E-8	5.455890E-3
1.930000E-8	5.252044E-3
1.935000E-8	5.043059E-3
1.940000E-8	4.858056E-3
1.945000E-8	4.729582E-3
1.950000E-8	4.626803E-3
1.955000E-8	4.534301E-3
1.960000E-8	4.501754E-3
1.965000E-8	4.539440E-3
1.970000E-8	4.618238E-3
1.975000E-8	4.715878E-3
1.980000E-8	4.852917E-3
1.985000E-8	5.022503E-3
1.990000E-8	5.209219E-3
1.995000E-8	5.418204E-3
2.000000E-8	5.676866E-3
2.005000E-8	5.973213E-3
2.010000E-8	6.279838E-3
2.015000E-8	6.598454E-3
2.020000E-8	6.930774E-3
2.025000E-8	7.269946E-3
2.030000E-8	7.593701E-3
2.035000E-8	7.902040E-3
2.040000E-8	8.203526E-3
2.045000E-8	8.486169E-3
2.050000E-8	8.748257E-3
2.055000E-8	9.013770E-3
2.060000E-8	9.280996E-3
2.065000E-8	9.525954E-3
2.070000E-8	9.736652E-3
2.075000E-8	9.914803E-3
2.080000E-8	1.005698E-2
2.085000E-8	1.017518E-2
2.090000E-8	1.030536E-2
2.095000E-8	1.043041E-2
2.100000E-8	1.050065E-2
2.105000E-8	1.050750E-2
2.110000E-8	1.046296E-2
2.115000E-8	1.038245E-2
2.120000E-8	1.025569E-2
2.125000E-8	1.009809E-2
2.130000E-8	9.935359E-3
2.135000E-8	9.762347E-3
2.140000E-8	9.549936E-3
2.145000E-8	9.279283E-3
2.150000E-8	8.969232E-3
2.155000E-8	8.635199E-3
2.160000E-8	8.260054E-3
2.165000E-8	7.838659E-3
2.170000E-8	7.384717E-3
2.175000E-8	6.905079E-3
2.180000E-8	6.398034E-3
2.185000E-8	5.868720E-3
2.190000E-8	5.342833E-3
2.195000E-8	4.864908E-3
2.200000E-8	4.445226E-3
2.205000E-8	4.056377E-3
2.210000E-8	3.701788E-3
2.215000E-8	3.420858E-3
2.220000E-8	3.199882E-3
2.225000E-8	3.011453E-3
2.230000E-8	2.881266E-3
2.235000E-8	2.835015E-3
2.240000E-8	2.831589E-3
2.245000E-8	2.848719E-3
2.250000E-8	2.906961E-3
2.255000E-8	3.008027E-3
2.260000E-8	3.122798E-3
2.265000E-8	3.258124E-3
2.270000E-8	3.448266E-3
2.275000E-8	3.712066E-3
2.280000E-8	4.035821E-3
2.285000E-8	4.405827E-3
2.290000E-8	4.810093E-3
2.295000E-8	5.222923E-3
2.300000E-8	5.625476E-3
2.305000E-8	5.998908E-3
2.310000E-8	6.332941E-3
2.315000E-8	6.605306E-3
2.320000E-8	6.833134E-3
2.325000E-8	7.031841E-3
2.330000E-8	7.216844E-3
2.335000E-8	7.381291E-3
2.340000E-8	7.532034E-3
2.345000E-8	7.699907E-3
2.350000E-8	7.912317E-3
2.355000E-8	8.174405E-3
2.360000E-8	8.472465E-3
2.365000E-8	8.782516E-3
2.370000E-8	9.068586E-3
2.375000E-8	9.310117E-3
2.380000E-8	9.503685E-3
2.385000E-8	9.627020E-3
2.390000E-8	9.664706E-3
2.395000E-8	9.632159E-3
2.400000E-8	9.531093E-3
2.405000E-8	9.339238E-3
2.410000E-8	9.072012E-3
2.415000E-8	8.777377E-3
2.420000E-8	8.472465E-3
2.425000E-8	8.146997E-3
2.430000E-8	7.819816E-3
2.435000E-8	7.499487E-3
2.440000E-8	7.184297E-3
2.445000E-8	6.858829E-3
2.450000E-8	6.502527E-3
2.455000E-8	6.089696E-3
2.460000E-8	5.627189E-3
2.465000E-8	5.157830E-3
2.470000E-8	4.676479E-3
2.475000E-8	4.157443E-3
2.480000E-8	3.597296E-3
2.485000E-8	3.033722E-3
2.490000E-8	2.494130E-3
2.495000E-8	2.014493E-3
2.500000E-8	1.611940E-3
2.505000E-8	1.295037E-3
2.510000E-8	1.082627E-3
2.515000E-8	9.884121E-4
2.520000E-8	1.007255E-3
2.525000E-8	1.110034E-3
2.530000E-8	1.284759E-3
2.535000E-8	1.529717E-3
2.540000E-8	1.841481E-3
2.545000E-8	2.189218E-3
2.550000E-8	2.514686E-3
2.555000E-8	2.824737E-3
2.560000E-8	3.138214E-3
2.565000E-8	3.432849E-3
2.570000E-8	3.689797E-3
2.575000E-8	3.946746E-3
2.580000E-8	4.239667E-3
2.585000E-8	4.563422E-3
2.590000E-8	4.928289E-3
2.595000E-8	5.332555E-3
2.600000E-8	5.748811E-3
2.605000E-8	6.173633E-3
2.610000E-8	6.610445E-3
2.615000E-8	7.019850E-3
2.620000E-8	7.377865E-3
2.625000E-8	7.693055E-3
2.630000E-8	7.972272E-3
2.635000E-8	8.179544E-3
2.640000E-8	8.304592E-3
2.645000E-8	8.379964E-3
2.650000E-8	8.436492E-3
2.655000E-8	8.458761E-3
2.660000E-8	8.436492E-3
2.665000E-8	8.379964E-3
2.670000E-8	8.311444E-3
2.675000E-8	8.242925E-3
2.680000E-8	8.172692E-3
2.685000E-8	8.109311E-3
2.690000E-8	8.069913E-3
2.695000E-8	8.032227E-3
2.700000E-8	7.961994E-3
2.705000E-8	7.850650E-3
2.710000E-8	7.701620E-3
2.715000E-8	7.513191E-3
2.720000E-8	7.292215E-3
2.725000E-8	7.035267E-3
2.730000E-8	6.742345E-3
2.735000E-8	6.415164E-3
2.740000E-8	6.053723E-3
2.745000E-8	5.663162E-3
2.750000E-8	5.279452E-3
2.755000E-8	4.936854E-3
2.760000E-8	4.626803E-3
2.765000E-8	4.357863E-3
2.770000E-8	4.142027E-3
2.775000E-8	3.962163E-3
2.780000E-8	3.787438E-3
2.785000E-8	3.612713E-3
2.790000E-8	3.453405E-3
2.795000E-8	3.300948E-3
2.800000E-8	3.157057E-3
2.805000E-8	3.032009E-3
2.810000E-8	2.924091E-3
2.815000E-8	2.829876E-3
2.820000E-8	2.771635E-3
2.825000E-8	2.775061E-3
2.830000E-8	2.843580E-3
2.835000E-8	2.966915E-3
2.840000E-8	3.138214E-3
2.845000E-8	3.355764E-3
2.850000E-8	3.612713E-3
2.855000E-8	3.893643E-3
2.860000E-8	4.184851E-3
2.865000E-8	4.489764E-3
2.870000E-8	4.804954E-3
2.875000E-8	5.099588E-3
2.880000E-8	5.353110E-3
2.885000E-8	5.579225E-3
2.890000E-8	5.786497E-3
2.895000E-8	5.973213E-3
2.900000E-8	6.161642E-3
2.905000E-8	6.375765E-3
2.910000E-8	6.605306E-3
2.915000E-8	6.839986E-3
2.920000E-8	7.083230E-3
2.925000E-8	7.295641E-3
2.930000E-8	7.458375E-3
2.935000E-8	7.578284E-3
2.940000E-8	7.638239E-3
2.945000E-8	7.627961E-3
2.950000E-8	7.552590E-3
2.955000E-8	7.425828E-3
2.960000E-8	7.242538E-3
2.965000E-8	7.007859E-3
2.970000E-8	6.759475E-3
2.975000E-8	6.504240E-3
2.980000E-8	6.257569E-3
2.985000E-8	6.046871E-3
2.990000E-8	5.860155E-3
2.995000E-8	5.654597E-3
3.000000E-8	5.419917E-3
3.005000E-8	5.162969E-3
3.010000E-8	4.890603E-3
3.015000E-8	4.611386E-3
3.020000E-8	4.330455E-3
3.025000E-8	4.030682E-3
3.030000E-8	3.736048E-3
3.035000E-8	3.472247E-3
3.040000E-8	3.223864E-3
3.045000E-8	2.970341E-3
3.050000E-8	2.728810E-3
3.055000E-8	2.511260E-3
3.060000E-8	2.297136E-3
3.065000E-8	2.079587E-3
3.070000E-8	1.862037E-3
3.075000E-8	1.649626E-3
3.080000E-8	1.457771E-3
3.085000E-8	1.291611E-3
3.090000E-8	1.152859E-3
3.095000E-8	1.062071E-3
3.100000E-8	1.043228E-3
3.105000E-8	1.086052E-3
3.110000E-8	1.178554E-3
3.115000E-8	1.337862E-3
3.120000E-8	1.553699E-3
3.125000E-8	1.805508E-3
3.130000E-8	2.093291E-3
3.135000E-8	2.405055E-3
3.140000E-8	2.720245E-3
3.145000E-8	3.016592E-3
3.150000E-8	3.295810E-3
3.155000E-8	3.566462E-3
3.160000E-8	3.833688E-3
3.165000E-8	4.111193E-3
3.170000E-8	4.376706E-3
3.175000E-8	4.614812E-3
3.180000E-8	4.834075E-3
3.185000E-8	5.049911E-3
3.190000E-8	5.262322E-3
3.195000E-8	5.474733E-3
3.200000E-8	5.687144E-3
3.205000E-8	5.878998E-3
3.210000E-8	6.045158E-3
3.215000E-8	6.178772E-3
3.220000E-8	6.259282E-3
3.225000E-8	6.288403E-3
3.230000E-8	6.281551E-3
3.235000E-8	6.243865E-3
3.240000E-8	6.183911E-3
3.245000E-8	6.129095E-3
3.250000E-8	6.072566E-3
3.255000E-8	5.992056E-3
3.260000E-8	5.897841E-3
3.265000E-8	5.791636E-3
3.270000E-8	5.637467E-3
3.275000E-8	5.438760E-3
3.280000E-8	5.226349E-3
3.285000E-8	4.979679E-3
3.290000E-8	4.691896E-3
3.295000E-8	4.374993E-3
3.300000E-8	4.015265E-3
3.305000E-8	3.588731E-3
3.310000E-8	3.126224E-3
3.315000E-8	2.658577E-3
3.320000E-8	2.214913E-3
3.325000E-8	1.815786E-3
3.330000E-8	1.454345E-3
3.335000E-8	1.103182E-3
3.340000E-8	7.845663E-4
3.345000E-8	5.618776E-4
3.350000E-8	4.299773E-4
3.355000E-8	3.494668E-4
3.360000E-8	3.203460E-4
3.365000E-8	3.546058E-4
3.370000E-8	4.402553E-4
3.375000E-8	5.618776E-4
3.380000E-8	7.091947E-4
3.385000E-8	8.890586E-4
3.390000E-8	1.096330E-3
3.395000E-8	1.312167E-3
3.400000E-8	1.510874E-3
3.405000E-8	1.699303E-3
3.410000E-8	1.896297E-3
3.415000E-8	2.093291E-3
3.420000E-8	2.286858E-3
3.425000E-8	2.511260E-3
3.430000E-8	2.769922E-3
3.435000E-8	3.032009E-3
3.440000E-8	3.304374E-3
3.445000E-8	3.602435E-3
3.450000E-8	3.907347E-3
3.455000E-8	4.200268E-3
3.460000E-8	4.477773E-3
3.465000E-8	4.739860E-3
3.470000E-8	4.976253E-3
3.475000E-8	5.192089E-3
3.480000E-8	5.373666E-3
3.485000E-8	5.495289E-3
3.490000E-8	5.575799E-3
3.495000E-8	5.635754E-3
3.500000E-8	5.693995E-3
3.505000E-8	5.755663E-3
3.510000E-8	5.841313E-3
3.515000E-8	5.918397E-3
3.520000E-8	5.956083E-3
3.525000E-8	5.964648E-3
3.530000E-8	5.937240E-3
3.535000E-8	5.861868E-3
3.540000E-8	5.743672E-3
3.545000E-8	5.606633E-3
3.550000E-8	5.435334E-3
3.555000E-8	5.207506E-3
3.560000E-8	4.921437E-3
3.565000E-8	4.595969E-3
3.570000E-8	4.248232E-3
3.575000E-8	3.881652E-3
3.580000E-8	3.518498E-3
3.585000E-8	3.167335E-3
3.590000E-8	2.831589E-3
3.595000E-8	2.511260E-3
3.600000E-8	2.218339E-3
3.605000E-8	1.969955E-3
3.610000E-8	1.762684E-3
3.615000E-8	1.579394E-3
3.620000E-8	1.402956E-3
3.625000E-8	1.216240E-3
3.630000E-8	1.032950E-3
3.635000E-8	8.616508E-4
3.640000E-8	6.989168E-4
3.645000E-8	5.361827E-4
3.650000E-8	3.751617E-4
3.655000E-8	2.295575E-4
3.660000E-8	1.130742E-4
3.665000E-8	3.427665E-5
3.670000E-8	-8.548097E-6
3.675000E-8	-2.396501E-5
3.680000E-8	-1.026109E-5
3.685000E-8	3.256366E-5
3.690000E-8	1.096482E-4
3.695000E-8	2.244185E-4
3.700000E-8	3.734487E-4
3.705000E-8	5.464606E-4
3.710000E-8	7.571584E-4
3.715000E-8	1.019246E-3
3.720000E-8	1.307028E-3
3.725000E-8	1.605088E-3
3.730000E-8	1.916853E-3
3.735000E-8	2.252599E-3
3.740000E-8	2.595197E-3
3.745000E-8	2.912100E-3
3.750000E-8	3.193030E-3
3.755000E-8	3.455118E-3
3.760000E-8	3.712066E-3
3.765000E-8	3.953598E-3
3.770000E-8	4.148879E-3
3.775000E-8	4.294483E-3
3.780000E-8	4.392123E-3
3.785000E-8	4.426383E-3
3.790000E-8	4.395549E-3
3.795000E-8	4.327029E-3
3.800000E-8	4.246519E-3
3.805000E-8	4.148879E-3
3.810000E-8	4.042673E-3
3.815000E-8	3.931329E-3
3.820000E-8	3.806281E-3
3.825000E-8	3.658963E-3
3.830000E-8	3.503081E-3
3.835000E-8	3.348912E-3
3.840000E-8	3.184465E-3
3.845000E-8	3.014879E-3
3.850000E-8	2.862423E-3
3.855000E-8	2.708254E-3
3.860000E-8	2.526677E-3
3.865000E-8	2.321118E-3
3.870000E-8	2.101856E-3
3.875000E-8	1.855185E-3
3.880000E-8	1.577681E-3
3.885000E-8	1.307028E-3
3.890000E-8	1.067210E-3
3.895000E-8	8.599378E-4
3.900000E-8	6.766479E-4
3.905000E-8	5.002099E-4
3.910000E-8	3.237720E-4
3.915000E-8	1.781678E-4
3.920000E-8	6.682346E-5
3.925000E-8	-5.137285E-5
3.930000E-8	-1.661432E-4
3.935000E-8	-2.312368E-4
3.940000E-8	-2.500797E-4
3.945000E-8	-2.432277E-4
3.950000E-8	-1.747081E-4
3.955000E-8	-2.396501E-5
3.960000E-8	1.713158E-4
3.965000E-8	3.888656E-4
3.970000E-8	6.372491E-4
3.975000E-8	9.113275E-4
3.980000E-8	1.205962E-3
3.985000E-8	1.516013E-3
3.990000E-8	1.820925E-3
3.995000E-8	2.115559E-3
4.000000E-8	2.420472E-3
4.005000E-8	2.723671E-3
4.010000E-8	2.989184E-3
4.015000E-8	3.211873E-3
4.020000E-8	3.386598E-3
4.025000E-8	3.515072E-3
4.030000E-8	3.626417E-3
4.035000E-8	3.753178E-3
4.040000E-8	3.879939E-3
4.045000E-8	3.992996E-3
4.050000E-8	4.112906E-3
4.055000E-8	4.239667E-3
4.060000E-8	4.363002E-3
4.065000E-8	4.494902E-3
4.070000E-8	4.652498E-3
4.075000E-8	4.815232E-3
4.080000E-8	4.965975E-3
4.085000E-8	5.099588E-3
4.090000E-8	5.209219E-3
4.095000E-8	5.279452E-3
4.100000E-8	5.301721E-3
4.105000E-8	5.245192E-3
4.110000E-8	5.089310E-3
4.115000E-8	4.846065E-3
4.120000E-8	4.537727E-3
4.125000E-8	4.166008E-3
4.130000E-8	3.744613E-3
4.135000E-8	3.324930E-3
4.140000E-8	2.917239E-3
4.145000E-8	2.504408E-3
4.150000E-8	2.108707E-3
4.155000E-8	1.766109E-3
4.160000E-8	1.459484E-3
4.165000E-8	1.181980E-3
4.170000E-8	9.695692E-4
4.175000E-8	8.222520E-4
4.180000E-8	6.783609E-4
4.185000E-8	5.190528E-4
4.190000E-8	3.700227E-4
4.195000E-8	2.209926E-4
4.200000E-8	4.969356E-5
4.205000E-8	-1.353094E-4
4.210000E-8	-3.203123E-4
4.215000E-8	-4.847593E-4
4.220000E-8	-6.149465E-4
4.225000E-8	-6.886051E-4
4.230000E-8	-6.834661E-4
4.235000E-8	-5.858257E-4
4.240000E-8	-4.196657E-4
4.245000E-8	-2.004030E-4
4.250000E-8	5.997150E-5
4.255000E-8	3.357629E-4
4.260000E-8	6.132673E-4
4.265000E-8	9.147535E-4
4.270000E-8	1.240222E-3
4.275000E-8	1.558838E-3
4.280000E-8	1.875741E-3
4.285000E-8	2.192644E-3
4.290000E-8	2.459870E-3
4.295000E-8	2.673994E-3
4.300000E-8	2.884692E-3
4.305000E-8	3.100529E-3
4.310000E-8	3.290671E-3
4.315000E-8	3.460257E-3
4.320000E-8	3.626417E-3
4.325000E-8	3.770308E-3
4.330000E-8	3.881652E-3
4.335000E-8	3.967302E-3
4.340000E-8	4.028969E-3
4.345000E-8	4.063229E-3
4.350000E-8	4.087211E-3
4.355000E-8	4.107767E-3
4.360000E-8	4.094063E-3
4.365000E-8	4.022117E-3
4.370000E-8	3.897069E-3
4.375000E-8	3.730909E-3
4.380000E-8	3.523637E-3
4.385000E-8	3.280393E-3
4.390000E-8	3.020018E-3
4.395000E-8	2.751079E-3
4.400000E-8	2.466722E-3
4.405000E-8	2.177227E-3
4.410000E-8	1.892871E-3
4.415000E-8	1.618792E-3
4.420000E-8	1.366983E-3
4.425000E-8	1.146007E-3
4.430000E-8	9.541523E-4
4.435000E-8	7.965572E-4
4.440000E-8	6.697959E-4
4.445000E-8	5.601646E-4
4.450000E-8	4.590982E-4
4.455000E-8	3.734487E-4
4.460000E-8	3.323369E-4
4.465000E-8	3.134940E-4
4.470000E-8	2.860862E-4
4.475000E-8	2.535394E-4
4.480000E-8	2.346965E-4
4.485000E-8	2.209926E-4
4.490000E-8	1.918717E-4
4.495000E-8	1.404820E-4
4.500000E-8	6.682346E-5
4.505000E-8	-2.053903E-5
4.510000E-8	-9.248460E-5
4.515000E-8	-1.370223E-4
4.520000E-8	-1.541522E-4
4.525000E-8	-1.438743E-4
4.530000E-8	-1.010496E-4
4.535000E-8	-1.711305E-5
4.540000E-8	1.370560E-4
4.545000E-8	3.734487E-4
4.550000E-8	6.372491E-4
4.555000E-8	9.096145E-4
4.560000E-8	1.200823E-3
4.565000E-8	1.502309E-3
4.570000E-8	1.788378E-3
4.575000E-8	2.076161E-3
4.580000E-8	2.365656E-3
4.585000E-8	2.636308E-3
4.590000E-8	2.888118E-3
4.595000E-8	3.131362E-3
4.600000E-8	3.347199E-3
4.605000E-8	3.535628E-3
4.610000E-8	3.713779E-3
4.615000E-8	3.883365E-3
4.620000E-8	4.034108E-3
4.625000E-8	4.174573E-3
4.630000E-8	4.316752E-3
4.635000E-8	4.448652E-3
4.640000E-8	4.563422E-3
4.645000E-8	4.647359E-3
4.650000E-8	4.673053E-3
4.655000E-8	4.637081E-3
4.660000E-8	4.573700E-3
4.665000E-8	4.482912E-3
4.670000E-8	4.357863E-3
4.675000E-8	4.219111E-3
4.680000E-8	4.064942E-3
4.685000E-8	3.871374E-3
4.690000E-8	3.636695E-3
4.695000E-8	3.376320E-3
4.700000E-8	3.098816E-3
4.705000E-8	2.809320E-3
4.710000E-8	2.559224E-3
4.715000E-8	2.345100E-3
4.720000E-8	2.115559E-3
4.725000E-8	1.853472E-3
4.730000E-8	1.599949E-3
4.735000E-8	1.344714E-3
4.740000E-8	1.056932E-3
4.745000E-8	7.674364E-4
4.750000E-8	5.276178E-4
4.755000E-8	3.254849E-4
4.760000E-8	1.490470E-4
4.765000E-8	8.581803E-6
4.770000E-8	-9.762357E-5
4.775000E-8	-1.558652E-4
4.780000E-8	-1.592912E-4
4.785000E-8	-1.198924E-4
4.790000E-8	-6.165079E-5
4.795000E-8	1.372077E-5
4.800000E-8	1.199261E-4
4.805000E-8	2.449744E-4
4.810000E-8	3.974305E-4
4.815000E-8	5.824334E-4
4.820000E-8	7.845663E-4
4.825000E-8	9.986900E-4
4.830000E-8	1.228231E-3
4.835000E-8	1.478327E-3
4.840000E-8	1.738702E-3
4.845000E-8	2.024771E-3
4.850000E-8	2.360517E-3
4.855000E-8	2.721958E-3
4.860000E-8	3.079973E-3
4.865000E-8	3.425997E-3
4.870000E-8	3.742900E-3
4.875000E-8	4.008413E-3
4.880000E-8	4.219111E-3
4.885000E-8	4.366428E-3
4.890000E-8	4.443513E-3
4.895000E-8	4.477773E-3
4.900000E-8	4.510319E-3
4.905000E-8	4.520597E-3
4.910000E-8	4.491477E-3
4.915000E-8	4.441800E-3
4.920000E-8	4.390410E-3
4.925000E-8	4.313326E-3
4.930000E-8	4.213972E-3
4.935000E-8	4.119758E-3
4.940000E-8	4.020404E-3
4.945000E-8	3.890217E-3
4.950000E-8	3.720631E-3
4.955000E-8	3.532202E-3
4.960000E-8	3.328356E-3
4.965000E-8	3.105668E-3
4.970000E-8	2.852145E-3
4.975000E-8	2.579780E-3
4.980000E-8	2.302275E-3
4.985000E-8	2.014493E-3
4.990000E-8	1.711294E-3
4.995000E-8	1.432076E-3
5.000000E-8	1.204249E-3
5.005000E-8	1.019246E-3
5.010000E-8	8.496599E-4
5.015000E-8	6.972038E-4
5.020000E-8	5.704425E-4
5.025000E-8	4.813670E-4
5.030000E-8	4.128474E-4
5.035000E-8	3.374759E-4
5.040000E-8	2.329835E-4
5.045000E-8	9.937027E-5
5.050000E-8	-5.822481E-5
5.055000E-8	-2.380888E-4
5.060000E-8	-4.282306E-4
5.065000E-8	-6.252245E-4
5.070000E-8	-8.136534E-4
5.075000E-8	-9.746744E-4
5.080000E-8	-1.091158E-3
5.085000E-8	-1.142547E-3
5.090000E-8	-1.125418E-3
5.095000E-8	-1.048333E-3
5.100000E-8	-9.044418E-4
5.105000E-8	-7.074480E-4
5.110000E-8	-4.779073E-4
5.115000E-8	-2.226718E-4
5.120000E-8	4.798057E-5
5.125000E-8	3.066421E-4
5.130000E-8	5.481736E-4
5.135000E-8	7.622974E-4
5.140000E-8	9.524393E-4
5.145000E-8	1.115173E-3
5.150000E-8	1.257351E-3
5.155000E-8	1.394391E-3
5.160000E-8	1.539995E-3
5.165000E-8	1.692451E-3
5.170000E-8	1.858611E-3
5.175000E-8	2.036762E-3
5.180000E-8	2.218339E-3
5.185000E-8	2.403342E-3
5.190000E-8	2.595197E-3
5.195000E-8	2.778487E-3
5.200000E-8	2.927517E-3
5.205000E-8	3.032009E-3
5.210000E-8	3.085112E-3
5.215000E-8	3.086825E-3
5.220000E-8	3.038861E-3
5.225000E-8	2.956638E-3
5.230000E-8	2.865849E-3
5.235000E-8	2.785339E-3
5.240000E-8	2.691124E-3
5.245000E-8	2.548946E-3
5.250000E-8	2.387925E-3
5.255000E-8	2.244034E-3
5.260000E-8	2.113846E-3
5.265000E-8	1.971668E-3
5.270000E-8	1.838055E-3
5.275000E-8	1.716433E-3
5.280000E-8	1.577681E-3
5.285000E-8	1.402956E-3
5.290000E-8	1.233370E-3
5.295000E-8	1.079201E-3
5.300000E-8	9.233184E-4
5.305000E-8	7.674364E-4
5.310000E-8	6.269712E-4
5.315000E-8	4.882190E-4
5.320000E-8	3.443278E-4
5.325000E-8	2.021497E-4
5.330000E-8	6.853645E-5
5.335000E-8	-5.308584E-5
5.340000E-8	-1.524393E-4
5.345000E-8	-2.346628E-4
5.350000E-8	-3.083213E-4
5.355000E-8	-3.511461E-4
5.360000E-8	-3.374422E-4
5.365000E-8	-2.740615E-4
5.370000E-8	-1.815601E-4
5.375000E-8	-4.452089E-5
5.380000E-8	1.439080E-4
5.385000E-8	3.511798E-4
5.390000E-8	5.635905E-4
5.395000E-8	7.948442E-4
5.400000E-8	1.044941E-3
5.405000E-8	1.277907E-3
5.410000E-8	1.492031E-3
5.415000E-8	1.678747E-3
5.420000E-8	1.829490E-3
5.425000E-8	1.940834E-3
5.430000E-8	2.021345E-3
5.435000E-8	2.086439E-3
5.440000E-8	2.161810E-3
5.445000E-8	2.245747E-3
5.450000E-8	2.321118E-3
5.455000E-8	2.396490E-3
5.460000E-8	2.492417E-3
5.465000E-8	2.612327E-3
5.470000E-8	2.735662E-3
5.475000E-8	2.872701E-3
5.480000E-8	3.008027E-3
5.485000E-8	3.107381E-3
5.490000E-8	3.165622E-3
5.495000E-8	3.208447E-3
5.500000E-8	3.232429E-3
5.505000E-8	3.213586E-3
5.510000E-8	3.133075E-3
5.515000E-8	3.001175E-3
5.520000E-8	2.831589E-3
5.525000E-8	2.632882E-3
5.530000E-8	2.391351E-3
5.535000E-8	2.134402E-3
5.540000E-8	1.882593E-3
5.545000E-8	1.617079E-3
5.550000E-8	1.308741E-3
5.555000E-8	9.661432E-4
5.560000E-8	6.081283E-4
5.565000E-8	2.552524E-4
5.570000E-8	-6.336378E-5
5.575000E-8	-3.237382E-4
5.580000E-8	-5.464269E-4
5.585000E-8	-7.399948E-4
5.590000E-8	-8.855990E-4
5.595000E-8	-9.729614E-4
5.600000E-8	-1.014073E-3
5.605000E-8	-1.026064E-3
5.610000E-8	-1.029490E-3
5.615000E-8	-1.027777E-3
5.620000E-8	-1.026064E-3
5.625000E-8	-1.020925E-3
5.630000E-8	-1.038055E-3
5.635000E-8	-1.077454E-3
5.640000E-8	-1.121992E-3
5.645000E-8	-1.163103E-3
5.650000E-8	-1.188798E-3
5.655000E-8	-1.188798E-3
5.660000E-8	-1.149399E-3
5.665000E-8	-1.075741E-3
5.670000E-8	-9.609705E-4
5.675000E-8	-8.102274E-4
5.680000E-8	-6.509193E-4
5.685000E-8	-4.967502E-4
5.690000E-8	-3.305902E-4
5.695000E-8	-1.644302E-4
5.700000E-8	-1.197408E-5
5.705000E-8	1.387690E-4
5.710000E-8	3.271979E-4
5.715000E-8	5.481736E-4
5.720000E-8	7.777143E-4
5.725000E-8	1.012394E-3
5.730000E-8	1.257351E-3
5.735000E-8	1.498883E-3
5.740000E-8	1.724998E-3
5.745000E-8	1.942547E-3
5.750000E-8	2.148106E-3
5.755000E-8	2.315979E-3
5.760000E-8	2.423898E-3
5.765000E-8	2.475287E-3
5.770000E-8	2.473574E-3
5.775000E-8	2.408481E-3
5.780000E-8	2.280006E-3
5.785000E-8	2.117272E-3
5.790000E-8	1.969955E-3
5.795000E-8	1.832916E-3
5.800000E-8	1.690738E-3
5.805000E-8	1.553699E-3
5.810000E-8	1.425224E-3
5.815000E-8	1.291611E-3
5.820000E-8	1.142581E-3
5.825000E-8	9.781341E-4
5.830000E-8	8.085481E-4
5.835000E-8	6.441011E-4
5.840000E-8	4.779411E-4
5.845000E-8	3.066421E-4
5.850000E-8	1.439080E-4
5.855000E-8	1.200778E-5
5.860000E-8	-1.096145E-4
5.865000E-8	-2.226718E-4
5.870000E-8	-2.946174E-4
5.875000E-8	-3.237382E-4
5.880000E-8	-3.597110E-4
5.885000E-8	-4.093877E-4
5.890000E-8	-4.573515E-4
5.895000E-8	-5.138801E-4
5.900000E-8	-5.926777E-4
5.905000E-8	-6.629103E-4
5.910000E-8	-7.125870E-4
5.915000E-8	-7.588377E-4
5.920000E-8	-7.862455E-4
5.925000E-8	-7.776806E-4
5.930000E-8	-7.536987E-4
5.935000E-8	-7.228649E-4
5.940000E-8	-6.577713E-4
5.945000E-8	-5.618439E-4
5.950000E-8	-4.607774E-4
5.955000E-8	-3.340162E-4
5.960000E-8	-1.644302E-4
5.965000E-8	1.885974E-5
5.970000E-8	1.987237E-4
5.975000E-8	3.871526E-4
5.980000E-8	5.790075E-4
5.985000E-8	7.434545E-4
5.990000E-8	8.856327E-4
5.995000E-8	1.032950E-3
6.000000E-8	1.181980E-3
6.005000E-8	1.312167E-3
6.010000E-8	1.402956E-3
6.015000E-8	1.468049E-3
6.020000E-8	1.517726E-3
6.025000E-8	1.551986E-3
6.030000E-8	1.584533E-3
6.035000E-8	1.605088E-3
6.040000E-8	1.594811E-3
6.045000E-8	1.567403E-3
6.050000E-8	1.539995E-3
6.055000E-8	1.522865E-3
6.060000E-8	1.505735E-3
6.065000E-8	1.502309E-3
6.070000E-8	1.528004E-3
6.075000E-8	1.582820E-3
6.080000E-8	1.622218E-3
6.085000E-8	1.639348E-3
6.090000E-8	1.639348E-3
6.095000E-8	1.605088E-3
6.100000E-8	1.531430E-3
6.105000E-8	1.421799E-3
6.110000E-8	1.279620E-3
6.115000E-8	1.113460E-3
6.120000E-8	9.284574E-4
6.125000E-8	7.160467E-4
6.130000E-8	4.762281E-4
6.135000E-8	2.244185E-4
6.140000E-8	-5.122117E-6
6.145000E-8	-1.969770E-4
6.150000E-8	-3.614240E-4
6.155000E-8	-5.173061E-4
6.160000E-8	-6.851791E-4
6.165000E-8	-8.530521E-4
6.170000E-8	-9.986563E-4
6.175000E-8	-1.130557E-3
6.180000E-8	-1.247040E-3
6.185000E-8	-1.342967E-3
6.190000E-8	-1.433756E-3
6.195000E-8	-1.521118E-3
6.200000E-8	-1.574221E-3
6.205000E-8	-1.584499E-3
6.210000E-8	-1.567369E-3
6.215000E-8	-1.514266E-3
6.220000E-8	-1.421765E-3
6.225000E-8	-1.313846E-3
6.230000E-8	-1.181946E-3
6.235000E-8	-1.012360E-3
6.240000E-8	-8.324963E-4
6.245000E-8	-6.594843E-4
6.250000E-8	-4.847593E-4
6.255000E-8	-3.185993E-4
6.260000E-8	-1.558652E-4
6.265000E-8	3.770263E-5
6.270000E-8	2.501134E-4
6.275000E-8	4.522462E-4
6.280000E-8	6.646570E-4
6.285000E-8	9.010496E-4
6.290000E-8	1.142581E-3
6.295000E-8	1.389252E-3
6.300000E-8	1.622218E-3
6.305000E-8	1.774674E-3
6.310000E-8	1.846620E-3
6.315000E-8	1.901436E-3
6.320000E-8	1.944260E-3
6.325000E-8	1.964816E-3
6.330000E-8	1.987085E-3
6.335000E-8	2.036762E-3
6.340000E-8	2.064170E-3
6.345000E-8	2.060744E-3
6.350000E-8	2.067596E-3
6.355000E-8	2.076161E-3
6.360000E-8	2.059031E-3
6.365000E-8	2.021345E-3
6.370000E-8	1.978520E-3
6.375000E-8	1.910001E-3
6.380000E-8	1.808934E-3
6.385000E-8	1.677034E-3
6.390000E-8	1.504022E-3
6.395000E-8	1.271055E-3
6.400000E-8	1.005542E-3
6.405000E-8	7.451675E-4
6.410000E-8	4.830800E-4
6.415000E-8	1.970107E-4
6.420000E-8	-1.096145E-4
6.425000E-8	-4.162397E-4
6.430000E-8	-7.091610E-4
6.435000E-8	-9.763874E-4
6.440000E-8	-1.195650E-3
6.445000E-8	-1.373801E-3
6.450000E-8	-1.522831E-3
6.455000E-8	-1.656444E-3
6.460000E-8	-1.757511E-3
6.465000E-8	-1.831169E-3
6.470000E-8	-1.872281E-3
6.475000E-8	-1.889411E-3
6.480000E-8	-1.896263E-3
6.485000E-8	-1.903115E-3
6.490000E-8	-1.882559E-3
6.495000E-8	-1.834595E-3
6.500000E-8	-1.769502E-3
6.505000E-8	-1.687278E-3
6.510000E-8	-1.563943E-3
6.515000E-8	-1.392644E-3
6.520000E-8	-1.202502E-3
6.525000E-8	-1.007221E-3
6.530000E-8	-8.016624E-4
6.535000E-8	-5.858257E-4
6.540000E-8	-3.717020E-4
6.545000E-8	-1.678562E-4
6.550000E-8	1.685294E-8
6.555000E-8	1.302041E-4
6.560000E-8	2.672433E-4
6.565000E-8	4.282643E-4
6.570000E-8	5.875724E-4
6.575000E-8	7.503065E-4
6.580000E-8	9.404483E-4
6.585000E-8	1.137442E-3
6.590000E-8	1.313880E-3
6.595000E-8	1.466336E-3
6.600000E-8	1.601662E-3
6.605000E-8	1.692451E-3
6.610000E-8	1.721572E-3
6.615000E-8	1.683886E-3
6.620000E-8	1.591385E-3
6.625000E-8	1.459484E-3
6.630000E-8	1.322445E-3
6.635000E-8	1.187119E-3
6.640000E-8	1.075775E-3
6.645000E-8	1.000403E-3
6.650000E-8	9.644302E-4
6.655000E-8	9.507263E-4
6.660000E-8	9.610042E-4
6.665000E-8	9.884121E-4
6.670000E-8	1.029524E-3
6.675000E-8	1.068923E-3
6.680000E-8	1.082627E-3
6.685000E-8	1.060358E-3
6.690000E-8	1.002116E-3
6.695000E-8	9.044755E-4
6.700000E-8	7.760013E-4
6.705000E-8	6.218322E-4
6.710000E-8	4.608112E-4
6.715000E-8	3.134940E-4
6.720000E-8	1.918717E-4
6.725000E-8	1.010833E-4
6.730000E-8	4.626758E-5
6.735000E-8	4.455459E-5
6.740000E-8	7.538841E-5
6.745000E-8	1.096482E-4
6.750000E-8	1.473340E-4
6.755000E-8	1.884457E-4
6.760000E-8	2.227055E-4
6.765000E-8	2.484004E-4
6.770000E-8	2.706693E-4
6.775000E-8	2.706693E-4
6.780000E-8	2.432614E-4
6.785000E-8	2.090016E-4
6.790000E-8	1.764548E-4
6.795000E-8	1.421950E-4
6.800000E-8	1.079352E-4
6.805000E-8	7.196243E-5
6.810000E-8	3.256366E-5
6.815000E-8	6.868813E-6
6.820000E-8	1.200778E-5
6.825000E-8	3.085067E-5
6.830000E-8	6.853645E-5
6.835000E-8	1.507600E-4
6.840000E-8	2.518264E-4
6.845000E-8	3.254849E-4
6.850000E-8	3.854396E-4
6.855000E-8	4.522462E-4
6.860000E-8	5.293307E-4
6.865000E-8	5.875724E-4
6.870000E-8	6.132673E-4
6.875000E-8	5.961374E-4
6.880000E-8	5.447477E-4
6.885000E-8	4.933580E-4
6.890000E-8	4.522462E-4
6.895000E-8	4.351163E-4
6.900000E-8	4.556722E-4
6.905000E-8	5.122008E-4
6.910000E-8	5.944244E-4
6.915000E-8	6.954908E-4
6.920000E-8	8.016962E-4
6.925000E-8	8.787807E-4
6.930000E-8	9.318834E-4
6.935000E-8	9.815601E-4
6.940000E-8	1.002116E-3
6.945000E-8	9.644302E-4
6.950000E-8	8.959106E-4
6.955000E-8	8.102611E-4
6.960000E-8	6.954908E-4
6.965000E-8	5.704425E-4
6.970000E-8	4.830800E-4
6.975000E-8	4.368293E-4
6.980000E-8	4.128474E-4
6.985000E-8	3.803006E-4
6.990000E-8	3.237720E-4
6.995000E-8	2.295575E-4
7.000000E-8	9.937027E-5
7.005000E-8	-6.507677E-5
7.010000E-8	-2.500797E-4
7.015000E-8	-4.213787E-4
7.020000E-8	-5.738348E-4
7.025000E-8	-7.194389E-4
7.030000E-8	-8.444872E-4
7.035000E-8	-9.267107E-4
7.040000E-8	-9.575445E-4
7.045000E-8	-9.369887E-4
7.050000E-8	-8.753210E-4
7.055000E-8	-7.759676E-4
7.060000E-8	-6.543453E-4
7.065000E-8	-5.378620E-4
7.070000E-8	-4.419346E-4
7.075000E-8	-3.734150E-4
7.080000E-8	-3.220253E-4
7.085000E-8	-2.757745E-4
7.090000E-8	-2.141069E-4
7.095000E-8	-1.387353E-4
7.100000E-8	-4.965986E-5
7.105000E-8	4.798057E-5
7.110000E-8	1.490470E-4
7.115000E-8	2.415484E-4
7.120000E-8	3.289109E-4
7.125000E-8	4.111344E-4
7.130000E-8	4.882190E-4
7.135000E-8	5.618776E-4
7.140000E-8	6.423881E-4
7.145000E-8	7.194726E-4
7.150000E-8	7.862792E-4
7.155000E-8	8.496599E-4
7.160000E-8	8.976236E-4
7.165000E-8	9.284574E-4
7.170000E-8	9.541523E-4
7.175000E-8	9.935510E-4
7.180000E-8	1.038089E-3
7.185000E-8	1.063784E-3
7.190000E-8	1.063784E-3
7.195000E-8	1.070636E-3
7.200000E-8	1.116886E-3
7.205000E-8	1.207675E-3
7.210000E-8	1.313880E-3
7.215000E-8	1.418373E-3
7.220000E-8	1.509161E-3
7.225000E-8	1.563977E-3
7.230000E-8	1.574255E-3
7.235000E-8	1.553699E-3
7.240000E-8	1.497170E-3
7.245000E-8	1.396104E-3
7.250000E-8	1.247074E-3
7.255000E-8	1.050080E-3
7.260000E-8	8.068351E-4
7.265000E-8	5.413217E-4
7.270000E-8	2.740952E-4
7.275000E-8	2.057273E-5
7.280000E-8	-2.192459E-4
7.285000E-8	-4.402216E-4
7.290000E-8	-6.355024E-4
7.295000E-8	-7.913845E-4
7.300000E-8	-9.010159E-4
7.305000E-8	-9.712485E-4
7.310000E-8	-1.000369E-3
7.315000E-8	-9.678225E-4
7.320000E-8	-8.873119E-4
7.325000E-8	-7.811066E-4
7.330000E-8	-6.389284E-4
7.335000E-8	-4.419346E-4
7.340000E-8	-2.295238E-4
7.345000E-8	-2.910398E-5
7.350000E-8	1.661769E-4
7.355000E-8	3.580318E-4
7.360000E-8	5.104879E-4
7.365000E-8	6.201192E-4
7.370000E-8	7.057687E-4
7.375000E-8	7.674364E-4
7.380000E-8	8.068351E-4
7.385000E-8	8.325300E-4
7.390000E-8	8.496599E-4
7.395000E-8	8.479469E-4
7.400000E-8	8.445209E-4
7.405000E-8	8.565118E-4
7.410000E-8	8.890586E-4
7.415000E-8	9.541523E-4
7.420000E-8	1.039802E-3
7.425000E-8	1.116886E-3
7.430000E-8	1.193971E-3
7.435000E-8	1.295037E-3
7.440000E-8	1.382400E-3
7.445000E-8	1.438928E-3
7.450000E-8	1.497170E-3
7.455000E-8	1.551986E-3
7.460000E-8	1.560551E-3
7.465000E-8	1.519439E-3
7.470000E-8	1.449206E-3
7.475000E-8	1.344714E-3
7.480000E-8	1.207675E-3
7.485000E-8	1.070636E-3
7.490000E-8	9.507263E-4
7.495000E-8	8.342430E-4
7.500000E-8	7.228986E-4
7.505000E-8	6.458141E-4
7.510000E-8	6.115543E-4
7.515000E-8	5.995633E-4
7.520000E-8	5.909984E-4
7.525000E-8	5.824334E-4
7.530000E-8	5.704425E-4
7.535000E-8	5.378957E-4
7.540000E-8	4.608112E-4
7.545000E-8	3.460408E-4
7.550000E-8	2.158536E-4
7.555000E-8	7.196243E-5
7.560000E-8	-8.391965E-5
7.565000E-8	-2.243848E-4
7.570000E-8	-3.185993E-4
7.575000E-8	-3.785539E-4
7.580000E-8	-4.008228E-4
7.585000E-8	-3.717020E-4
7.590000E-8	-3.117473E-4
7.595000E-8	-2.552187E-4
7.600000E-8	-1.952640E-4
7.605000E-8	-1.318834E-4
7.610000E-8	-1.096145E-4
7.615000E-8	-1.455873E-4
7.620000E-8	-2.072549E-4
7.625000E-8	-2.911914E-4
7.630000E-8	-4.042488E-4
7.635000E-8	-5.173061E-4
7.640000E-8	-6.149465E-4
7.645000E-8	-6.937441E-4
7.650000E-8	-7.365688E-4
7.655000E-8	-7.211519E-4
7.660000E-8	-6.526323E-4
7.665000E-8	-5.464269E-4
7.670000E-8	-4.042488E-4
7.675000E-8	-2.398017E-4
7.680000E-8	-7.364172E-5
7.685000E-8	8.052738E-5
7.690000E-8	2.346965E-4
7.695000E-8	3.974305E-4
7.700000E-8	5.653035E-4
7.705000E-8	7.177596E-4
7.710000E-8	8.325300E-4
7.715000E-8	9.113275E-4
7.720000E-8	9.644302E-4
7.725000E-8	1.002116E-3
7.730000E-8	1.039802E-3
7.735000E-8	1.089478E-3
7.740000E-8	1.123738E-3
7.745000E-8	1.142581E-3
7.750000E-8	1.154572E-3
7.755000E-8	1.151146E-3
7.760000E-8	1.103182E-3
7.765000E-8	1.019246E-3
7.770000E-8	9.181795E-4
7.775000E-8	8.222520E-4
7.780000E-8	7.280376E-4
7.785000E-8	6.115543E-4
7.790000E-8	4.573852E-4
7.795000E-8	2.860862E-4
7.800000E-8	1.165002E-4
7.805000E-8	-7.021574E-5
7.810000E-8	-2.809135E-4
7.815000E-8	-4.590645E-4
7.820000E-8	-5.858257E-4
7.825000E-8	-6.834661E-4
7.830000E-8	-7.468468E-4
7.835000E-8	-7.674026E-4
7.840000E-8	-7.656897E-4
7.845000E-8	-7.674026E-4
7.850000E-8	-7.639767E-4
7.855000E-8	-7.622637E-4
7.860000E-8	-7.896715E-4
7.865000E-8	-8.564781E-4
7.870000E-8	-9.558315E-4
7.875000E-8	-1.068889E-3
7.880000E-8	-1.166529E-3
7.885000E-8	-1.241901E-3
7.890000E-8	-1.313846E-3
7.895000E-8	-1.354958E-3
7.900000E-8	-1.346393E-3
7.905000E-8	-1.305281E-3
7.910000E-8	-1.243614E-3
7.915000E-8	-1.147686E-3
7.920000E-8	-1.020925E-3
7.925000E-8	-8.975899E-4
7.930000E-8	-7.708286E-4
7.935000E-8	-6.372154E-4
7.940000E-8	-5.275841E-4
7.945000E-8	-4.470735E-4
7.950000E-8	-3.648500E-4
7.955000E-8	-2.860525E-4
7.960000E-8	-2.192459E-4
7.965000E-8	-1.644302E-4
7.970000E-8	-1.113275E-4
7.975000E-8	-5.479883E-5
7.980000E-8	1.200778E-5
7.985000E-8	1.045092E-4
7.990000E-8	2.107146E-4
7.995000E-8	3.254849E-4
8.000000E-8	4.316903E-4
8.005000E-8	5.156268E-4
8.010000E-8	5.790075E-4
8.015000E-8	6.184062E-4
8.020000E-8	6.149802E-4
8.025000E-8	5.790075E-4
8.030000E-8	5.361827E-4
8.035000E-8	4.693761E-4
8.040000E-8	3.751617E-4
8.045000E-8	2.963641E-4
8.050000E-8	2.432614E-4
8.055000E-8	1.696029E-4
8.060000E-8	8.395336E-5
8.065000E-8	2.571170E-5
8.070000E-8	1.543376E-5
8.075000E-8	3.427665E-5
8.080000E-8	5.483253E-5
8.085000E-8	6.339748E-5
8.090000E-8	4.626758E-5
8.095000E-8	1.029479E-5
8.100000E-8	-7.021574E-5
8.105000E-8	-1.815601E-4
8.110000E-8	-3.031824E-4
8.115000E-8	-4.385086E-4
8.120000E-8	-6.098076E-4
8.125000E-8	-7.982365E-4
8.130000E-8	-9.678225E-4
8.135000E-8	-1.116853E-3
8.140000E-8	-1.236762E-3
8.145000E-8	-1.303569E-3
8.150000E-8	-1.318985E-3
8.155000E-8	-1.300143E-3
8.160000E-8	-1.241901E-3
8.165000E-8	-1.159677E-3
8.170000E-8	-1.072315E-3
8.175000E-8	-9.832394E-4
8.180000E-8	-8.855990E-4
8.185000E-8	-7.948105E-4
8.190000E-8	-7.280039E-4
8.195000E-8	-6.800402E-4
8.200000E-8	-6.543453E-4
8.205000E-8	-6.492063E-4
8.210000E-8	-6.372154E-4
8.215000E-8	-5.943907E-4
8.220000E-8	-5.464269E-4
8.225000E-8	-5.018892E-4
8.230000E-8	-4.419346E-4
8.235000E-8	-3.631370E-4
8.240000E-8	-2.809135E-4
8.245000E-8	-2.072549E-4
8.250000E-8	-1.507263E-4
8.255000E-8	-9.933656E-5
8.260000E-8	-2.739099E-5
8.265000E-8	4.112861E-5
8.270000E-8	9.594429E-5
8.275000E-8	1.713158E-4
8.280000E-8	2.672433E-4
8.285000E-8	3.306239E-4
8.290000E-8	3.511798E-4
8.295000E-8	3.785876E-4
8.300000E-8	4.145604E-4
8.305000E-8	4.299773E-4
8.310000E-8	4.316903E-4
8.315000E-8	4.334033E-4
8.320000E-8	4.128474E-4
8.325000E-8	3.717357E-4
8.330000E-8	3.220590E-4
8.335000E-8	2.621043E-4
8.340000E-8	1.781678E-4
8.345000E-8	7.024944E-5
8.350000E-8	-6.507677E-5
8.355000E-8	-2.141069E-4
8.360000E-8	-3.614240E-4
8.365000E-8	-4.933243E-4
8.370000E-8	-5.943907E-4
8.375000E-8	-6.697622E-4
8.380000E-8	-7.399948E-4
8.385000E-8	-7.913845E-4
8.390000E-8	-7.982365E-4
8.395000E-8	-7.725416E-4
8.400000E-8	-7.211519E-4
8.405000E-8	-6.389284E-4
8.410000E-8	-5.447140E-4
8.415000E-8	-4.727684E-4
8.420000E-8	-4.179527E-4
8.425000E-8	-3.734150E-4
8.430000E-8	-3.528591E-4
8.435000E-8	-3.597110E-4
8.440000E-8	-3.922578E-4
8.445000E-8	-4.522125E-4
8.450000E-8	-5.327230E-4
8.455000E-8	-6.115206E-4
8.460000E-8	-6.714752E-4
8.465000E-8	-7.005960E-4
8.470000E-8	-6.817531E-4
8.475000E-8	-6.098076E-4
8.480000E-8	-4.881853E-4
8.485000E-8	-3.288772E-4
8.490000E-8	-1.610042E-4
8.495000E-8	-1.696137E-6
8.500000E-8	1.490470E-4
8.505000E-8	2.826602E-4
8.510000E-8	3.837266E-4
8.515000E-8	4.402553E-4
8.520000E-8	4.522462E-4
8.525000E-8	4.145604E-4
8.530000E-8	3.409019E-4
8.535000E-8	2.638173E-4
8.540000E-8	1.970107E-4
8.545000E-8	1.439080E-4
8.550000E-8	1.113612E-4
8.555000E-8	1.199261E-4
8.560000E-8	1.593249E-4
8.565000E-8	2.244185E-4
8.570000E-8	3.271979E-4
8.575000E-8	4.351163E-4
8.580000E-8	5.036359E-4
8.585000E-8	5.259048E-4
8.590000E-8	5.241918E-4
8.595000E-8	5.002099E-4
8.600000E-8	4.676631E-4
8.605000E-8	4.282643E-4
8.610000E-8	3.665967E-4
8.615000E-8	2.912251E-4
8.620000E-8	2.364095E-4
8.625000E-8	2.072886E-4
8.630000E-8	1.747418E-4
8.635000E-8	1.439080E-4
8.640000E-8	1.267781E-4
8.645000E-8	1.096482E-4
8.650000E-8	7.367542E-5
8.655000E-8	1.029479E-5
8.660000E-8	-9.762357E-5
8.665000E-8	-2.586446E-4
8.670000E-8	-4.710554E-4
8.675000E-8	-7.108740E-4
8.680000E-8	-9.369887E-4
8.685000E-8	-1.125418E-3
8.690000E-8	-1.291578E-3
8.695000E-8	-1.440608E-3
8.700000E-8	-1.560517E-3
8.705000E-8	-1.629037E-3
8.710000E-8	-1.646166E-3
8.715000E-8	-1.615333E-3
8.720000E-8	-1.553665E-3
8.725000E-8	-1.459451E-3
8.730000E-8	-1.337828E-3
8.735000E-8	-1.221345E-3
8.740000E-8	-1.128844E-3
8.745000E-8	-1.032916E-3
8.750000E-8	-9.027289E-4
8.755000E-8	-7.588377E-4
8.760000E-8	-6.372154E-4
8.765000E-8	-5.224451E-4
8.770000E-8	-3.922578E-4
8.775000E-8	-2.672096E-4
8.780000E-8	-1.815601E-4
8.785000E-8	-1.147535E-4
8.790000E-8	-4.280790E-5
8.795000E-8	2.742469E-5
8.800000E-8	6.853645E-5
8.805000E-8	6.853645E-5
8.810000E-8	4.626758E-5
8.815000E-8	3.256366E-5
8.820000E-8	4.798057E-5
8.825000E-8	6.168449E-5
8.830000E-8	6.682346E-5
8.835000E-8	8.566635E-5
8.840000E-8	1.233521E-4
8.845000E-8	1.353431E-4
8.850000E-8	1.267781E-4
8.855000E-8	1.336301E-4
8.860000E-8	1.370560E-4
8.865000E-8	1.267781E-4
8.870000E-8	1.096482E-4
8.875000E-8	9.251831E-5
8.880000E-8	6.511047E-5
8.885000E-8	2.399871E-5
8.890000E-8	-4.623388E-5
8.895000E-8	-1.353094E-4
8.900000E-8	-2.055419E-4
8.905000E-8	-2.620706E-4
8.910000E-8	-3.305902E-4
8.915000E-8	-3.871189E-4
8.920000E-8	-4.179527E-4
8.925000E-8	-4.504995E-4
8.930000E-8	-5.121671E-4
8.935000E-8	-5.618439E-4
8.940000E-8	-5.738348E-4
8.945000E-8	-5.875387E-4
8.950000E-8	-6.166595E-4
8.955000E-8	-6.269375E-4
8.960000E-8	-6.098076E-4
8.965000E-8	-6.132336E-4
8.970000E-8	-6.372154E-4
8.975000E-8	-6.492063E-4
8.980000E-8	-6.543453E-4
8.985000E-8	-6.834661E-4
8.990000E-8	-7.228649E-4
8.995000E-8	-7.588377E-4
9.000000E-8	-8.016624E-4
9.005000E-8	-8.513392E-4
9.010000E-8	-8.890249E-4
9.015000E-8	-9.301367E-4
9.020000E-8	-9.763874E-4
9.025000E-8	-1.010647E-3
9.030000E-8	-1.038055E-3
9.035000E-8	-1.068889E-3
9.040000E-8	-1.079167E-3
9.045000E-8	-1.060324E-3
9.050000E-8	-1.029490E-3
9.055000E-8	-9.815264E-4
9.060000E-8	-9.095808E-4
9.065000E-8	-7.999495E-4
9.070000E-8	-6.543453E-4
9.075000E-8	-4.727684E-4
9.080000E-8	-2.843395E-4
9.085000E-8	-1.079015E-4
9.090000E-8	4.455459E-5
9.095000E-8	1.507600E-4
9.100000E-8	1.970107E-4
9.105000E-8	1.935847E-4
9.110000E-8	1.439080E-4
9.115000E-8	5.311954E-5
9.120000E-8	-4.452089E-5
9.125000E-8	-1.198924E-4
9.130000E-8	-1.884120E-4
9.135000E-8	-2.654966E-4
9.140000E-8	-3.237382E-4
9.145000E-8	-3.528591E-4
9.150000E-8	-3.836929E-4
9.155000E-8	-4.111007E-4
9.160000E-8	-4.196657E-4
9.165000E-8	-4.265176E-4
9.170000E-8	-4.385086E-4
9.175000E-8	-4.316566E-4
9.180000E-8	-4.145267E-4
9.185000E-8	-4.128137E-4
9.190000E-8	-4.076748E-4
9.195000E-8	-3.802669E-4
9.200000E-8	-3.648500E-4
9.205000E-8	-3.528591E-4
9.210000E-8	-3.374422E-4
9.215000E-8	-3.477201E-4
9.220000E-8	-3.973968E-4
9.225000E-8	-4.642034E-4
9.230000E-8	-5.327230E-4
9.235000E-8	-6.063816E-4
9.240000E-8	-6.663362E-4
9.245000E-8	-7.143000E-4
9.250000E-8	-7.622637E-4
9.255000E-8	-7.879585E-4
9.260000E-8	-7.742546E-4
9.265000E-8	-7.554117E-4
9.270000E-8	-7.245779E-4
9.275000E-8	-6.509193E-4
9.280000E-8	-5.618439E-4
9.285000E-8	-4.898983E-4
9.290000E-8	-4.042488E-4
9.295000E-8	-3.117473E-4
9.300000E-8	-2.483667E-4
9.305000E-8	-2.243848E-4
9.310000E-8	-2.123939E-4
9.315000E-8	-2.141069E-4
9.320000E-8	-2.295238E-4
9.325000E-8	-2.517927E-4
9.330000E-8	-2.586446E-4
9.335000E-8	-2.449407E-4
9.340000E-8	-2.278108E-4
9.345000E-8	-1.986900E-4
9.350000E-8	-1.438743E-4
9.355000E-8	-7.021574E-5
9.360000E-8	-1.711305E-5
9.365000E-8	2.057273E-5
9.370000E-8	7.024944E-5
9.375000E-8	1.216391E-4
9.380000E-8	1.507600E-4
9.385000E-8	1.576119E-4
9.390000E-8	1.576119E-4
9.395000E-8	1.353431E-4
9.400000E-8	9.594429E-5
9.405000E-8	8.224037E-5
9.410000E-8	1.010833E-4
9.415000E-8	1.284911E-4
9.420000E-8	1.541859E-4
9.425000E-8	1.952977E-4
9.430000E-8	2.466874E-4
9.435000E-8	2.963641E-4
9.440000E-8	3.323369E-4
9.445000E-8	3.460408E-4
9.450000E-8	3.374759E-4
9.455000E-8	2.980771E-4
9.460000E-8	2.398354E-4
9.465000E-8	1.593249E-4
9.470000E-8	7.881439E-5
9.475000E-8	3.442833E-6
9.480000E-8	-8.734563E-5
9.485000E-8	-1.815601E-4
9.490000E-8	-2.415147E-4
9.495000E-8	-2.689226E-4
9.500000E-8	-2.792005E-4
9.505000E-8	-2.826265E-4
9.510000E-8	-2.809135E-4
9.515000E-8	-2.792005E-4
9.520000E-8	-2.706356E-4
9.525000E-8	-2.672096E-4
9.530000E-8	-2.946174E-4
9.535000E-8	-3.562851E-4
9.540000E-8	-4.385086E-4
9.545000E-8	-5.361490E-4
9.550000E-8	-6.440674E-4
9.555000E-8	-7.434208E-4
9.560000E-8	-8.187923E-4
9.565000E-8	-8.907379E-4
9.570000E-8	-9.541186E-4
9.575000E-8	-1.002082E-3
9.580000E-8	-1.048333E-3
9.585000E-8	-1.092871E-3
9.590000E-8	-1.115140E-3
9.595000E-8	-1.074028E-3
9.600000E-8	-1.015786E-3
9.605000E-8	-9.592575E-4
9.610000E-8	-8.924509E-4
9.615000E-8	-8.119404E-4
9.620000E-8	-7.297169E-4
9.625000E-8	-6.423544E-4
9.630000E-8	-5.395750E-4
9.635000E-8	-4.350826E-4
9.640000E-8	-3.511461E-4
9.645000E-8	-2.946174E-4
9.650000E-8	-2.672096E-4
9.655000E-8	-2.466537E-4
9.660000E-8	-2.449407E-4
9.665000E-8	-2.637836E-4
9.670000E-8	-2.894784E-4
9.675000E-8	-3.014694E-4
9.680000E-8	-3.048954E-4
9.685000E-8	-2.894784E-4
9.690000E-8	-2.312368E-4
9.695000E-8	-1.455873E-4
9.700000E-8	-7.192873E-5
9.705000E-8	-8.548097E-6
9.710000E-8	3.941562E-5
9.715000E-8	5.825851E-5
9.720000E-8	3.770263E-5
9.725000E-8	-2.053903E-5
9.730000E-8	-1.267444E-4
9.735000E-8	-2.535057E-4
9.740000E-8	-3.579980E-4
9.745000E-8	-4.265176E-4
9.750000E-8	-4.761944E-4
9.755000E-8	-5.070282E-4
9.760000E-8	-5.155931E-4
9.765000E-8	-4.898983E-4
9.770000E-8	-4.230917E-4
9.775000E-8	-3.357292E-4
9.780000E-8	-2.552187E-4
9.785000E-8	-1.986900E-4
9.790000E-8	-1.832731E-4
9.795000E-8	-2.226718E-4
9.800000E-8	-3.151733E-4
9.805000E-8	-4.282306E-4
9.810000E-8	-5.481399E-4
9.815000E-8	-6.611973E-4
9.820000E-8	-7.519857E-4
9.825000E-8	-7.965235E-4
9.830000E-8	-8.119404E-4
9.835000E-8	-8.016624E-4
9.840000E-8	-7.554117E-4
9.845000E-8	-6.731882E-4
9.850000E-8	-5.978166E-4
9.855000E-8	-5.532789E-4
9.860000E-8	-5.241581E-4
9.865000E-8	-5.121671E-4
9.870000E-8	-5.224451E-4
9.875000E-8	-5.430010E-4
9.880000E-8	-5.772608E-4
9.885000E-8	-6.098076E-4
9.890000E-8	-6.337894E-4
9.895000E-8	-6.474934E-4
9.900000E-8	-6.543453E-4
9.905000E-8	-6.286505E-4
9.910000E-8	-5.652698E-4
9.915000E-8	-4.950372E-4
9.920000E-8	-4.213787E-4
9.925000E-8	-3.168863E-4
9.930000E-8	-2.021160E-4
9.935000E-8	-1.181795E-4
9.940000E-8	-7.192873E-5
9.945000E-8	-5.308584E-5
9.950000E-8	-7.192873E-5
9.955000E-8	-1.216054E-4
9.960000E-8	-1.815601E-4
9.965000E-8	-2.398017E-4
9.970000E-8	-3.117473E-4
9.975000E-8	-4.025358E-4
9.980000E-8	-5.018892E-4
9.985000E-8	-5.806867E-4
9.990000E-8	-6.389284E-4
9.995000E-8	-6.886051E-4
1.000000E-7	-7.211519E-4
1.000500E-7	-6.988830E-4
1.001000E-7	-6.337894E-4
1.001500E-7	-5.584179E-4
1.002000E-7	-4.864723E-4
1.002500E-7	-4.145267E-4
1.003000E-7	-3.477201E-4
1.003500E-7	-3.083213E-4
1.004000E-7	-3.083213E-4
1.004500E-7	-3.545721E-4
1.005000E-7	-4.179527E-4
1.005500E-7	-4.642034E-4
1.006000E-7	-5.207321E-4
1.006500E-7	-6.029556E-4
1.007000E-7	-6.749012E-4
1.007500E-7	-7.023090E-4
1.008000E-7	-7.108740E-4
1.008500E-7	-7.245779E-4
1.009000E-7	-7.280039E-4
1.009500E-7	-7.194389E-4
1.010000E-7	-7.091610E-4
1.010500E-7	-7.057350E-4
1.011000E-7	-7.194389E-4
1.011500E-7	-7.399948E-4
1.012000E-7	-7.639767E-4
1.012500E-7	-7.896715E-4
1.013000E-7	-8.187923E-4
1.013500E-7	-8.324963E-4
1.014000E-7	-8.170794E-4
1.014500E-7	-7.948105E-4
1.015000E-7	-7.811066E-4
1.015500E-7	-7.622637E-4
1.016000E-7	-7.348558E-4
1.016500E-7	-7.108740E-4
1.017000E-7	-6.988830E-4
1.017500E-7	-6.783272E-4
1.018000E-7	-6.337894E-4
1.018500E-7	-5.806867E-4
1.019000E-7	-5.481399E-4
1.019500E-7	-5.275841E-4
1.020000E-7	-4.881853E-4
1.020500E-7	-4.265176E-4
1.021000E-7	-3.425811E-4
1.021500E-7	-2.243848E-4
1.022000E-7	-6.678976E-5
1.022500E-7	9.937027E-5
1.023000E-7	2.432614E-4
1.023500E-7	3.631707E-4
1.024000E-7	4.402553E-4
1.024500E-7	4.933580E-4
1.025000E-7	5.464606E-4
1.025500E-7	5.961374E-4
1.026000E-7	6.047023E-4
1.026500E-7	5.653035E-4
1.027000E-7	5.002099E-4
1.027500E-7	4.042825E-4
1.028000E-7	2.929381E-4
1.028500E-7	2.004367E-4
1.029000E-7	1.233521E-4
1.029500E-7	3.256366E-5
1.030000E-7	-6.336378E-5
1.030500E-7	-1.592912E-4
1.031000E-7	-2.654966E-4
1.031500E-7	-3.871189E-4
1.032000E-7	-5.053152E-4
1.032500E-7	-6.098076E-4
1.033000E-7	-7.057350E-4
1.033500E-7	-7.879585E-4
1.034000E-7	-8.599041E-4
1.034500E-7	-9.284237E-4
1.035000E-7	-9.746744E-4
1.035500E-7	-1.005508E-3
1.036000E-7	-1.029490E-3
1.036500E-7	-1.039768E-3
1.037000E-7	-1.034629E-3
1.037500E-7	-1.029490E-3
1.038000E-7	-1.032916E-3
1.038500E-7	-1.022638E-3
1.039000E-7	-9.900913E-4
1.039500E-7	-9.489796E-4
1.040000E-7	-9.215717E-4
1.040500E-7	-8.993029E-4
1.041000E-7	-8.581911E-4
1.041500E-7	-8.050884E-4
1.042000E-7	-7.622637E-4
1.042500E-7	-7.211519E-4
1.043000E-7	-6.629103E-4
1.043500E-7	-6.080946E-4
1.044000E-7	-5.755478E-4
1.044500E-7	-5.532789E-4
1.045000E-7	-5.275841E-4
1.045500E-7	-5.036022E-4
1.046000E-7	-4.659164E-4
1.046500E-7	-4.196657E-4
1.047000E-7	-3.717020E-4
1.047500E-7	-3.340162E-4
1.048000E-7	-3.014694E-4
1.048500E-7	-2.809135E-4
1.049000E-7	-2.792005E-4
1.049500E-7	-2.946174E-4
1.050000E-7	-3.185993E-4
1.050500E-7	-3.151733E-4
1.051000E-7	-2.706356E-4
1.051500E-7	-2.175329E-4
1.052000E-7	-1.610042E-4
1.052500E-7	-8.049368E-5
1.053000E-7	1.372077E-5
1.053500E-7	8.737934E-5
1.054000E-7	1.370560E-4
1.054500E-7	1.781678E-4
1.055000E-7	1.867328E-4
1.055500E-7	1.404820E-4
1.056000E-7	5.654552E-5
1.056500E-7	-4.965986E-5
1.057000E-7	-1.781341E-4
1.057500E-7	-3.014694E-4
1.058000E-7	-3.991098E-4
1.058500E-7	-4.847593E-4
1.059000E-7	-5.447140E-4
1.059500E-7	-5.567049E-4
1.060000E-7	-5.464269E-4
1.060500E-7	-5.207321E-4
1.061000E-7	-4.761944E-4
1.061500E-7	-4.282306E-4
1.062000E-7	-4.042488E-4
1.062500E-7	-4.145267E-4
1.063000E-7	-4.590645E-4
1.063500E-7	-5.275841E-4
1.064000E-7	-5.961037E-4
1.064500E-7	-6.320764E-4
1.065000E-7	-6.560583E-4
1.065500E-7	-6.834661E-4
1.066000E-7	-7.040220E-4
1.066500E-7	-7.108740E-4
1.067000E-7	-7.143000E-4
1.067500E-7	-7.280039E-4
1.068000E-7	-7.725416E-4
1.068500E-7	-8.342093E-4
1.069000E-7	-8.890249E-4
1.069500E-7	-9.575445E-4
1.070000E-7	-1.048333E-3
1.070500E-7	-1.128844E-3
1.071000E-7	-1.176807E-3
1.071500E-7	-1.199076E-3
1.072000E-7	-1.192224E-3
1.072500E-7	-1.144260E-3
1.073000E-7	-1.058611E-3
1.073500E-7	-9.284237E-4
1.074000E-7	-7.605507E-4
1.074500E-7	-5.772608E-4
1.075000E-7	-4.059618E-4
1.075500E-7	-2.483667E-4
1.076000E-7	-1.079015E-4
1.076500E-7	1.685294E-8
1.077000E-7	5.997150E-5
1.077500E-7	8.737934E-5
1.078000E-7	9.765728E-5
1.078500E-7	1.113612E-4
1.079000E-7	1.079352E-4
1.079500E-7	8.052738E-5
1.080000E-7	3.598964E-5
1.080500E-7	-1.540006E-5
1.081000E-7	-8.563264E-5
1.081500E-7	-1.610042E-4
1.082000E-7	-2.278108E-4
1.082500E-7	-2.877655E-4
1.083000E-7	-3.442941E-4
1.083500E-7	-3.905449E-4
1.084000E-7	-4.350826E-4
1.084500E-7	-4.779073E-4
1.085000E-7	-5.001762E-4
1.085500E-7	-5.121671E-4
1.086000E-7	-5.361490E-4
1.086500E-7	-5.635568E-4
1.087000E-7	-5.515659E-4
1.087500E-7	-5.087412E-4
1.088000E-7	-4.693424E-4
1.088500E-7	-4.265176E-4
1.089000E-7	-3.682760E-4
1.089500E-7	-3.185993E-4
1.090000E-7	-2.946174E-4
1.090500E-7	-2.740615E-4
1.091000E-7	-2.552187E-4
1.091500E-7	-2.723486E-4
1.092000E-7	-3.425811E-4
1.092500E-7	-4.419346E-4
1.093000E-7	-5.481399E-4
1.093500E-7	-6.543453E-4
1.094000E-7	-7.605507E-4
1.094500E-7	-8.616171E-4
1.095000E-7	-9.335627E-4
1.095500E-7	-9.472666E-4
1.096000E-7	-9.232847E-4
1.096500E-7	-8.958769E-4
1.097000E-7	-8.564781E-4
1.097500E-7	-7.999495E-4
1.098000E-7	-7.502727E-4
1.098500E-7	-7.280039E-4
1.099000E-7	-7.211519E-4
1.099500E-7	-7.211519E-4
1.100000E-7	-7.280039E-4
1.100500E-7	-7.262909E-4
1.101000E-7	-6.954571E-4
1.101500E-7	-6.526323E-4
1.102000E-7	-6.183725E-4
1.102500E-7	-5.618439E-4
1.103000E-7	-4.642034E-4
1.103500E-7	-3.425811E-4
1.104000E-7	-2.192459E-4
1.104500E-7	-1.079015E-4
1.105000E-7	-2.225202E-5
1.105500E-7	4.284160E-5
1.106000E-7	9.080532E-5
1.106500E-7	1.079352E-4
1.107000E-7	9.080532E-5
1.107500E-7	6.853645E-5
1.108000E-7	4.626758E-5
1.108500E-7	1.714675E-5
1.109000E-7	-1.368707E-5
1.109500E-7	-3.424295E-5
1.110000E-7	-4.794687E-5
1.110500E-7	-6.165079E-5
1.111000E-7	-7.535471E-5
1.111500E-7	-7.535471E-5
1.112000E-7	-5.308584E-5
1.112500E-7	-2.567800E-5
1.113000E-7	-1.882604E-5
1.113500E-7	-4.109491E-5
1.114000E-7	-7.706770E-5
1.114500E-7	-1.164665E-4
1.115000E-7	-1.729951E-4
1.115500E-7	-2.449407E-4
1.116000E-7	-3.271642E-4
1.116500E-7	-4.162397E-4
1.117000E-7	-5.087412E-4
1.117500E-7	-5.823997E-4
1.118000E-7	-6.183725E-4
1.118500E-7	-6.286505E-4
1.119000E-7	-6.389284E-4
1.119500E-7	-6.457804E-4
1.120000E-7	-6.492063E-4
1.120500E-7	-6.611973E-4
1.121000E-7	-6.594843E-4
1.121500E-7	-6.372154E-4
1.122000E-7	-5.943907E-4
1.122500E-7	-5.344360E-4
1.123000E-7	-4.573515E-4
1.123500E-7	-3.802669E-4
1.124000E-7	-3.203123E-4
1.124500E-7	-2.757745E-4
1.125000E-7	-2.517927E-4
1.125500E-7	-2.415147E-4
1.126000E-7	-2.398017E-4
1.126500E-7	-2.415147E-4
1.127000E-7	-2.723486E-4
1.127500E-7	-3.305902E-4
1.128000E-7	-4.128137E-4
1.128500E-7	-5.001762E-4
1.129000E-7	-5.721218E-4
1.129500E-7	-6.115206E-4
1.130000E-7	-6.474934E-4
1.130500E-7	-6.920311E-4
1.131000E-7	-7.314299E-4
1.131500E-7	-7.588377E-4
1.132000E-7	-7.759676E-4
1.132500E-7	-7.862455E-4
1.133000E-7	-7.725416E-4
1.133500E-7	-7.519857E-4
1.134000E-7	-7.194389E-4
1.134500E-7	-6.731882E-4
1.135000E-7	-6.286505E-4
1.135500E-7	-6.098076E-4
1.136000E-7	-6.063816E-4
1.136500E-7	-5.943907E-4
1.137000E-7	-5.823997E-4
1.137500E-7	-5.909647E-4
1.138000E-7	-6.080946E-4
1.138500E-7	-6.235115E-4
1.139000E-7	-6.457804E-4
1.139500E-7	-6.920311E-4
1.140000E-7	-7.536987E-4
1.140500E-7	-8.068014E-4
1.141000E-7	-8.359222E-4
1.141500E-7	-8.256443E-4
1.142000E-7	-7.725416E-4
1.142500E-7	-7.023090E-4
1.143000E-7	-6.269375E-4
1.143500E-7	-5.412880E-4
1.144000E-7	-4.470735E-4
1.144500E-7	-3.631370E-4
1.145000E-7	-2.894784E-4
1.145500E-7	-2.295238E-4
1.146000E-7	-2.021160E-4
1.146500E-7	-2.226718E-4
1.147000E-7	-2.740615E-4
1.147500E-7	-3.682760E-4
1.148000E-7	-5.121671E-4
1.148500E-7	-6.783272E-4
1.149000E-7	-8.290703E-4
1.149500E-7	-9.763874E-4
1.150000E-7	-1.115140E-3
1.150500E-7	-1.192224E-3
1.151000E-7	-1.188798E-3
1.151500E-7	-1.132270E-3
1.152000E-7	-1.026064E-3
1.152500E-7	-8.496262E-4
1.153000E-7	-6.337894E-4
1.153500E-7	-4.230917E-4
1.154000E-7	-2.209589E-4
1.154500E-7	-3.252996E-5
1.155000E-7	1.147872E-4
1.155500E-7	2.175666E-4
1.156000E-7	2.860862E-4
1.156500E-7	3.066421E-4
1.157000E-7	2.775212E-4
1.157500E-7	2.398354E-4
1.158000E-7	2.090016E-4
1.158500E-7	1.764548E-4
1.159000E-7	1.473340E-4
1.159500E-7	1.302041E-4
1.160000E-7	1.079352E-4
1.160500E-7	9.423130E-5
1.161000E-7	1.113612E-4
1.161500E-7	1.404820E-4
1.162000E-7	1.490470E-4
1.162500E-7	1.593249E-4
1.163000E-7	1.952977E-4
1.163500E-7	2.466874E-4
1.164000E-7	2.929381E-4
1.164500E-7	3.289109E-4
1.165000E-7	3.511798E-4
1.165500E-7	3.597447E-4
1.166000E-7	3.563188E-4
1.166500E-7	3.340499E-4
1.167000E-7	2.980771E-4
1.167500E-7	2.518264E-4
1.168000E-7	2.004367E-4
1.168500E-7	1.558989E-4
1.169000E-7	1.130742E-4
1.169500E-7	5.825851E-5
1.170000E-7	-6.835107E-6
1.170500E-7	-7.192873E-5
1.171000E-7	-1.455873E-4
1.171500E-7	-2.449407E-4
1.172000E-7	-3.597110E-4
1.172500E-7	-4.779073E-4
1.173000E-7	-5.943907E-4
1.173500E-7	-6.903181E-4
1.174000E-7	-7.639767E-4
1.174500E-7	-8.256443E-4
1.175000E-7	-8.633301E-4
1.175500E-7	-8.581911E-4
1.176000E-7	-8.359222E-4
1.176500E-7	-8.102274E-4
1.177000E-7	-7.588377E-4
1.177500E-7	-6.851791E-4
1.178000E-7	-6.183725E-4
1.178500E-7	-5.704088E-4
1.179000E-7	-5.241581E-4
1.179500E-7	-4.847593E-4
1.180000E-7	-4.504995E-4
1.180500E-7	-4.265176E-4
1.181000E-7	-4.093877E-4
1.181500E-7	-4.059618E-4
1.182000E-7	-3.991098E-4
1.182500E-7	-3.819799E-4
1.183000E-7	-3.682760E-4
1.183500E-7	-3.562851E-4
1.184000E-7	-3.460071E-4
1.184500E-7	-3.425811E-4
1.185000E-7	-3.460071E-4
1.185500E-7	-3.768409E-4
1.186000E-7	-4.350826E-4
1.186500E-7	-5.001762E-4
1.187000E-7	-5.498529E-4
1.187500E-7	-5.926777E-4
1.188000E-7	-6.440674E-4
1.188500E-7	-6.800402E-4
1.189000E-7	-6.817531E-4
1.189500E-7	-6.663362E-4
1.190000E-7	-6.509193E-4
1.190500E-7	-6.200855E-4
1.191000E-7	-5.772608E-4
1.191500E-7	-5.412880E-4
1.192000E-7	-5.190191E-4
1.192500E-7	-5.087412E-4
1.193000E-7	-5.121671E-4
1.193500E-7	-5.036022E-4
1.194000E-7	-4.676294E-4
1.194500E-7	-4.265176E-4
1.195000E-7	-4.008228E-4
1.195500E-7	-3.648500E-4
1.196000E-7	-3.117473E-4
1.196500E-7	-2.603576E-4
1.197000E-7	-2.072549E-4
1.197500E-7	-1.507263E-4
1.198000E-7	-1.044755E-4
1.198500E-7	-9.248460E-5
1.199000E-7	-1.216054E-4
1.199500E-7	-1.764211E-4
1.200000E-7	-2.380888E-4
1.200500E-7	-2.980434E-4
1.201000E-7	-3.545721E-4
1.201500E-7	-3.836929E-4
1.202000E-7	-3.768409E-4
1.202500E-7	-3.511461E-4
1.203000E-7	-3.185993E-4
1.203500E-7	-2.620706E-4
1.204000E-7	-1.952640E-4
1.204500E-7	-1.404483E-4
1.205000E-7	-9.419759E-5
1.205500E-7	-4.965986E-5
1.206000E-7	-3.595594E-5
1.206500E-7	-7.021574E-5
1.207000E-7	-1.473003E-4
1.207500E-7	-2.363758E-4
1.208000E-7	-3.254512E-4
1.208500E-7	-4.145267E-4
1.209000E-7	-5.121671E-4
1.209500E-7	-5.926777E-4
1.210000E-7	-6.406414E-4
1.210500E-7	-6.680492E-4
1.211000E-7	-6.868921E-4
1.211500E-7	-6.868921E-4
1.212000E-7	-6.560583E-4
1.212500E-7	-6.235115E-4
1.213000E-7	-5.909647E-4
1.213500E-7	-5.310100E-4
1.214000E-7	-4.470735E-4
1.214500E-7	-3.717020E-4
1.215000E-7	-2.997564E-4
1.215500E-7	-2.243848E-4
1.216000E-7	-1.747081E-4
1.216500E-7	-1.592912E-4
1.217000E-7	-1.592912E-4
1.217500E-7	-1.695692E-4
1.218000E-7	-1.918380E-4
1.218500E-7	-2.038290E-4
1.219000E-7	-2.004030E-4
1.219500E-7	-1.986900E-4
1.220000E-7	-1.884120E-4
1.220500E-7	-1.678562E-4
1.221000E-7	-1.541522E-4
1.221500E-7	-1.473003E-4
1.222000E-7	-1.301704E-4
1.222500E-7	-1.079015E-4
1.223000E-7	-9.933656E-5
1.223500E-7	-1.164665E-4
1.224000E-7	-1.507263E-4
1.224500E-7	-1.729951E-4
1.225000E-7	-1.781341E-4
1.225500E-7	-1.884120E-4
1.226000E-7	-2.226718E-4
1.226500E-7	-2.620706E-4
1.227000E-7	-3.031824E-4
1.227500E-7	-3.494331E-4
1.228000E-7	-3.922578E-4
1.228500E-7	-4.230917E-4
1.229000E-7	-4.436475E-4
1.229500E-7	-4.727684E-4
1.230000E-7	-5.087412E-4
1.230500E-7	-5.275841E-4
1.231000E-7	-5.241581E-4
1.231500E-7	-5.224451E-4
1.232000E-7	-5.430010E-4
1.232500E-7	-5.652698E-4
1.233000E-7	-5.858257E-4
1.233500E-7	-6.217985E-4
1.234000E-7	-6.766142E-4
1.234500E-7	-7.331428E-4
1.235000E-7	-8.068014E-4
1.235500E-7	-9.078678E-4
1.236000E-7	-1.000369E-3
1.236500E-7	-1.065463E-3
1.237000E-7	-1.125418E-3
1.237500E-7	-1.176807E-3
1.238000E-7	-1.178520E-3
1.238500E-7	-1.127131E-3
1.239000E-7	-1.041481E-3
1.239500E-7	-9.181458E-4
1.240000E-7	-7.622637E-4
1.240500E-7	-6.046686E-4
1.241000E-7	-4.744814E-4
1.241500E-7	-3.528591E-4
1.242000E-7	-2.483667E-4
1.242500E-7	-1.678562E-4
1.243000E-7	-1.130405E-4
1.243500E-7	-8.391965E-5
1.244000E-7	-9.077161E-5
1.244500E-7	-1.301704E-4
1.245000E-7	-1.901250E-4
1.245500E-7	-2.569316E-4
1.246000E-7	-3.100343E-4
1.246500E-7	-3.288772E-4
1.247000E-7	-3.271642E-4
1.247500E-7	-3.031824E-4
1.248000E-7	-2.500797E-4
1.248500E-7	-1.781341E-4
1.249000E-7	-9.419759E-5
1.249500E-7	6.868813E-6
1.250000E-7	1.216391E-4
1.250500E-7	2.398354E-4
1.251000E-7	3.580318E-4
1.251500E-7	4.642371E-4
1.252000E-7	5.139138E-4
1.252500E-7	5.070619E-4
1.253000E-7	4.539592E-4
1.253500E-7	3.494668E-4
1.254000E-7	1.867328E-4
1.254500E-7	-1.368707E-5
1.255000E-7	-2.329498E-4
1.255500E-7	-4.642034E-4
1.256000E-7	-6.817531E-4
1.256500E-7	-8.564781E-4
1.257000E-7	-9.729614E-4
1.257500E-7	-1.019212E-3
1.258000E-7	-9.935173E-4
1.258500E-7	-9.112938E-4
1.259000E-7	-7.793936E-4
1.259500E-7	-6.166595E-4
1.260000E-7	-4.573515E-4
1.260500E-7	-3.203123E-4
1.261000E-7	-2.021160E-4
1.261500E-7	-1.181795E-4
1.262000E-7	-9.248460E-5
1.262500E-7	-1.198924E-4
1.263000E-7	-1.832731E-4
1.263500E-7	-3.083213E-4
1.264000E-7	-4.898983E-4
1.264500E-7	-6.697622E-4
1.265000E-7	-8.205053E-4
1.265500E-7	-9.472666E-4
1.266000E-7	-1.015786E-3
1.266500E-7	-1.007221E-3
1.267000E-7	-9.387016E-4
1.267500E-7	-8.273573E-4
1.268000E-7	-6.509193E-4
1.268500E-7	-4.316566E-4
1.269000E-7	-2.055419E-4
1.269500E-7	1.372077E-5
1.270000E-7	2.261315E-4
1.270500E-7	4.196994E-4
1.271000E-7	5.755815E-4
1.271500E-7	6.646570E-4
1.272000E-7	6.612310E-4
1.272500E-7	5.807204E-4
1.273000E-7	4.419683E-4
1.273500E-7	2.535394E-4
1.274000E-7	1.885974E-5
1.274500E-7	-2.192459E-4
1.275000E-7	-4.128137E-4
1.275500E-7	-5.412880E-4
1.276000E-7	-6.200855E-4
1.276500E-7	-6.474934E-4
1.277000E-7	-5.978166E-4
1.277500E-7	-4.744814E-4
1.278000E-7	-3.168863E-4
1.278500E-7	-1.524393E-4
1.279000E-7	1.714675E-5
1.279500E-7	1.987237E-4
1.280000E-7	3.665967E-4
1.280500E-7	4.830800E-4
1.281000E-7	5.327567E-4
1.281500E-7	5.396087E-4
1.282000E-7	5.241918E-4
1.282500E-7	4.830800E-4
1.283000E-7	4.111344E-4
1.283500E-7	3.409019E-4
1.284000E-7	2.877992E-4
1.284500E-7	2.466874E-4
1.285000E-7	1.970107E-4
1.285500E-7	1.336301E-4
1.286000E-7	7.367542E-5
1.286500E-7	3.256366E-5
1.287000E-7	5.155823E-6
1.287500E-7	-3.595594E-5
1.288000E-7	-6.678976E-5
1.288500E-7	-7.364172E-5
1.289000E-7	-7.021574E-5
1.289500E-7	-8.049368E-5
1.290000E-7	-8.734563E-5
1.290500E-7	-9.248460E-5
1.291000E-7	-1.044755E-4
1.291500E-7	-1.216054E-4
1.292000E-7	-1.507263E-4
1.292500E-7	-2.226718E-4
1.293000E-7	-3.271642E-4
1.293500E-7	-4.299436E-4
1.294000E-7	-5.344360E-4
1.294500E-7	-6.492063E-4
1.295000E-7	-7.417078E-4
1.295500E-7	-7.811066E-4
1.296000E-7	-7.742546E-4
1.296500E-7	-7.348558E-4
1.297000E-7	-6.355024E-4
1.297500E-7	-4.796203E-4
1.298000E-7	-2.860525E-4
1.298500E-7	-7.364172E-5
1.299000E-7	1.250651E-4
1.299500E-7	2.843732E-4
1.300000E-7	4.008565E-4
1.300500E-7	4.796540E-4
1.301000E-7	5.036359E-4
1.301500E-7	4.556722E-4
1.302000E-7	3.460408E-4
1.302500E-7	2.107146E-4
1.303000E-7	9.080532E-5
1.303500E-7	1.543376E-5
1.304000E-7	-1.540006E-5
1.304500E-7	-2.053903E-5
1.305000E-7	-1.368707E-5
1.305500E-7	8.581803E-6
1.306000E-7	3.941562E-5
1.306500E-7	7.881439E-5
1.307000E-7	1.130742E-4
1.307500E-7	1.267781E-4
1.308000E-7	1.045092E-4
1.308500E-7	5.825851E-5
1.309000E-7	2.228572E-5
1.309500E-7	1.885974E-5
1.310000E-7	3.941562E-5
1.310500E-7	7.538841E-5
1.311000E-7	1.182132E-4
1.311500E-7	1.678899E-4
1.312000E-7	2.038627E-4
1.312500E-7	2.158536E-4
1.313000E-7	2.261315E-4
1.313500E-7	2.518264E-4
1.314000E-7	2.501134E-4
1.314500E-7	2.021497E-4
1.315000E-7	1.507600E-4
1.315500E-7	1.147872E-4
1.316000E-7	6.853645E-5
1.316500E-7	2.742469E-5
1.317000E-7	1.714675E-5
1.317500E-7	2.742469E-5
1.318000E-7	4.798057E-5
1.318500E-7	1.045092E-4
1.319000E-7	1.918717E-4
1.319500E-7	2.655303E-4
1.320000E-7	2.946511E-4
1.320500E-7	2.963641E-4
1.321000E-7	2.758082E-4
1.321500E-7	2.312705E-4
1.322000E-7	1.576119E-4
1.322500E-7	8.909233E-5
1.323000E-7	4.284160E-5
1.323500E-7	-5.122117E-6
1.324000E-7	-6.336378E-5
1.324500E-7	-9.419759E-5
1.325000E-7	-8.220666E-5
1.325500E-7	-5.479883E-5
1.326000E-7	-2.739099E-5
1.326500E-7	3.442833E-6
1.327000E-7	2.913768E-5
1.327500E-7	5.483253E-5
1.328000E-7	7.881439E-5
1.328500E-7	8.224037E-5
1.329000E-7	7.024944E-5
1.329500E-7	5.997150E-5
1.330000E-7	6.511047E-5
1.330500E-7	6.168449E-5
1.331000E-7	5.311954E-5
1.331500E-7	6.168449E-5
1.332000E-7	1.010833E-4
1.332500E-7	1.610379E-4
1.333000E-7	2.278445E-4
1.333500E-7	3.015031E-4
1.334000E-7	3.717357E-4
1.334500E-7	4.025695E-4
1.335000E-7	3.854396E-4
1.335500E-7	3.374759E-4
1.336000E-7	2.603913E-4
1.336500E-7	1.507600E-4
1.337000E-7	4.455459E-5
1.337500E-7	-4.109491E-5
1.338000E-7	-1.181795E-4
1.338500E-7	-1.832731E-4
1.339000E-7	-2.072549E-4
1.339500E-7	-1.798471E-4
1.340000E-7	-1.061885E-4
1.340500E-7	5.155823E-6
1.341000E-7	1.302041E-4
1.341500E-7	2.518264E-4
1.342000E-7	3.700227E-4
1.342500E-7	4.779411E-4
1.343000E-7	5.498866E-4
1.343500E-7	5.772945E-4
1.344000E-7	5.738685E-4
1.344500E-7	5.378957E-4
1.345000E-7	4.728021E-4
1.345500E-7	4.059955E-4
1.346000E-7	3.443278E-4
1.346500E-7	2.740952E-4
1.347000E-7	1.987237E-4
1.347500E-7	1.284911E-4
1.348000E-7	5.825851E-5
1.348500E-7	-1.026109E-5
1.349000E-7	-6.678976E-5
1.349500E-7	-1.096145E-4
1.350000E-7	-1.644302E-4
1.350500E-7	-2.312368E-4
1.351000E-7	-2.826265E-4
1.351500E-7	-2.963304E-4
1.352000E-7	-2.860525E-4
1.352500E-7	-2.654966E-4
1.353000E-7	-2.209589E-4
1.353500E-7	-1.438743E-4
1.354000E-7	-5.822481E-5
1.354500E-7	1.714675E-5
1.355000E-7	9.937027E-5
1.355500E-7	1.952977E-4
1.356000E-7	2.929381E-4
1.356500E-7	3.631707E-4
1.357000E-7	3.871526E-4
1.357500E-7	3.546058E-4
1.358000E-7	2.946511E-4
1.358500E-7	2.381225E-4
1.359000E-7	1.884457E-4
1.359500E-7	1.319171E-4
1.360000E-7	8.737934E-5
1.360500E-7	5.311954E-5
1.361000E-7	3.598964E-5
1.361500E-7	2.913768E-5
1.362000E-7	4.626758E-5
1.362500E-7	9.423130E-5
1.363000E-7	1.507600E-4
1.363500E-7	1.987237E-4
1.364000E-7	2.398354E-4
1.364500E-7	2.586783E-4
1.365000E-7	2.398354E-4
1.365500E-7	1.918717E-4
1.366000E-7	1.284911E-4
1.366500E-7	4.284160E-5
1.367000E-7	-5.822481E-5
1.367500E-7	-1.627172E-4
1.368000E-7	-2.517927E-4
1.368500E-7	-3.168863E-4
1.369000E-7	-3.391552E-4
1.369500E-7	-3.031824E-4
1.370000E-7	-2.141069E-4
1.370500E-7	-1.044755E-4
1.371000E-7	3.442833E-6
1.371500E-7	1.062222E-4
1.372000E-7	2.124276E-4
1.372500E-7	3.066421E-4
1.373000E-7	3.665967E-4
1.373500E-7	3.734487E-4
1.374000E-7	3.460408E-4
1.374500E-7	3.032161E-4
1.375000E-7	2.501134E-4
1.375500E-7	1.952977E-4
1.376000E-7	1.370560E-4
1.376500E-7	9.423130E-5
1.377000E-7	8.395336E-5
1.377500E-7	8.737934E-5
1.378000E-7	7.710140E-5
1.378500E-7	6.511047E-5
1.379000E-7	5.140655E-5
1.379500E-7	1.200778E-5
1.380000E-7	-7.364172E-5
1.380500E-7	-1.952640E-4
1.381000E-7	-3.168863E-4
1.381500E-7	-4.350826E-4
1.382000E-7	-5.344360E-4
1.382500E-7	-6.046686E-4
1.383000E-7	-6.372154E-4
1.383500E-7	-6.337894E-4
1.384000E-7	-6.183725E-4
1.384500E-7	-5.995296E-4
1.385000E-7	-5.704088E-4
1.385500E-7	-5.173061E-4
1.386000E-7	-4.470735E-4
1.386500E-7	-3.562851E-4
1.387000E-7	-2.466537E-4
1.387500E-7	-1.370223E-4
1.388000E-7	-4.452089E-5
1.388500E-7	2.742469E-5
1.389000E-7	6.339748E-5
1.389500E-7	6.853645E-5
1.390000E-7	5.654552E-5
1.390500E-7	4.455459E-5
1.391000E-7	1.714675E-5
1.391500E-7	-2.225202E-5
1.392000E-7	-4.623388E-5
1.392500E-7	-4.794687E-5
1.393000E-7	-4.280790E-5
1.393500E-7	-4.280790E-5
1.394000E-7	-5.137285E-5
1.394500E-7	-5.993780E-5
1.395000E-7	-6.336378E-5
1.395500E-7	-8.905862E-5
1.396000E-7	-1.455873E-4
1.396500E-7	-1.969770E-4
1.397000E-7	-2.329498E-4
1.397500E-7	-2.740615E-4
1.398000E-7	-3.168863E-4
1.398500E-7	-3.151733E-4
1.399000E-7	-2.586446E-4
1.399500E-7	-1.678562E-4
1.400000E-7	-3.595594E-5
1.400500E-7	1.250651E-4
1.401000E-7	2.740952E-4
1.401500E-7	3.803006E-4
1.402000E-7	4.334033E-4
1.402500E-7	4.402553E-4
1.403000E-7	4.094215E-4
1.403500E-7	3.357629E-4
1.404000E-7	2.158536E-4
1.404500E-7	7.024944E-5
1.405000E-7	-7.535471E-5
1.405500E-7	-2.021160E-4
1.406000E-7	-2.843395E-4
1.406500E-7	-2.963304E-4
1.407000E-7	-2.398017E-4
1.407500E-7	-1.524393E-4
1.408000E-7	-3.938192E-5
1.408500E-7	9.423130E-5
1.409000E-7	2.227055E-4
1.409500E-7	3.015031E-4
1.410000E-7	2.997901E-4
1.410500E-7	2.295575E-4
1.411000E-7	9.594429E-5
1.411500E-7	-7.364172E-5
1.412000E-7	-2.500797E-4
1.412500E-7	-4.196657E-4
1.413000E-7	-5.618439E-4
1.413500E-7	-6.492063E-4
1.414000E-7	-6.783272E-4
1.414500E-7	-6.697622E-4
1.415000E-7	-6.080946E-4
1.415500E-7	-4.710554E-4
1.416000E-7	-2.877655E-4
1.416500E-7	-1.044755E-4
1.417000E-7	7.196243E-5
1.417500E-7	2.432614E-4
1.418000E-7	3.717357E-4
1.418500E-7	4.453942E-4
1.419000E-7	4.899320E-4
1.419500E-7	4.984969E-4
1.420000E-7	4.505332E-4
1.420500E-7	3.597447E-4
1.421000E-7	2.586783E-4
1.421500E-7	1.576119E-4
1.422000E-7	5.997150E-5
1.422500E-7	-2.225202E-5
1.423000E-7	-9.591058E-5
1.423500E-7	-1.781341E-4
1.424000E-7	-2.483667E-4
1.424500E-7	-2.877655E-4
1.425000E-7	-3.151733E-4
1.425500E-7	-3.391552E-4
1.426000E-7	-3.425811E-4
1.426500E-7	-3.391552E-4
1.427000E-7	-3.477201E-4
1.427500E-7	-3.494331E-4
1.428000E-7	-3.151733E-4
1.428500E-7	-2.586446E-4
1.429000E-7	-1.815601E-4
1.429500E-7	-8.220666E-5
1.430000E-7	2.571170E-5
1.430500E-7	1.370560E-4
1.431000E-7	2.621043E-4
1.431500E-7	3.905786E-4
1.432000E-7	4.882190E-4
1.432500E-7	5.584516E-4
1.433000E-7	5.978503E-4
1.433500E-7	5.927114E-4
1.434000E-7	5.447477E-4
1.434500E-7	4.608112E-4
1.435000E-7	3.306239E-4
1.435500E-7	1.661769E-4
1.436000E-7	6.868813E-6
1.436500E-7	-1.404483E-4
1.437000E-7	-2.860525E-4
1.437500E-7	-4.111007E-4
1.438000E-7	-4.881853E-4
1.438500E-7	-5.207321E-4
1.439000E-7	-5.104542E-4
1.439500E-7	-4.522125E-4
1.440000E-7	-3.631370E-4
1.440500E-7	-2.689226E-4
1.441000E-7	-1.764211E-4
1.441500E-7	-7.535471E-5
1.442000E-7	6.868813E-6
1.442500E-7	4.626758E-5
1.443000E-7	3.941562E-5
1.443500E-7	-8.548097E-6
1.444000E-7	-7.878069E-5
1.444500E-7	-1.524393E-4
1.445000E-7	-2.346628E-4
1.445500E-7	-3.185993E-4
1.446000E-7	-3.905449E-4
1.446500E-7	-4.299436E-4
1.447000E-7	-4.316566E-4
1.447500E-7	-3.751279E-4
1.448000E-7	-2.637836E-4
1.448500E-7	-1.318834E-4
1.449000E-7	-1.696137E-6
1.449500E-7	1.216391E-4
1.450000E-7	2.295575E-4
1.450500E-7	2.912251E-4
1.451000E-7	2.843732E-4
1.451500E-7	2.175666E-4
1.452000E-7	1.165002E-4
1.452500E-7	-6.835107E-6
1.453000E-7	-1.524393E-4
1.453500E-7	-3.117473E-4
1.454000E-7	-4.556385E-4
1.454500E-7	-5.584179E-4
1.455000E-7	-6.098076E-4
1.455500E-7	-6.200855E-4
1.456000E-7	-5.875387E-4
1.456500E-7	-5.104542E-4
1.457000E-7	-4.076748E-4
1.457500E-7	-2.911914E-4
1.458000E-7	-1.712821E-4
1.458500E-7	-6.336378E-5
1.459000E-7	2.399871E-5
1.459500E-7	8.737934E-5
1.460000E-7	1.216391E-4
1.460500E-7	1.353431E-4
1.461000E-7	1.473340E-4
1.461500E-7	1.541859E-4
1.462000E-7	1.524730E-4
1.462500E-7	1.678899E-4
1.463000E-7	2.107146E-4
1.463500E-7	2.535394E-4
1.464000E-7	2.912251E-4
1.464500E-7	3.254849E-4
1.465000E-7	3.580318E-4
1.465500E-7	3.974305E-4
1.466000E-7	4.334033E-4
1.466500E-7	4.368293E-4
1.467000E-7	4.196994E-4
1.467500E-7	3.940045E-4
1.468000E-7	3.357629E-4
1.468500E-7	2.312705E-4
1.469000E-7	1.147872E-4
1.469500E-7	1.029479E-5
1.470000E-7	-9.591058E-5
1.470500E-7	-1.969770E-4
1.471000E-7	-2.654966E-4
1.471500E-7	-2.757745E-4
1.472000E-7	-2.346628E-4
1.472500E-7	-1.644302E-4
1.473000E-7	-8.734563E-5
1.473500E-7	-1.368707E-5
1.474000E-7	5.825851E-5
1.474500E-7	1.267781E-4
1.475000E-7	2.021497E-4
1.475500E-7	2.912251E-4
1.476000E-7	3.683097E-4
1.476500E-7	4.385423E-4
1.477000E-7	4.865060E-4
1.477500E-7	5.036359E-4
1.478000E-7	4.916450E-4
1.478500E-7	4.779411E-4
1.479000E-7	4.453942E-4
1.479500E-7	3.957175E-4
1.480000E-7	3.648837E-4
1.480500E-7	3.443278E-4
1.481000E-7	3.169200E-4
1.481500E-7	2.946511E-4
1.482000E-7	2.980771E-4
1.482500E-7	3.289109E-4
1.483000E-7	3.837266E-4
1.483500E-7	4.625241E-4
1.484000E-7	5.584516E-4
1.484500E-7	6.612310E-4
1.485000E-7	7.588714E-4
1.485500E-7	8.222520E-4
1.486000E-7	8.359560E-4
1.486500E-7	8.085481E-4
1.487000E-7	7.537324E-4
1.487500E-7	6.886388E-4
1.488000E-7	6.235452E-4
1.488500E-7	5.584516E-4
1.489000E-7	5.053489E-4
1.489500E-7	4.693761E-4
1.490000E-7	4.419683E-4
1.490500E-7	4.077085E-4
1.491000E-7	3.665967E-4
1.491500E-7	3.340499E-4
1.492000E-7	3.134940E-4
1.492500E-7	2.929381E-4
1.493000E-7	2.535394E-4
1.493500E-7	2.072886E-4
1.494000E-7	1.507600E-4
1.494500E-7	8.395336E-5
1.495000E-7	8.581803E-6
1.495500E-7	-6.850275E-5
1.496000E-7	-1.404483E-4
1.496500E-7	-2.004030E-4
1.497000E-7	-2.500797E-4
1.497500E-7	-2.963304E-4
1.498000E-7	-3.391552E-4
1.498500E-7	-3.734150E-4
1.499000E-7	-4.145267E-4
1.499500E-7	-4.693424E-4
1.500000E-7	-5.258711E-4
1.500500E-7	-5.789738E-4
1.501000E-7	-6.337894E-4
1.501500E-7	-6.714752E-4
1.502000E-7	-6.646233E-4
1.502500E-7	-6.183725E-4
1.503000E-7	-5.498529E-4
1.503500E-7	-4.402216E-4
1.504000E-7	-2.894784E-4
1.504500E-7	-1.216054E-4
1.505000E-7	4.798057E-5
1.505500E-7	2.107146E-4
1.506000E-7	3.460408E-4
1.506500E-7	4.453942E-4
1.507000E-7	5.070619E-4
1.507500E-7	5.276178E-4
1.508000E-7	5.122008E-4
1.508500E-7	4.728021E-4
1.509000E-7	3.871526E-4
1.509500E-7	2.603913E-4
1.510000E-7	1.302041E-4
1.510500E-7	1.372077E-5
1.511000E-7	-8.563264E-5
1.511500E-7	-1.490133E-4
1.512000E-7	-1.627172E-4
1.512500E-7	-1.575782E-4
1.513000E-7	-1.335964E-4
1.513500E-7	-8.391965E-5
1.514000E-7	-1.197408E-5
1.514500E-7	5.483253E-5
1.515000E-7	1.130742E-4
1.515500E-7	1.696029E-4
1.516000E-7	2.175666E-4
1.516500E-7	2.535394E-4
1.517000E-7	2.706693E-4
1.517500E-7	2.621043E-4
1.518000E-7	2.209926E-4
1.518500E-7	1.507600E-4
1.519000E-7	6.853645E-5
1.519500E-7	1.029479E-5
1.520000E-7	-2.053903E-5
1.520500E-7	-4.623388E-5
1.521000E-7	-6.678976E-5
1.521500E-7	-7.192873E-5
1.522000E-7	-6.165079E-5
1.522500E-7	-3.595594E-5
1.523000E-7	8.581803E-6
1.523500E-7	5.825851E-5
1.524000E-7	1.027963E-4
1.524500E-7	1.507600E-4
1.525000E-7	2.004367E-4
1.525500E-7	2.535394E-4
1.526000E-7	3.049291E-4
1.526500E-7	3.443278E-4
1.527000E-7	3.477538E-4
1.527500E-7	3.237720E-4
1.528000E-7	2.895122E-4
1.528500E-7	2.090016E-4
1.529000E-7	8.566635E-5
1.529500E-7	-1.882604E-5
1.530000E-7	-8.563264E-5
1.530500E-7	-1.592912E-4
1.531000E-7	-2.363758E-4
1.531500E-7	-2.672096E-4
1.532000E-7	-2.809135E-4
1.532500E-7	-3.083213E-4
1.533000E-7	-3.083213E-4
1.533500E-7	-2.449407E-4
1.534000E-7	-1.610042E-4
1.534500E-7	-6.336378E-5
1.535000E-7	8.395336E-5
1.535500E-7	2.621043E-4
1.536000E-7	4.111344E-4
1.536500E-7	5.241918E-4
1.537000E-7	6.115543E-4
1.537500E-7	6.715089E-4
1.538000E-7	6.783609E-4
1.538500E-7	6.321101E-4
1.539000E-7	5.464606E-4
1.539500E-7	4.351163E-4
1.540000E-7	3.032161E-4
1.540500E-7	1.696029E-4
1.541000E-7	3.770263E-5
1.541500E-7	-7.364172E-5
1.542000E-7	-1.473003E-4
1.542500E-7	-1.747081E-4
1.543000E-7	-1.712821E-4
1.543500E-7	-1.455873E-4
1.544000E-7	-1.027625E-4
1.544500E-7	-5.822481E-5
1.545000E-7	-2.225202E-5
1.545500E-7	5.155823E-6
1.546000E-7	2.057273E-5
1.546500E-7	1.714675E-5
1.547000E-7	-1.696137E-6
1.547500E-7	-2.910398E-5
1.548000E-7	-5.308584E-5
1.548500E-7	-5.308584E-5
1.549000E-7	-3.081697E-5
1.549500E-7	5.155823E-6
1.550000E-7	4.798057E-5
1.550500E-7	1.027963E-4
1.551000E-7	1.678899E-4
1.551500E-7	2.398354E-4
1.552000E-7	3.066421E-4
1.552500E-7	3.511798E-4
1.553000E-7	3.803006E-4
1.553500E-7	3.974305E-4
1.554000E-7	3.957175E-4
1.554500E-7	3.665967E-4
1.555000E-7	3.254849E-4
1.555500E-7	2.912251E-4
1.556000E-7	2.655303E-4
1.556500E-7	2.518264E-4
1.557000E-7	2.518264E-4
1.557500E-7	2.586783E-4
1.558000E-7	2.706693E-4
1.558500E-7	2.843732E-4
1.559000E-7	2.980771E-4
1.559500E-7	3.271979E-4
1.560000E-7	3.768746E-4
1.560500E-7	4.334033E-4
1.561000E-7	4.847930E-4
1.561500E-7	5.344697E-4
1.562000E-7	5.995633E-4
1.562500E-7	6.766479E-4
1.563000E-7	7.657234E-4
1.563500E-7	8.616508E-4
1.564000E-7	9.370224E-4
1.564500E-7	9.832731E-4
1.565000E-7	1.005542E-3
1.565500E-7	1.002116E-3
1.566000E-7	9.712822E-4
1.566500E-7	9.181795E-4
1.567000E-7	8.393819E-4
1.567500E-7	7.383155E-4
1.568000E-7	6.286842E-4
1.568500E-7	5.378957E-4
1.569000E-7	4.693761E-4
1.569500E-7	3.974305E-4
1.570000E-7	3.220590E-4
1.570500E-7	2.552524E-4
1.571000E-7	1.764548E-4
1.571500E-7	8.052738E-5
1.572000E-7	1.729843E-6
1.572500E-7	-6.165079E-5
1.573000E-7	-1.318834E-4
1.573500E-7	-1.952640E-4
1.574000E-7	-2.243848E-4
1.574500E-7	-2.500797E-4
1.575000E-7	-3.048954E-4
1.575500E-7	-3.682760E-4
1.576000E-7	-4.282306E-4
1.576500E-7	-4.950372E-4
1.577000E-7	-5.481399E-4
1.577500E-7	-5.858257E-4
1.578000E-7	-6.132336E-4
1.578500E-7	-6.149465E-4
1.579000E-7	-5.909647E-4
1.579500E-7	-5.481399E-4
1.580000E-7	-4.830463E-4
1.580500E-7	-3.836929E-4
1.581000E-7	-2.757745E-4
1.581500E-7	-1.678562E-4
1.582000E-7	-3.595594E-5
1.582500E-7	1.096482E-4
1.583000E-7	2.295575E-4
1.583500E-7	3.220590E-4
1.584000E-7	4.179864E-4
1.584500E-7	4.813670E-4
1.585000E-7	4.813670E-4
1.585500E-7	4.556722E-4
1.586000E-7	4.385423E-4
1.586500E-7	4.162734E-4
1.587000E-7	3.700227E-4
1.587500E-7	3.117810E-4
1.588000E-7	2.535394E-4
1.588500E-7	1.970107E-4
1.589000E-7	1.473340E-4
1.589500E-7	1.233521E-4
1.590000E-7	1.302041E-4
1.590500E-7	1.576119E-4
1.591000E-7	1.918717E-4
1.591500E-7	2.227055E-4
1.592000E-7	2.603913E-4
1.592500E-7	2.980771E-4
1.593000E-7	3.237720E-4
1.593500E-7	3.580318E-4
1.594000E-7	4.094215E-4
1.594500E-7	4.590982E-4
1.595000E-7	4.796540E-4
1.595500E-7	5.019229E-4
1.596000E-7	5.361827E-4
1.596500E-7	5.670165E-4
1.597000E-7	5.601646E-4
1.597500E-7	5.276178E-4
1.598000E-7	4.830800E-4
1.598500E-7	4.368293E-4
1.599000E-7	3.717357E-4
1.599500E-7	2.997901E-4
1.600000E-7	2.398354E-4
1.600500E-7	1.952977E-4
1.601000E-7	1.678899E-4
1.601500E-7	1.610379E-4
1.602000E-7	1.713158E-4
1.602500E-7	1.901587E-4
1.603000E-7	2.295575E-4
1.603500E-7	3.032161E-4
1.604000E-7	3.940045E-4
1.604500E-7	4.796540E-4
1.605000E-7	5.413217E-4
1.605500E-7	5.824334E-4
1.606000E-7	6.047023E-4
1.606500E-7	5.978503E-4
1.607000E-7	5.481736E-4
1.607500E-7	4.728021E-4
1.608000E-7	4.008565E-4
1.608500E-7	3.289109E-4
1.609000E-7	2.466874E-4
1.609500E-7	1.935847E-4
1.610000E-7	1.850198E-4
1.610500E-7	2.038627E-4
1.611000E-7	2.261315E-4
1.611500E-7	2.518264E-4
1.612000E-7	2.740952E-4
1.612500E-7	2.826602E-4
1.613000E-7	2.758082E-4
1.613500E-7	2.672433E-4
1.614000E-7	2.449744E-4
1.614500E-7	2.055756E-4
1.615000E-7	1.456210E-4
1.615500E-7	8.395336E-5
1.616000E-7	2.399871E-5
1.616500E-7	-2.910398E-5
1.617000E-7	-7.364172E-5
1.617500E-7	-8.905862E-5
1.618000E-7	-7.878069E-5
1.618500E-7	-6.165079E-5
1.619000E-7	-2.396501E-5
1.619500E-7	4.112861E-5
1.620000E-7	1.199261E-4
1.620500E-7	1.713158E-4
1.621000E-7	1.918717E-4
1.621500E-7	1.952977E-4
1.622000E-7	1.815938E-4
1.622500E-7	1.456210E-4
1.623000E-7	9.937027E-5
1.623500E-7	4.455459E-5
1.624000E-7	-2.225202E-5
1.624500E-7	-7.535471E-5
1.625000E-7	-9.933656E-5
1.625500E-7	-9.077161E-5
1.626000E-7	-3.595594E-5
1.626500E-7	8.395336E-5
1.627000E-7	2.381225E-4
1.627500E-7	4.025695E-4
1.628000E-7	5.738685E-4
1.628500E-7	7.520194E-4
1.629000E-7	9.216054E-4
1.629500E-7	1.060358E-3
1.630000E-7	1.139155E-3
1.630500E-7	1.149433E-3
1.631000E-7	1.108321E-3
1.631500E-7	1.020959E-3
1.632000E-7	8.839197E-4
1.632500E-7	7.109077E-4
1.633000E-7	5.070619E-4
1.633500E-7	2.843732E-4
1.634000E-7	7.024944E-5
1.634500E-7	-1.147535E-4
1.635000E-7	-2.774875E-4
1.635500E-7	-3.922578E-4
1.636000E-7	-4.367956E-4
1.636500E-7	-4.213787E-4
1.637000E-7	-3.665630E-4
1.637500E-7	-2.672096E-4
1.638000E-7	-1.318834E-4
1.638500E-7	2.571170E-5
1.639000E-7	1.970107E-4
1.639500E-7	3.734487E-4
1.640000E-7	5.276178E-4
1.640500E-7	6.441011E-4
1.641000E-7	7.228986E-4
1.641500E-7	7.674364E-4
1.642000E-7	7.777143E-4
1.642500E-7	7.708623E-4
1.643000E-7	7.468805E-4
1.643500E-7	6.937778E-4
1.644000E-7	6.321101E-4
1.644500E-7	5.635905E-4
1.645000E-7	4.608112E-4
1.645500E-7	3.271979E-4
1.646000E-7	2.072886E-4
1.646500E-7	1.216391E-4
1.647000E-7	4.626758E-5
1.647500E-7	-2.225202E-5
1.648000E-7	-7.706770E-5
1.648500E-7	-1.267444E-4
1.649000E-7	-1.695692E-4
1.649500E-7	-1.918380E-4
1.650000E-7	-1.866991E-4
1.650500E-7	-1.712821E-4
1.651000E-7	-1.473003E-4
1.651500E-7	-1.164665E-4
1.652000E-7	-8.220666E-5
1.652500E-7	-5.651182E-5
1.653000E-7	-5.137285E-5
1.653500E-7	-5.651182E-5
1.654000E-7	-6.678976E-5
1.654500E-7	-7.535471E-5
1.655000E-7	-8.563264E-5
1.655500E-7	-9.248460E-5
1.656000E-7	-1.061885E-4
1.656500E-7	-1.216054E-4
1.657000E-7	-1.250314E-4
1.657500E-7	-8.734563E-5
1.658000E-7	-1.026109E-5
1.658500E-7	7.881439E-5
1.659000E-7	1.781678E-4
1.659500E-7	2.946511E-4
1.660000E-7	4.179864E-4
1.660500E-7	5.036359E-4
1.661000E-7	5.378957E-4
1.661500E-7	5.447477E-4
1.662000E-7	5.396087E-4
1.662500E-7	5.019229E-4
1.663000E-7	4.042825E-4
1.663500E-7	2.655303E-4
1.664000E-7	1.096482E-4
1.664500E-7	-3.766893E-5
1.665000E-7	-1.712821E-4
1.665500E-7	-2.689226E-4
1.666000E-7	-3.083213E-4
1.666500E-7	-2.706356E-4
1.667000E-7	-1.866991E-4
1.667500E-7	-9.762357E-5
1.668000E-7	-1.696137E-6
1.668500E-7	1.130742E-4
1.669000E-7	2.192796E-4
1.669500E-7	2.877992E-4
1.670000E-7	3.169200E-4
1.670500E-7	3.237720E-4
1.671000E-7	3.049291E-4
1.671500E-7	2.552524E-4
1.672000E-7	1.884457E-4
1.672500E-7	1.216391E-4
1.673000E-7	7.024944E-5
1.673500E-7	3.427665E-5
1.674000E-7	1.029479E-5
1.674500E-7	1.200778E-5
1.675000E-7	5.311954E-5
1.675500E-7	1.079352E-4
1.676000E-7	1.541859E-4
1.676500E-7	1.901587E-4
1.677000E-7	2.175666E-4
1.677500E-7	2.295575E-4
1.678000E-7	2.227055E-4
1.678500E-7	2.038627E-4
1.679000E-7	1.798808E-4
1.679500E-7	1.541859E-4
1.680000E-7	1.370560E-4
1.680500E-7	1.079352E-4
1.681000E-7	7.024944E-5
1.681500E-7	4.626758E-5
1.682000E-7	3.770263E-5
1.682500E-7	3.085067E-5
1.683000E-7	2.399871E-5
1.683500E-7	3.598964E-5
1.684000E-7	3.770263E-5
1.684500E-7	3.256366E-5
1.685000E-7	4.798057E-5
1.685500E-7	1.010833E-4
1.686000E-7	1.439080E-4
1.686500E-7	1.490470E-4
1.687000E-7	1.541859E-4
1.687500E-7	1.815938E-4
1.688000E-7	2.038627E-4
1.688500E-7	2.038627E-4
1.689000E-7	2.055756E-4
1.689500E-7	2.124276E-4
1.690000E-7	2.141406E-4
1.690500E-7	2.072886E-4
1.691000E-7	1.987237E-4
1.691500E-7	2.004367E-4
1.692000E-7	2.090016E-4
1.692500E-7	2.261315E-4
1.693000E-7	2.723823E-4
1.693500E-7	3.357629E-4
1.694000E-7	3.871526E-4
1.694500E-7	4.248384E-4
1.695000E-7	4.762281E-4
1.695500E-7	5.396087E-4
1.696000E-7	5.653035E-4
1.696500E-7	5.635905E-4
1.697000E-7	5.601646E-4
1.697500E-7	5.327567E-4
1.698000E-7	4.693761E-4
1.698500E-7	3.957175E-4
1.699000E-7	3.254849E-4
1.699500E-7	2.466874E-4
1.700000E-7	1.541859E-4
1.700500E-7	7.538841E-5
1.701000E-7	3.427665E-5
1.701500E-7	3.598964E-5
1.702000E-7	5.311954E-5
1.702500E-7	7.881439E-5
1.703000E-7	1.027963E-4
1.703500E-7	1.147872E-4
1.704000E-7	1.045092E-4
1.704500E-7	8.909233E-5
1.705000E-7	7.024944E-5
1.705500E-7	2.742469E-5
1.706000E-7	-2.053903E-5
1.706500E-7	-3.081697E-5
1.707000E-7	6.868813E-6
1.707500E-7	6.682346E-5
1.708000E-7	1.319171E-4
1.708500E-7	2.175666E-4
1.709000E-7	3.186330E-4
1.709500E-7	4.214124E-4
1.710000E-7	4.984969E-4
1.710500E-7	5.241918E-4
1.711000E-7	5.104879E-4
1.711500E-7	4.779411E-4
1.712000E-7	4.334033E-4
1.712500E-7	3.940045E-4
1.713000E-7	3.614577E-4
1.713500E-7	3.203460E-4
1.714000E-7	2.792342E-4
1.714500E-7	2.672433E-4
1.715000E-7	2.963641E-4
1.715500E-7	3.409019E-4
1.716000E-7	3.751617E-4
1.716500E-7	3.957175E-4
1.717000E-7	4.145604E-4
1.717500E-7	4.316903E-4
1.718000E-7	4.265514E-4
1.718500E-7	3.922916E-4
1.719000E-7	3.357629E-4
1.719500E-7	2.706693E-4
1.720000E-7	1.798808E-4
1.720500E-7	5.825851E-5
1.721000E-7	-6.336378E-5
1.721500E-7	-1.747081E-4
1.722000E-7	-2.894784E-4
1.722500E-7	-3.699890E-4
1.723000E-7	-3.888319E-4
1.723500E-7	-3.477201E-4
1.724000E-7	-2.672096E-4
1.724500E-7	-1.541522E-4
1.725000E-7	-3.081697E-5
1.725500E-7	8.737934E-5
1.726000E-7	1.987237E-4
1.726500E-7	2.723823E-4
1.727000E-7	2.860862E-4
1.727500E-7	2.689563E-4
1.728000E-7	2.466874E-4
1.728500E-7	2.072886E-4
1.729000E-7	1.696029E-4
1.729500E-7	1.661769E-4
1.730000E-7	1.884457E-4
1.730500E-7	2.124276E-4
1.731000E-7	2.364095E-4
1.731500E-7	2.655303E-4
1.732000E-7	3.169200E-4
1.732500E-7	3.871526E-4
1.733000E-7	4.625241E-4
1.733500E-7	5.344697E-4
1.734000E-7	5.961374E-4
1.734500E-7	6.389621E-4
1.735000E-7	6.509530E-4
1.735500E-7	6.543790E-4
1.736000E-7	6.509530E-4
1.736500E-7	6.269712E-4
1.737000E-7	5.841464E-4
1.737500E-7	5.327567E-4
1.738000E-7	4.693761E-4
1.738500E-7	3.837266E-4
1.739000E-7	2.980771E-4
1.739500E-7	2.175666E-4
1.740000E-7	1.096482E-4
1.740500E-7	-2.567800E-5
1.741000E-7	-1.438743E-4
1.741500E-7	-2.295238E-4
1.742000E-7	-2.980434E-4
1.742500E-7	-3.511461E-4
1.743000E-7	-3.614240E-4
1.743500E-7	-3.220253E-4
1.744000E-7	-2.363758E-4
1.744500E-7	-1.250314E-4
1.745000E-7	-1.711305E-5
1.745500E-7	7.367542E-5
1.746000E-7	1.644639E-4
1.746500E-7	2.501134E-4
1.747000E-7	3.220590E-4
1.747500E-7	3.768746E-4
1.748000E-7	4.282643E-4
1.748500E-7	4.471072E-4
1.749000E-7	4.179864E-4
1.749500E-7	3.665967E-4
1.750000E-7	3.083550E-4
1.750500E-7	2.535394E-4
1.751000E-7	2.072886E-4
1.751500E-7	1.798808E-4
1.752000E-7	1.610379E-4
1.752500E-7	1.421950E-4
1.753000E-7	1.370560E-4
1.753500E-7	1.730288E-4
1.754000E-7	2.466874E-4
1.754500E-7	3.134940E-4
1.755000E-7	3.597447E-4
1.755500E-7	3.922916E-4
1.756000E-7	3.957175E-4
1.756500E-7	3.717357E-4
1.757000E-7	3.563188E-4
1.757500E-7	3.511798E-4
1.758000E-7	3.254849E-4
1.758500E-7	2.843732E-4
1.759000E-7	2.535394E-4
1.759500E-7	2.244185E-4
1.760000E-7	1.867328E-4
1.760500E-7	1.319171E-4
1.761000E-7	6.168449E-5
1.761500E-7	-3.081697E-5
1.762000E-7	-1.250314E-4
1.762500E-7	-2.175329E-4
1.763000E-7	-2.894784E-4
1.763500E-7	-3.151733E-4
1.764000E-7	-2.997564E-4
1.764500E-7	-2.569316E-4
1.765000E-7	-1.866991E-4
1.765500E-7	-8.220666E-5
1.766000E-7	4.284160E-5
1.766500E-7	1.713158E-4
1.767000E-7	2.877992E-4
1.767500E-7	3.803006E-4
1.768000E-7	4.385423E-4
1.768500E-7	4.625241E-4
1.769000E-7	4.471072E-4
1.769500E-7	4.025695E-4
1.770000E-7	3.494668E-4
1.770500E-7	2.963641E-4
1.771000E-7	2.552524E-4
1.771500E-7	2.518264E-4
1.772000E-7	2.775212E-4
1.772500E-7	3.032161E-4
1.773000E-7	3.203460E-4
1.773500E-7	3.186330E-4
1.774000E-7	2.929381E-4
1.774500E-7	2.501134E-4
1.775000E-7	2.038627E-4
1.775500E-7	1.558989E-4
1.776000E-7	8.224037E-5
1.776500E-7	-6.835107E-6
1.777000E-7	-8.905862E-5
1.777500E-7	-1.370223E-4
1.778000E-7	-1.455873E-4
1.778500E-7	-1.096145E-4
1.779000E-7	-3.766893E-5
1.779500E-7	5.311954E-5
1.780000E-7	1.353431E-4
1.780500E-7	2.124276E-4
1.781000E-7	2.809472E-4
1.781500E-7	3.254849E-4
1.782000E-7	3.409019E-4
1.782500E-7	3.306239E-4
1.783000E-7	2.929381E-4
1.783500E-7	2.158536E-4
1.784000E-7	1.130742E-4
1.784500E-7	-5.122117E-6
1.785000E-7	-1.335964E-4
1.785500E-7	-2.329498E-4
1.786000E-7	-2.929044E-4
1.786500E-7	-3.477201E-4
1.787000E-7	-4.059618E-4
1.787500E-7	-4.453605E-4
1.788000E-7	-4.419346E-4
1.788500E-7	-4.128137E-4
1.789000E-7	-3.648500E-4
1.789500E-7	-2.997564E-4
1.790000E-7	-2.141069E-4
1.790500E-7	-1.147535E-4
1.791000E-7	6.868813E-6
1.791500E-7	1.353431E-4
1.792000E-7	2.415484E-4
1.792500E-7	3.152070E-4
1.793000E-7	3.751617E-4
1.793500E-7	4.419683E-4
1.794000E-7	5.036359E-4
1.794500E-7	5.464606E-4
1.795000E-7	5.567386E-4
1.795500E-7	5.327567E-4
1.796000E-7	4.762281E-4
1.796500E-7	3.922916E-4
1.797000E-7	2.809472E-4
1.797500E-7	1.490470E-4
1.798000E-7	2.742469E-5
1.798500E-7	-5.822481E-5
1.799000E-7	-9.762357E-5
1.799500E-7	-9.419759E-5
1.800000E-7	-6.165079E-5
1.800500E-7	1.372077E-5
1.801000E-7	1.216391E-4
1.801500E-7	2.449744E-4
1.802000E-7	3.631707E-4
1.802500E-7	4.745151E-4
1.803000E-7	5.584516E-4
1.803500E-7	6.012763E-4
1.804000E-7	5.807204E-4
1.804500E-7	4.745151E-4
1.805000E-7	2.980771E-4
1.805500E-7	1.027963E-4
1.806000E-7	-7.878069E-5
1.806500E-7	-2.243848E-4
1.807000E-7	-3.083213E-4
1.807500E-7	-3.100343E-4
1.808000E-7	-2.483667E-4
1.808500E-7	-1.353094E-4
1.809000E-7	5.825851E-5
1.809500E-7	3.134940E-4
1.810000E-7	5.584516E-4
1.810500E-7	7.468805E-4
1.811000E-7	8.856327E-4
1.811500E-7	9.610042E-4
1.812000E-7	9.558652E-4
1.812500E-7	8.719287E-4
1.813000E-7	7.194726E-4
1.813500E-7	5.378957E-4
1.814000E-7	3.665967E-4
1.814500E-7	2.158536E-4
1.815000E-7	9.765728E-5
1.815500E-7	3.256366E-5
1.816000E-7	1.200778E-5
1.816500E-7	5.155823E-6
1.817000E-7	6.868813E-6
1.817500E-7	1.714675E-5
1.818000E-7	2.228572E-5
1.818500E-7	3.256366E-5
1.819000E-7	7.024944E-5
1.819500E-7	1.387690E-4
1.820000E-7	2.124276E-4
1.820500E-7	2.963641E-4
1.821000E-7	3.957175E-4
1.821500E-7	4.967839E-4
1.822000E-7	5.927114E-4
1.822500E-7	6.869258E-4
1.823000E-7	7.879922E-4
1.823500E-7	8.890586E-4
1.824000E-7	9.541523E-4
1.824500E-7	9.610042E-4
1.825000E-7	9.335964E-4
1.825500E-7	8.804937E-4
1.826000E-7	8.068351E-4
1.826500E-7	7.314636E-4
1.827000E-7	6.817869E-4
1.827500E-7	6.543790E-4
1.828000E-7	6.149802E-4
1.828500E-7	5.704425E-4
1.829000E-7	5.310437E-4
1.829500E-7	4.830800E-4
1.830000E-7	4.368293E-4
1.830500E-7	4.008565E-4
1.831000E-7	3.477538E-4
1.831500E-7	2.501134E-4
1.832000E-7	1.421950E-4
1.832500E-7	4.969356E-5
1.833000E-7	-4.965986E-5
1.833500E-7	-1.627172E-4
1.834000E-7	-2.449407E-4
1.834500E-7	-2.911914E-4
1.835000E-7	-3.168863E-4
1.835500E-7	-3.134603E-4
1.836000E-7	-2.826265E-4
1.836500E-7	-2.432277E-4
1.837000E-7	-1.986900E-4
1.837500E-7	-1.353094E-4
1.838000E-7	-7.535471E-5
1.838500E-7	-2.910398E-5
1.839000E-7	1.200778E-5
1.839500E-7	4.284160E-5
1.840000E-7	5.654552E-5
1.840500E-7	6.168449E-5
1.841000E-7	5.654552E-5
1.841500E-7	2.571170E-5
1.842000E-7	-3.424295E-5
1.842500E-7	-9.933656E-5
1.843000E-7	-1.421613E-4
1.843500E-7	-1.438743E-4
1.844000E-7	-1.318834E-4
1.844500E-7	-1.233184E-4
1.845000E-7	-9.933656E-5
1.845500E-7	-6.165079E-5
1.846000E-7	-4.109491E-5
1.846500E-7	-4.109491E-5
1.847000E-7	-3.938192E-5
1.847500E-7	-5.651182E-5
1.848000E-7	-1.130405E-4
1.848500E-7	-1.798471E-4
1.849000E-7	-2.260978E-4
1.849500E-7	-2.483667E-4
1.850000E-7	-2.569316E-4
1.850500E-7	-2.569316E-4
1.851000E-7	-2.483667E-4
1.851500E-7	-2.175329E-4
1.852000E-7	-1.661432E-4
1.852500E-7	-1.130405E-4
1.853000E-7	-6.678976E-5
1.853500E-7	-2.053903E-5
1.854000E-7	1.029479E-5
1.854500E-7	2.571170E-5
1.855000E-7	3.256366E-5
1.855500E-7	4.112861E-5
1.856000E-7	6.168449E-5
1.856500E-7	9.423130E-5
1.857000E-7	1.147872E-4
1.857500E-7	1.387690E-4
1.858000E-7	1.918717E-4
1.858500E-7	2.706693E-4
1.859000E-7	3.426148E-4
1.859500E-7	4.214124E-4
1.860000E-7	5.122008E-4
1.860500E-7	5.927114E-4
1.861000E-7	6.406751E-4
1.861500E-7	6.543790E-4
1.862000E-7	6.269712E-4
1.862500E-7	5.755815E-4
1.863000E-7	5.207658E-4
1.863500E-7	4.556722E-4
1.864000E-7	3.631707E-4
1.864500E-7	2.809472E-4
1.865000E-7	2.329835E-4
1.865500E-7	1.935847E-4
1.866000E-7	1.541859E-4
1.866500E-7	1.576119E-4
1.867000E-7	2.107146E-4
1.867500E-7	2.723823E-4
1.868000E-7	3.134940E-4
1.868500E-7	3.409019E-4
1.869000E-7	3.751617E-4
1.869500E-7	3.974305E-4
1.870000E-7	3.734487E-4
1.870500E-7	3.049291E-4
1.871000E-7	2.329835E-4
1.871500E-7	1.713158E-4
1.872000E-7	1.113612E-4
1.872500E-7	7.710140E-5
1.873000E-7	1.079352E-4
1.873500E-7	1.730288E-4
1.874000E-7	2.432614E-4
1.874500E-7	3.357629E-4
1.875000E-7	4.453942E-4
1.875500E-7	5.515996E-4
1.876000E-7	6.509530E-4
1.876500E-7	7.417415E-4
1.877000E-7	7.965572E-4
1.877500E-7	8.222520E-4
1.878000E-7	8.273910E-4
1.878500E-7	7.914182E-4
1.879000E-7	7.057687E-4
1.879500E-7	6.029893E-4
1.880000E-7	5.053489E-4
1.880500E-7	4.248384E-4
1.881000E-7	3.511798E-4
1.881500E-7	2.638173E-4
1.882000E-7	1.730288E-4
1.882500E-7	1.096482E-4
1.883000E-7	7.196243E-5
1.883500E-7	4.455459E-5
1.884000E-7	3.770263E-5
1.884500E-7	3.941562E-5
1.885000E-7	3.598964E-5
1.885500E-7	3.941562E-5
1.886000E-7	3.941562E-5
1.886500E-7	1.729843E-6
1.887000E-7	-5.651182E-5
1.887500E-7	-9.248460E-5
1.888000E-7	-1.267444E-4
1.888500E-7	-1.901250E-4
1.889000E-7	-2.637836E-4
1.889500E-7	-3.357292E-4
1.890000E-7	-4.128137E-4
1.890500E-7	-4.830463E-4
1.891000E-7	-5.241581E-4
1.891500E-7	-5.412880E-4
1.892000E-7	-5.275841E-4
1.892500E-7	-4.590645E-4
1.893000E-7	-3.597110E-4
1.893500E-7	-2.552187E-4
1.894000E-7	-1.507263E-4
1.894500E-7	-4.794687E-5
1.895000E-7	4.626758E-5
1.895500E-7	1.404820E-4
1.896000E-7	2.364095E-4
1.896500E-7	3.220590E-4
1.897000E-7	3.957175E-4
1.897500E-7	4.608112E-4
1.898000E-7	4.933580E-4
1.898500E-7	4.882190E-4
1.899000E-7	4.625241E-4
1.899500E-7	4.196994E-4
1.900000E-7	3.443278E-4
1.900500E-7	2.398354E-4
1.901000E-7	1.439080E-4
1.901500E-7	6.511047E-5
1.902000E-7	-2.053903E-5
1.902500E-7	-1.233184E-4
1.903000E-7	-2.260978E-4
1.903500E-7	-3.134603E-4
1.904000E-7	-3.699890E-4
1.904500E-7	-4.025358E-4
1.905000E-7	-4.316566E-4
1.905500E-7	-4.487865E-4
1.906000E-7	-4.333696E-4
1.906500E-7	-3.956838E-4
1.907000E-7	-3.717020E-4
1.907500E-7	-3.665630E-4
1.908000E-7	-3.597110E-4
1.908500E-7	-3.357292E-4
1.909000E-7	-2.946174E-4
1.909500E-7	-2.466537E-4
1.910000E-7	-1.849861E-4
1.910500E-7	-1.147535E-4
1.911000E-7	-5.308584E-5
1.911500E-7	-1.540006E-5
1.912000E-7	-8.548097E-6
1.912500E-7	-1.540006E-5
1.913000E-7	-2.396501E-5
1.913500E-7	-4.109491E-5
1.914000E-7	-6.336378E-5
1.914500E-7	-6.165079E-5
1.915000E-7	-1.882604E-5
1.915500E-7	3.770263E-5
1.916000E-7	9.594429E-5
1.916500E-7	1.541859E-4
1.917000E-7	1.935847E-4
1.917500E-7	2.004367E-4
1.918000E-7	1.815938E-4
1.918500E-7	1.302041E-4
1.919000E-7	5.654552E-5
1.919500E-7	-1.540006E-5
1.920000E-7	-8.391965E-5
1.920500E-7	-1.610042E-4
1.921000E-7	-2.106809E-4
1.921500E-7	-1.866991E-4
1.922000E-7	-1.027625E-4
1.922500E-7	-8.548097E-6
1.923000E-7	1.096482E-4
1.923500E-7	2.621043E-4
1.924000E-7	4.196994E-4
1.924500E-7	5.670165E-4
1.925000E-7	6.903518E-4
1.925500E-7	7.674364E-4
1.926000E-7	7.931312E-4
1.926500E-7	7.897052E-4
1.927000E-7	7.537324E-4
1.927500E-7	6.766479E-4
1.928000E-7	5.995633E-4
1.928500E-7	5.430347E-4
1.929000E-7	4.779411E-4
1.929500E-7	4.059955E-4
1.930000E-7	3.563188E-4
1.930500E-7	3.511798E-4
1.931000E-7	3.546058E-4
1.931500E-7	3.528928E-4
1.932000E-7	3.494668E-4
1.932500E-7	3.426148E-4
1.933000E-7	3.186330E-4
1.933500E-7	2.758082E-4
1.934000E-7	2.192796E-4
1.934500E-7	1.610379E-4
1.935000E-7	1.199261E-4
1.935500E-7	9.594429E-5
1.936000E-7	7.367542E-5
1.936500E-7	4.455459E-5
1.937000E-7	1.714675E-5
1.937500E-7	-1.696137E-6
1.938000E-7	-1.540006E-5
1.938500E-7	-2.567800E-5
1.939000E-7	-1.540006E-5
1.939500E-7	1.685294E-8
1.940000E-7	8.581803E-6
1.940500E-7	1.714675E-5
1.941000E-7	4.626758E-5
1.941500E-7	9.251831E-5
1.942000E-7	1.421950E-4
1.942500E-7	2.021497E-4
1.943000E-7	2.723823E-4
1.943500E-7	3.220590E-4
1.944000E-7	3.580318E-4
1.944500E-7	3.785876E-4
1.945000E-7	3.837266E-4
1.945500E-7	3.820136E-4
1.946000E-7	3.854396E-4
1.946500E-7	3.871526E-4
1.947000E-7	3.940045E-4
1.947500E-7	4.419683E-4
1.948000E-7	5.190528E-4
1.948500E-7	5.738685E-4
1.949000E-7	6.012763E-4
1.949500E-7	6.321101E-4
1.950000E-7	6.612310E-4
1.950500E-7	6.715089E-4
1.951000E-7	6.749349E-4
1.951500E-7	6.869258E-4
1.952000E-7	6.972038E-4
1.952500E-7	6.886388E-4
1.953000E-7	6.680829E-4
1.953500E-7	6.286842E-4
1.954000E-7	5.721555E-4
1.954500E-7	4.950710E-4
1.955000E-7	4.025695E-4
1.955500E-7	3.117810E-4
1.956000E-7	2.466874E-4
1.956500E-7	1.833068E-4
1.957000E-7	1.062222E-4
1.957500E-7	4.112861E-5
1.958000E-7	1.714675E-5
1.958500E-7	1.372077E-5
1.959000E-7	1.200778E-5
1.959500E-7	1.714675E-5
1.960000E-7	4.112861E-5
1.960500E-7	7.710140E-5
1.961000E-7	1.113612E-4
1.961500E-7	1.370560E-4
1.962000E-7	1.473340E-4
1.962500E-7	1.267781E-4
1.963000E-7	7.881439E-5
1.963500E-7	1.200778E-5
1.964000E-7	-8.049368E-5
1.964500E-7	-2.089679E-4
1.965000E-7	-3.305902E-4
1.965500E-7	-4.162397E-4
1.966000E-7	-4.761944E-4
1.966500E-7	-5.173061E-4
1.967000E-7	-5.361490E-4
1.967500E-7	-5.275841E-4
1.968000E-7	-4.933243E-4
1.968500E-7	-4.367956E-4
1.969000E-7	-3.854059E-4
1.969500E-7	-3.477201E-4
1.970000E-7	-3.048954E-4
1.970500E-7	-2.706356E-4
1.971000E-7	-2.552187E-4
1.971500E-7	-2.312368E-4
1.972000E-7	-1.610042E-4
1.972500E-7	-7.535471E-5
1.973000E-7	3.442833E-6
1.973500E-7	8.909233E-5
1.974000E-7	1.833068E-4
1.974500E-7	2.672433E-4
1.975000E-7	3.271979E-4
1.975500E-7	3.683097E-4
1.976000E-7	4.008565E-4
1.976500E-7	4.265514E-4
1.977000E-7	4.488202E-4
1.977500E-7	4.693761E-4
1.978000E-7	4.865060E-4
1.978500E-7	5.087749E-4
1.979000E-7	5.481736E-4
1.979500E-7	6.012763E-4
1.980000E-7	6.509530E-4
1.980500E-7	6.920648E-4
1.981000E-7	7.109077E-4
1.981500E-7	6.852128E-4
1.982000E-7	6.372491E-4
1.982500E-7	6.012763E-4
1.983000E-7	5.584516E-4
1.983500E-7	4.847930E-4
1.984000E-7	3.957175E-4
1.984500E-7	3.203460E-4
1.985000E-7	2.501134E-4
1.985500E-7	1.987237E-4
1.986000E-7	2.038627E-4
1.986500E-7	2.552524E-4
1.987000E-7	3.220590E-4
1.987500E-7	4.042825E-4
1.988000E-7	4.933580E-4
1.988500E-7	5.635905E-4
1.989000E-7	6.115543E-4
1.989500E-7	6.441011E-4
1.990000E-7	6.492400E-4
1.990500E-7	5.978503E-4
1.991000E-7	5.173398E-4
1.991500E-7	4.453942E-4
1.992000E-7	3.785876E-4
1.992500E-7	2.946511E-4
1.993000E-7	2.227055E-4
1.993500E-7	1.867328E-4
1.994000E-7	1.627509E-4
1.994500E-7	1.370560E-4
1.995000E-7	1.096482E-4
1.995500E-7	8.224037E-5
1.996000E-7	6.511047E-5
1.996500E-7	8.052738E-5
1.997000E-7	1.096482E-4
1.997500E-7	1.507600E-4
1.998000E-7	2.124276E-4
1.998500E-7	2.672433E-4
1.999000E-7	2.895122E-4
1.999500E-7	3.117810E-4
2.000000E-7	3.631707E-4
